1268 2098 15 122.96047430830039 155.74703557312253 142.82608695652172
984 2071 14 123.65989847715736 156.12690355329948 142.8730964467005
1106 2069 33 121.9466984884646 155.01193317422434 141.93476531424025
1204 2058 51 121.2919026991003 154.28990336554483 141.434521826058
1329 2053 51 121.40819726757748 153.8343885371543 141.26591136287905
1426 2051 37 121.3592617007251 153.5557020435069 141.46802900461435
1029 2041 33 121.77486077963405 154.9387430389817 141.91805887032618
1512 2019 33 122.56245027844074 155.21957040572792 142.55926809864758
1073 2009 11 125.08053691275167 157.4429530201342 144.71812080536913
942 2007 51 121.65711429523492 154.77374208597135 141.6781072975675
1122 1996 31 121.46412754650133 154.42604074402126 141.63418954827281
848 1994 36 122.22148978246538 155.32234673698088 142.27686222808174
1589 1987 38 122.84573502722324 155.70840895341803 143.2171808832426
1262 1986 25 123.89703808180536 157.60225669957686 144.56558533145275
1652 1978 16 126.29337539432176 159.22082018927443 146.02523659305993
1411 1977 19 123.71883289124668 156.50397877984085 144.06366047745357
1461 1975 22 122.91115311909263 155.9092627599244 143.67674858223063
1197 1972 28 122.47058823529412 155.73473917869035 143.29189789123197
786 1968 21 123.64461247637051 156.03402646502835 143.37240075614366
1356 1962 27 121.96612296110413 153.38268506900877 141.19447929736512
1301 1953 16 124.48580441640378 157.0788643533123 144.12933753943219
1702 1947 16 126.76340694006309 159.54574132492112 146.7981072555205
1034 1944 51 122.83138953682106 156.8267244251916 143.45751416194602
1519 1940 29 123.8978912319645 157.66481687014428 144.53607103218647
878 1938 21 124.98298676748583 158.4990548204159 144.66918714555766
1247 1930 20 124.14285714285715 158.0952380952381 144.9206349206349
1112 1930 20 124.44671201814059 158.38548752834467 144.3673469387755
1570 1928 16 125.43533123028391 158.93690851735016 145.60883280757096
939 1915 32 123.53764393268379 157.11691762621788 143.5686448184234
1170 1913 27 124.22710163111668 158.67252195734002 145.0953575909661
823 1909 31 123.51195748449956 156.87511071744908 143.3640389725421
1741 1905 30 125.05550049554013 158.71357779980178 145.49355797819624
729 1903 51 123.43085638120627 156.80639786737754 143.28323892035988
1645 1901 50 124.01240694789082 158.01878766394896 144.84331797235023
1440 1893 51 124.07364211929357 158.4518493835388 145.16527824058647
881 1884 21 125.25519848771268 159.124763705104 144.91682419659736
1324 1879 51 124.43352215928024 159.0086637787404 145.23558813728758
1511 1875 11 129.95973154362414 162.18120805369128 148.91946308724832
1558 1873 29 123.66703662597115 157.76803551609322 144.79356270810212
1230 1870 31 123.80513728963685 158.27457927369355 144.9911426040744
1791 1864 22 125.5765595463138 159.0359168241966 146.1701323251418
1104 1863 37 124.93671720500988 160.0731707317073 145.9676994067238
788 1862 12 127.70469798657717 159.70469798657717 146.248322147651
1047 1858 12 127.18791946308724 161.49664429530202 147.6241610738255
995 1859 31 124.39769707705935 158.33126660761735 144.97874224977858
634 1856 32 125.24446412754651 158.6474756421612 145.12754650132862
1747 1848 14 127.05583756345176 160.51269035532994 147.65482233502536
1173 1848 23 123.98531810766721 158.0799347471452 144.69004893964112
927 1846 26 124.96235884567126 158.4065244667503 144.7465495608532
1701 1845 22 123.413988657845 156.7485822306238 144.38374291115312
692 1842 11 130.18791946308724 162.1744966442953 148.39597315436242
1279 1824 12 127.69127516778524 160.61744966442953 147.38255033557047
1382 1820 21 125.47448015122873 159.2608695652174 145.86578449905483
1432 1816 17 127.60252365930599 161.52681388012618 147.391167192429
748 1814 32 125.51727192205492 159.57218777679364 145.80070859167407
844 1811 50 125.42041829138603 159.9932647997164 145.76639489542714
573 1811 27 125.04516938519447 157.98494353826848 144.92095357590966
1741 1810 12 127.70469798657717 160.59060402684563 147.40939597315435
1620 1811 37 125.12524719841792 159.42320369149635 145.7560975609756
1061 1805 27 126.2082810539523 161.8456712672522 147.1831869510665
1010 1804 13 127.7005076142132 162.0203045685279 147.82741116751268
1514 1798 51 125.05231589470176 159.68610463178942 146.20326557814062
675 1795 32 124.50930026572188 158.281665190434 144.8432240921169
1236 1790 31 125.15146147032773 159.72542072630648 146.07617360496013
619 1785 15 126.74703557312252 159.97233201581025 146.0909090909091
1321 1782 33 125.52983293556086 159.3365155131265 145.8560063643596
1808 1782 50 126.31300957107409 160.55193193902872 147.27720666430343
1697 1782 33 124.92283214001591 159.54415274463008 146.46539379474942
1886 1775 22 127.50094517958412 162.35349716446126 148.5406427221172
1142 1770 50 125.73520028358737 160.99858206309818 146.75540588443815
948 1764 51 125.2385871376208 159.81206264578475 145.87670776407865
1585 1761 16 127.7602523659306 161.9116719242902 147.6435331230284
1280 1749 13 128.1725888324873 162.7258883248731 148.02538071065987
1736 1746 12 129.73825503355704 162.01342281879195 149.00671140939596
1634 1744 22 125.7429111531191 160.50472589792062 146.7618147448015
1034 1743 31 125.7732506643047 161.07263064658991 146.9805137289637
707 1742 24 125.72267536704732 160.16639477977162 146.5562805872757
1923 1742 17 127.99053627760252 161.38170347003154 148.13249211356467
879 1741 10 131.86725663716814 163.46902654867256 149.69026548672565
770 1741 32 125.8458813108946 159.6014171833481 145.74313551815766
1410 1739 51 125.33322225924692 160.42452515828057 146.40986337887372
632 1729 31 125.93711248892826 160.04162976085033 146.11603188662534
539 1724 51 125.75941352882373 159.1819393535488 145.64645118293902
838 1723 25 126.4654442877292 160.32299012693935 146.48942172073342
1491 1722 22 126.66729678638941 161.40831758034028 147.3251417769376
1557 1715 30 125.51337958374629 160.26362735381565 146.51139742319128
1088 1714 20 126.65079365079366 162.03174603174602 147.13378684807256
1875 1711 33 125.6499602227526 159.89817024661895 146.3134447096261
1818 1709 16 127.30283911671924 160.7160883280757 147.92429022082018
1768 1708 23 124.65089722675367 159.28711256117455 146.01957585644374
1231 1697 51 125.85071642785738 161.88537154281906 147.3402199266911
1047 1696 12 129.24161073825502 162.38926174496643 148.19463087248323
1611 1695 13 128.75634517766497 163.16243654822333 149.10152284263958
1945 1695 28 127.27857935627081 162.00887902330743 148.28523862375138
1327 1692 31 126.15323294951284 161.53587245349868 147.3454384410983
1135 1693 20 127.33560090702949 162.75510204081633 148.26984126984127
900 1689 32 126.89991142604075 161.96368467670504 147.73959255978744
1689 1683 50 126.04714640198512 161.63771712158808 147.5476781283233
781 1683 14 127.97969543147207 161.4263959390863 147.59898477157358
637 1680 12 129.15436241610738 162.4429530201342 148.751677852349
468 1665 31 125.02037201062888 158.19574844995572 145.29140832595218
709 1662 51 126.28790403198934 160.16861046317894 146.53415528157282
585 1662 17 126.7570977917981 160.71293375394322 146.86750788643533
1552 1659 13 129.86294416243655 163.56345177664974 149.4720812182741
827 1659 31 126.79007971656334 161.38706820194864 147.34278122232064
1080 1653 33 126.7788385043755 162.73587907716788 147.38902147971362
989 1652 50 126.52357320099256 162.11449840482098 147.4487770294222
1895 1651 22 126.52551984877127 161.16824196597355 147.35160680529302
1479 1646 50 126.15597305919887 161.69620701878767 147.27720666430343
1390 1646 28 127.17425083240843 162.6093229744728 147.96115427302996
1161 1641 27 126.53074027603512 162.38770388958594 147.2948557089084
1340 1640 12 129.10738255033556 163.93959731543623 149.3221476510067
625 1637 23 127.84502446982056 161.7716150081566 147.78792822185972
1287 1635 21 126.8015122873346 162.35349716446126 147.5141776937618
537 1635 31 125.348095659876 158.72630646589903 145.2382639503986
424 1635 13 129.9695431472081 162.30456852791878 148.9492385786802
1812 1633 50 125.75824175824175 161.01063452676357 147.0428925912797
1603 1633 32 124.78830823737822 158.99734278122233 145.67493356953057
890 1625 23 127.51386623164764 162.28548123980426 147.91843393148451
777 1621 20 127.6530612244898 161.1746031746032 147.2607709750567
1547 1618 15 128.76284584980237 162.27667984189722 147.65612648221344
1116 1616 11 131.83892617449663 165.24161073825502 151.08053691275168
1980 1612 50 126.13718539524992 161.014888337469 146.9918468628146
1731 1610 23 126.27243066884176 161.15008156606854 147.32300163132138
1049 1606 13 130.8984771573604 165.05583756345177 150.5177664974619
1669 1598 32 126.81842338352524 162.10274579273695 147.9362267493357
1889 1590 29 126.18756936736959 161.57824639289677 147.66592674805773
1408 1588 18 127.6419098143236 162.55702917771882 148.3076923076923
586 1582 31 128.31355181576617 162.85296722763508 148.7289636846767
1227 1581 50 126.78270116979795 163.22616093583835 148.2754342431762
1148 1581 21 126.82230623818526 161.9054820415879 147.3459357277883
1330 1580 38 126.80762250453722 162.81730187537812 148.16091954022988
538 1577 8 134.320987654321 165.17283950617283 152.41975308641975
536 1577 8 134.0 165.0 152.0
665 1576 32 253.33126660761738 134.02480070859167 81.02568644818423
935 1574 33 253.9634049323787 134.52505966587114 80.53937947494033
1622 1571 13 252.50253807106597 137.87817258883248 85.67005076142131
1714 1570 12 129.6778523489933 163.20805369127515 148.95973154362414
467 1568 50 126.84260900389933 160.92414037575327 147.57213753987946
742 1567 33 253.66109785202866 132.3365155131265 80.24105011933175
1011 1566 31 126.79450841452613 162.1984056687334 147.6430469441984
1089 1561 34 254.00556881463802 138.01829753381065 82.15751789976134
393 1559 13 128.95939086294416 162.05076142131978 148.89340101522842
1847 1557 16 126.92744479495268 162.00315457413248 147.97791798107255
1471 1556 25 253.9971791255289 136.6361071932299 82.34978843441466
837 1555 51 254.08763745418196 134.54481839386872 80.36321226257914
1554 1543 53 254.0174509192895 134.86631349330008 80.13804923652228
1972 1538 17 127.13564668769716 161.4826498422713 147.90220820189273
2030 1536 28 127.65260821309656 162.23751387347392 148.78801331853495
1287 1535 16 129.26182965299685 162.9148264984227 148.45741324921136
1414 1533 24 254.0146818923328 134.1778140293638 80.9347471451876
617 1533 22 127.72211720226844 162.07750472589794 148.0491493383743
1774 1531 51 126.04698433855381 161.56181272909032 147.5348217260913
1912 1525 33 125.30310262529834 160.5115354017502 146.71996817820207
549 1519 27 127.05269761606021 161.88080301129233 148.02007528230865
763 1518 13 252.75126903553297 136.07614213197968 85.28426395939086
1667 1507 53 253.87815518853225 134.71019009037082 80.34340916173262
1850 1505 22 127.78260869565217 163.42911153119093 148.8374291115312
391 1503 31 126.91054030115147 160.80425155004428 147.35783879539417
1957 1497 12 128.88590604026845 162.51677852348993 148.7785234899329
622 1497 7 135.55102040816325 165.61224489795916 152.79591836734693
1252 1496 26 254.04516938519447 135.20451693851945 80.71141781681304
438 1492 10 129.1504424778761 161.1946902654867 148.63716814159292
1164 1491 50 254.06628855015953 134.13753987947536 80.1159163417228
939 1489 50 126.94824530308401 162.68911733427862 147.98404820985465
689 1487 51 126.95268243918694 162.12095968010664 147.88737087637455
1998 1485 17 127.41640378548895 162.52996845425866 148.64037854889588
1051 1482 50 126.43530662885502 162.5476781283233 147.60049627791562
488 1481 30 127.66402378592666 162.48959365708623 148.57978196233896
1350 1480 51 254.18560479840053 136.26524491836054 80.99300233255582
1584 1479 11 249.41610738255034 137.4496644295302 90.20805369127517
855 1479 18 253.8806366047745 138.18832891246683 83.60477453580901
1883 1475 15 128.11462450592884 163.16600790513831 149.2173913043478
2055 1470 28 128.34628190899002 163.26526082130965 149.6992230854606
591 1471 27 127.4215809284818 162.7854454203262 148.534504391468
784 1469 33 253.94988066825778 134.3906125696102 80.39299920445505
1461 1464 51 254.20193268910364 135.2095968010663 80.65811396201266
1543 1460 24 253.93800978792822 135.76182707993476 82.76835236541599
539 1458 12 129.03355704697987 163.26845637583892 149.71140939597316
1770 1453 12 128.8523489932886 162.01342281879195 148.78523489932886
1726 1451 21 252.89792060491493 136.78638941398867 83.81474480151229
1821 1450 32 126.63064658990257 162.27369353410097 148.46235606731622
1603 1445 23 129.2756933115824 164.63132137030996 149.45024469820555
1107 1443 6 140.57142857142856 171.24489795918365 156.91836734693877
367 1443 24 127.01794453507341 161.4110929853181 148.23491027732464
831 1441 12 253.20805369127515 139.16107382550337 86.30872483221476
989 1438 11 130.71812080536913 165.38255033557047 150.71140939597316
2016 1438 15 128.8498023715415 163.11067193675888 149.51383399209485
875 1437 20 253.84580498866214 135.58049886621316 82.83219954648526
1870 1435 10 131.0353982300885 163.8849557522124 149.7079646017699
1941 1425 50 126.91563275434243 162.39914923785892 148.22545196738744
437 1424 37 127.47198417930124 162.61766644693472 148.5484508899143
2083 1423 17 129.397476340694 163.36593059936908 150.17665615141956
1752 1420 14 252.27411167512687 139.08629441624365 86.43654822335024
1399 1413 20 253.3922902494331 136.56009070294786 82.87301587301587
1247 1411 50 254.13257710031903 135.76001417936902 80.28890464374335
1431 1410 5 146.41379310344828 171.6551724137931 158.82758620689654
741 1409 33 127.47016706443915 162.9936356404137 148.57438345266507
1074 1407 21 127.22684310018904 162.97164461247638 148.67296786389414
1022 1407 22 127.98865784499056 164.21361058601136 149.06805293005672
1507 1405 15 130.798418972332 165.33596837944663 150.56126482213438
630 1404 37 127.58932102834541 163.50032959789056 148.87475280158205
1325 1404 19 253.9071618037135 136.73474801061008 83.3050397877984
1360 1401 12 252.33557046979865 143.15436241610738 88.44295302013423
1142 1400 37 127.43243243243242 163.28411338167433 148.57284113381672
1806 1397 11 129.27516778523488 163.51006711409394 149.54362416107384
1561 1398 32 127.95748449955714 162.27812223206377 148.0859167404783
898 1396 16 253.54889589905363 139.17981072555204 85.16088328075709
1667 1394 51 127.70376541152949 163.53382205931356 148.96867710763078
954 1388 37 128.21226104152933 164.38101516150294 149.40342781806194
2037 1387 28 127.15649278579356 161.58046614872364 148.05216426193118
689 1386 14 128.51269035532994 163.88832487309642 149.46192893401013
531 1385 51 126.98867044318561 162.70076641119627 148.55348217260914
1855 1384 32 126.98759964570417 162.33215234720993 148.18334809565988
2095 1373 22 127.8374291115312 161.79017013232516 148.4536862003781
829 1371 50 253.78163771712158 133.35412974122653 80.30662885501596
1763 1365 32 127.20637732506644 162.65544729849424 148.20992028343667
1371 1365 21 128.59924385633272 163.48393194706995 148.88846880907371
447 1363 20 127.98639455782313 163.43764172335602 148.80952380952382
595 1359 7 136.59183673469386 168.7142857142857 154.734693877551
365 1357 52 127.52682439186938 162.55114961679442 148.83405531489504
1186 1356 19 128.52519893899205 165.03183023872677 149.9814323607427
1981 1355 21 126.83175803402646 161.20793950850663 147.75992438563327
1453 1353 50 127.40978376462247 163.57745480326125 148.7461892945764
996 1352 8 131.5185185185185 164.18518518518516 150.25925925925924
897 1353 12 252.08053691275168 141.7248322147651 88.98657718120805
1311 1346 32 253.9406554472985 137.14437555358725 81.86713906111603
1051 1345 36 127.33487145682267 164.4614370468029 149.3170731707317
656 1345 20 127.27437641723357 163.64172335600907 149.13151927437642
2017 1336 10 130.7433628318584 163.57522123893804 150.1504424778761
1534 1335 22 127.64272211720227 163.51606805293005 148.82608695652175
925 1336 12 131.0201342281879 164.95973154362414 149.91946308724832
1120 1333 23 127.64274061990213 164.5236541598695 149.46492659053834
1602 1331 31 126.87156775907883 163.22586359610276 148.5615589016829
1238 1331 24 128.16476345840132 164.22185970636215 148.97716150081567
1919 1329 36 127.53065260382333 163.44297956493077 148.99340804218852
730 1317 51 127.56681106297901 164.31422859046984 149.2932355881373
1653 1315 12 128.26174496644296 162.3221476510067 148.4496644295302
1707 1313 33 125.28798727128083 160.93476531424025 147.1081941129674
606 1307 37 126.96769940672378 163.61107448912327 148.62821357943307
1758 1302 12 129.26845637583892 162.18120805369128 148.74496644295303
1373 1302 32 253.8547387068202 136.32860938883968 82.43489813994685
535 1300 21 127.99810964083176 164.3421550094518 149.34404536862004
1985 1300 21 127.94706994328922 163.0907372400756 149.0321361058601
1179 1299 31 127.17271922054917 164.207263064659 148.9512843224092
2072 1293 52 125.86171276241254 160.19126957680774 146.93435521492836
1830 1292 51 125.61379540153283 161.1369543485505 147.40119960013328
877 1291 31 253.8635961027458 136.30115146147034 82.0682019486271
812 1290 21 253.8865784499055 136.2211720226843 84.07372400756144
976 1286 51 127.21326224591803 164.42852382539155 149.0786404531823
455 1285 52 126.85371542819061 162.97534155281573 148.65411529490171
663 1283 12 130.26845637583892 165.93288590604027 151.38926174496643
1492 1278 22 127.3194706994329 162.52362948960302 147.9962192816635
386 1278 9 134.4074074074074 166.88888888888889 153.02469135802468
1557 1271 37 126.26829268292681 161.71720500988792 147.1687541199736
1895 1264 10 128.26548672566372 161.8849557522124 148.61946902654867
335 1264 36 127.86684245220829 163.08899143045483 149.36783124588
1282 1259 51 126.74675108297235 163.87537487504167 148.63945351549484
1091 1258 50 126.60545905707195 164.53704360155973 149.0116979794399
1434 1254 33 253.70087509944312 138.5107398568019 82.84089101034209
1358 1252 12 128.23489932885906 162.3020134228188 148.20805369127515
1944 1251 32 126.00265721877768 161.00974313551816 147.53321523472098
642 1246 23 128.4714518760196 165.42740619902122 150.11908646003263
1159 1245 14 128.13197969543145 164.95939086294416 149.86802030456852
593 1246 16 127.96529968454259 163.9179810725552 149.16403785488959
1740 1243 33 125.80509148766906 161.27844073190136 147.37151949085123
1203 1240 20 126.85034013605443 163.984126984127 148.88662131519274
765 1240 23 127.36378466557912 164.0489396411093 149.25448613376835
1649 1238 51 125.77674108630457 161.18560479840053 147.18027324225258
1513 1238 13 251.88832487309642 141.48223350253807 89.16243654822334
833 1230 32 253.95748449955713 134.64393268379098 81.53675819309123
1025 1229 12 128.88590604026845 164.61073825503357 149.8926174496644
533 1230 38 126.59225650332729 163.39503932244406 148.68481548699336
2007 1226 27 127.44165621079046 161.8306148055207 148.3776662484316
2108 1224 15 127.38735177865611 160.75098814229247 148.17391304347825
907 1224 31 253.60318866253323 135.65899025686448 81.51018600531444
394 1224 23 127.26753670473084 162.6867862969005 148.60195758564439
106 1221 2 161.8 159.60000000000002 163.4
700 1216 33 126.5719968178202 163.6412092283214 148.81543357199683
2333 1215 2 177.4 173.60000000000002 177.4
1807 1212 22 124.14555765595463 157.6540642722117 144.97353497164463
1482 1208 23 253.83686786296903 137.15660685154975 82.71615008156607
1876 1201 36 125.54383651944626 160.6018457481872 147.36585365853657
1933 1198 11 128.81208053691276 161.06040268456377 148.48322147651007
459 1197 28 125.55493895671476 161.14095449500556 147.42841287458378
1232 1193 23 126.43393148450245 163.81239804241437 148.77487765089722
1114 1192 11 130.6241610738255 165.29530201342283 150.59731543624162
1168 1192 31 126.28875110717449 164.1036315323295 148.98139946855625
990 1191 31 126.80779450841453 164.26749335695305 148.859167404783
1289 1189 14 127.37563451776649 163.45685279187816 148.74111675126903
1442 1188 14 127.54822335025379 161.60406091370558 147.49238578680203
1763 1184 17 125.72870662460568 160.97791798107255 147.58359621451103
1369 1185 51 126.08963678773742 162.53915361546152 147.98667110963012
323 1183 34 126.96817820206843 162.46937151949086 148.75338106603024
1710 1178 29 125.2064372918979 160.22419533851277 146.78690344062153
2068 1173 37 124.92419248516808 159.17864205669082 146.27027027027026
1558 1172 53 253.7310688688065 135.0819569959489 80.92489872234341
776 1171 37 127.0309822017139 164.40606460118653 149.0197758734344
613 1170 50 125.53030840127614 162.93406593406593 147.9939737681673
861 1163 31 253.69973427812224 136.5792736935341 82.40478299379983
930 1159 28 253.39178690344062 137.1764705882353 82.67924528301887
399 1160 33 126.52346857597455 162.77326968973748 148.763723150358
1641 1155 23 253.73246329526918 138.51223491027733 83.5089722675367
1208 1156 13 128.39593908629442 165.29949238578678 150.04060913705584
1472 1149 23 128.17128874388254 164.30179445350734 149.40456769983686
453 1148 13 129.4263959390863 163.8730964467005 150.33502538071065
1138 1146 14 127.68020304568527 165.32487309644668 149.37563451776649
515 1146 37 126.0085695451549 163.60580092287407 148.89584706657877
970 1145 11 129.24161073825502 164.81879194630872 148.75838926174495
702 1143 31 126.22054915854739 163.77590788308237 148.71567759078832
1976 1141 53 125.4100966033032 160.09317544406358 146.99002804612027
1885 1140 16 126.82965299684543 162.18296529968453 148.77602523659306
1065 1139 50 126.07656859269763 165.20134704005673 148.97731300957108
2115 1133 13 128.14213197969542 161.74111675126903 149.05076142131978
1736 1133 12 128.95302013422818 161.4228187919463 148.02684563758388
1280 1130 36 127.16611733684904 164.92089650626235 149.2386288727752
994 1119 16 126.05362776025237 163.45741324921136 147.87381703470032
1334 1117 12 129.3020134228188 165.05369127516778 149.36912751677852
1805 1115 51 125.49383538820393 160.78307230923025 146.9893368877041
646 1114 9 131.01234567901233 166.33333333333331 151.35802469135803
1690 1107 34 253.2895783611774 134.79952267303102 81.7104216388226
1420 1106 37 126.29993408042188 162.82003955174685 147.92617007251152
1366 1105 12 129.7248322147651 163.93959731543623 149.1208053691275
858 1104 23 253.18923327895595 137.57585644371943 82.31158238172921
1126 1104 10 130.0353982300885 166.42477876106196 150.61946902654867
1485 1102 17 127.21766561514195 162.88958990536278 148.10094637223975
1617 1099 31 253.57395925597876 136.0859167404783 82.00974313551816
451 1098 24 127.56280587275694 164.50407830342579 149.66394779771616
1191 1090 51 126.84738420526492 165.4751749416861 149.10496501166278
1898 1083 32 125.7971656333038 160.89813994685562 147.3020372010629
1543 1082 28 128.45726970033297 164.2397336293008 149.35294117647058
1737 1080 11 250.95973154362414 143.95973154362414 91.26845637583892
500 1078 22 125.96219281663517 162.9962192816635 148.06994328922497
2068 1075 49 126.12324077596044 161.14340053252187 147.40509699505515
778 1075 50 125.50903934774902 163.58844381425027 148.01736972704714
366 1073 51 126.39853382205932 162.46084638453848 148.4928357214262
931 1071 51 253.0959680106631 136.60446517827393 81.35588137287571
678 1070 37 126.32893869479234 164.76137112722478 149.1021753460778
1263 1068 13 252.47715736040607 139.53807106598984 86.38071065989847
580 1066 50 125.66253101736973 163.38922367954626 148.272952853598
2002 1063 10 130.4070796460177 163.64601769911505 150.1504424778761
1590 1056 14 129.2690355329949 163.82741116751268 149.34010152284262
1023 1052 31 125.93888396811337 164.281665190434 148.32949512843226
1103 1047 37 126.85959129861568 166.5530652603823 149.72445616348054
1704 1047 24 253.15171288743883 136.2740619902121 82.38499184339315
1649 1043 23 253.51712887438828 135.5220228384992 81.75856443719412
1408 1043 18 253.06631299734747 137.46684350132625 84.18832891246684
1958 1042 28 125.20865704772476 160.1620421753607 146.91897891231966
859 1042 19 252.9814323607427 135.66843501326258 83.0
1331 1038 51 253.87004331889372 136.23992002665779 81.18260579806731
1768 1038 29 252.87347391786903 135.42952275249723 82.72253052164262
1838 1028 32 125.75376439326838 160.977856510186 147.1744906997343
514 1028 20 126.60544217687075 163.19274376417235 148.59863945578232
1480 1023 50 125.83374689826303 162.36724565756825 147.61609358383552
445 1020 37 125.78773895847065 162.5385629531971 148.01779828609097
1899 1019 23 125.40619902120719 160.76672104404568 146.97879282218597
2012 1011 23 126.28221859706363 161.19902120717782 147.78955954323
1247 1011 32 253.21523472099204 136.27900797165634 82.0947741364039
1062 1005 13 127.67005076142131 165.01522842639594 149.14213197969542
733 1005 17 252.801261829653 139.10094637223975 85.72239747634069
922 1003 10 250.94690265486724 143.49557522123894 90.38938053097345
825 998 30 127.20911793855302 164.96333002973242 148.98612487611496
1166 991 37 125.8094924192485 164.1364535266974 148.3968358602505
887 992 22 253.13421550094517 138.22873345935727 83.60113421550095
2071 990 27 127.30614805520702 163.04642409033875 149.21455457967377
1740 990 15 252.23715415019763 139.47430830039525 85.98814229249011
965 987 28 253.21198668146505 139.1276359600444 83.46836847946726
771 988 15 252.11857707509878 138.08300395256916 84.95652173913042
1683 986 35 253.20247632920612 136.66059723233795 82.66860888565186
1586 987 50 126.36653668911734 162.78872740163064 148.1499468273662
502 987 13 127.71065989847715 164.12690355329948 149.11167512690355
1022 986 21 126.80340264650283 164.7334593572779 148.6389413988658
1104 985 19 126.6551724137931 165.74801061007958 149.2864721485411
1949 980 27 125.88331242158092 161.66373902132997 147.6022584692597
370 978 37 126.4040870138431 162.66381015161502 148.77323665128543
1395 976 33 253.37231503579955 137.08035003977724 82.38424821002387
654 976 50 126.58170861396668 165.14746543778801 149.32541651896491
1340 974 11 250.98657718120805 141.31543624161074 89.08053691275168
561 972 33 126.84248210023867 164.68575974542563 149.6722354813047
1291 970 23 253.19902120717782 136.36378466557912 82.83686786296902
1791 969 32 252.68556244464128 136.23914968999114 82.51284322409212
1517 968 8 132.14814814814815 164.9012345679012 151.45679012345678
426 961 13 129.20812182741116 165.60913705583755 150.8730964467005
1228 957 16 252.4321766561514 139.50157728706625 84.93059936908517
738 956 22 252.89224952741023 137.90359168241966 83.8374291115312
1449 952 17 127.36908517350157 164.71293375394322 149.50788643533122
1131 946 11 128.96644295302013 164.35570469798657 148.8926174496644
2081 943 11 132.09395973154363 166.53691275167785 152.61744966442953
1876 937 49 126.0376569037657 162.11335108406237 147.9159376188665
854 938 20 127.71428571428572 165.0907029478458 149.0589569160998
916 936 33 253.05250596658712 137.07080350039777 82.53778838504375
1645 933 15 128.39130434782606 163.1581027667984 148.66403162055335
985 931 21 252.83931947069945 140.33648393194707 85.79584120982987
798 927 31 253.2860938883968 138.6430469441984 83.66430469441984
2014 924 49 126.38988208444276 162.5096995055154 148.1065043742868
1339 925 32 253.348095659876 137.088573959256 81.80956598759965
488 919 49 126.01445416508179 163.6203879802206 148.43933054393307
1066 918 50 125.40836582772067 164.476072314782 148.0124069478908
601 917 23 126.56117455138663 165.2936378466558 149.61011419249593
1511 915 36 126.24983520105471 163.31839156229398 148.13513513513513
1269 913 29 253.0110987791343 137.6281908990011 82.87125416204218
557 912 9 131.69135802469134 165.93827160493825 151.4074074074074
739 912 12 130.82550335570468 167.48322147651007 151.71812080536913
1802 907 20 251.98185941043084 136.69387755102042 83.4421768707483
1942 906 14 127.42131979695431 162.43654822335023 148.73604060913704
1576 905 16 128.58675078864354 164.57097791798105 149.60567823343848
1722 904 53 253.27454035525085 136.30850732315363 81.9460891243378
962 903 12 251.53691275167785 143.13422818791946 89.09395973154362
700 901 22 126.82230623818526 164.89413988657844 149.44045368620039
394 899 37 126.0533948582729 162.8602504943968 148.37837837837836
1182 893 51 125.68977007664112 164.86371209596803 148.01932689103631
2068 885 8 135.20987654320987 168.39506172839506 155.45679012345678
1418 883 50 126.40552995391705 163.91634172279333 148.2318326834456
1628 876 32 127.6430469441984 164.06111603188663 149.03011514614704
856 871 31 253.20460584588133 137.89282550930028 82.86182462356068
1884 869 12 130.6510067114094 166.11409395973155 151.03355704697987
1976 866 9 132.02469135802468 165.80246913580245 152.11111111111111
639 866 34 126.66984884645983 164.9307875894988 148.9546539379475
928 865 32 253.2488928255093 137.10008857395925 81.93091231178033
2049 863 13 129.16243654822335 164.3197969543147 150.25380710659897
1250 863 12 250.6442953020134 140.26845637583892 87.30872483221476
1836 860 20 127.38548752834467 163.30385487528346 148.76190476190476
1481 860 11 130.45637583892616 165.88590604026845 150.5503355704698
996 860 29 253.1609322974473 138.58379578246394 82.8801331853496
560 855 37 125.79960448253131 163.64337508239947 148.36321687541198
1932 854 26 126.85570890840651 163.6624843161857 148.83437892095355
1788 855 24 252.53181076672107 139.20554649265907 84.80750407830342
765 844 49 125.9844047166223 164.50437428680107 148.3723849372385
495 842 21 125.45746691871456 163.28166351606805 148.19470699432893
1049 840 19 126.21220159151193 164.58355437665782 148.13793103448276
1877 836 16 128.14826498422713 163.84542586750788 149.34384858044163
1313 835 53 253.06855718292303 138.0174509192895 82.55936428794017
1109 836 32 125.80336581045174 165.5394154118689 148.50044286979627
1681 833 23 253.02936378466558 137.78955954323 83.99184339314846
1546 828 50 126.84509039347749 164.23750443105283 148.71428571428572
2007 828 32 126.71744906997343 162.71036315323295 148.46324180690877
1161 824 10 131.5132743362832 169.53982300884957 152.1946902654867
430 824 37 125.7448912326961 163.61898483849703 148.30257086354646
680 822 20 127.00453514739229 165.47392290249434 149.59410430839003
1625 820 16 130.02208201892745 165.70031545741324 150.40694006309147
886 818 23 253.05872756933118 139.79445350734096 83.84176182707994
1406 817 11 130.0268456375839 164.7785234899329 149.48322147651007
1024 813 12 250.31543624161074 142.75838926174495 89.48993288590604
1222 809 32 125.05580159433127 164.52701505757307 148.0177147918512
1957 807 13 127.80203045685278 162.71065989847713 148.56345177664974
1738 803 34 252.92919649960223 137.17979315831346 82.84248210023867
1065 804 12 128.95302013422818 167.53691275167785 150.81879194630872
833 803 18 127.44297082228115 165.46949602122015 149.05305039787797
1457 800 32 125.81133746678476 163.0992028343667 147.96191319751992
536 799 15 126.79446640316205 164.18577075098813 148.77075098814228
485 798 16 126.46056782334385 164.0441640378549 147.73817034700315
1910 796 25 126.03102961918195 162.45133991537375 147.93511988716503
1380 795 17 253.15457413249212 140.4794952681388 85.397476340694
1165 788 16 126.46687697160883 165.93375394321765 148.83596214511041
711 782 23 127.43882544861339 166.0 149.5220228384992
1829 781 50 126.25841900035448 162.6295639844027 148.07125132931586
1594 779 12 251.53020134228188 140.8993288590604 87.57718120805369
963 779 50 253.00992555831266 137.36511875221552 81.78092874867069
1036 773 15 251.40316205533594 142.04347826086956 87.82213438735177
1506 769 11 131.50335570469798 166.40268456375838 151.27516778523488
1979 768 22 127.70321361058602 164.45935727788282 149.44801512287336
613 766 50 125.85785182559376 164.38284296348812 148.44771357674583
1346 762 18 252.40318302387266 138.43766578249335 84.53315649867373
441 761 16 127.24605678233438 164.9211356466877 149.6876971608833
1286 760 16 127.09463722397476 165.6750788643533 148.92744479495266
870 759 28 126.79245283018868 165.96892341842397 149.47613762486128
1235 756 14 125.8477157360406 163.7969543147208 147.67005076142132
1659 753 53 253.2848239326893 135.6849485821128 81.9164848862574
796 753 35 126.05753823743628 164.714493809177 148.44209759650403
1408 746 34 252.8862370723946 137.60779634049325 82.61177406523468
681 745 13 128.05076142131978 165.52791878172587 150.18781725888323
1103 742 49 125.31190566755421 165.3343476607075 148.0228223659186
1730 741 16 251.788643533123 141.5583596214511 87.35646687697161
1563 738 33 253.27128082736675 137.72951471758154 83.43277645186953
1186 735 28 125.08102108768036 164.99001109877915 147.99112097669257
508 730 50 125.0443105281815 162.88904643743354 147.46969159872387
726 727 23 126.7047308319739 165.46003262642742 149.20391517128874
1859 723 8 133.34567901234567 165.46913580246914 151.87654320987653
1483 723 33 253.08750994431188 137.65155131264916 82.81463802704853
1770 714 25 126.06205923836389 162.1805359661495 147.73342736248236
1023 713 28 253.10210876803552 140.66037735849056 83.6914539400666
574 714 10 130.61946902654867 166.1150442477876 151.26548672566372
1926 713 49 125.6124001521491 161.9992392544694 147.5131228604032
1341 711 22 126.49338374291116 165.37240075614366 148.8374291115312
970 709 12 250.84563758389262 137.78523489932886 85.74496644295301
1155 708 6 140.79591836734693 174.81632653061223 158.20408163265304
1721 700 11 129.68456375838926 163.4295302013423 148.6778523489933
841 698 22 126.26465028355388 165.36862003780718 148.78449905482043
908 697 35 126.03131828113621 165.02403495994173 148.3903860160233
1606 694 18 252.44827586206895 138.04509283819627 84.6737400530504
1540 690 14 252.90862944162436 141.18274111675126 88.1725888324873
1261 689 50 124.60404112017015 163.97695852534562 147.58560794044666
668 690 32 124.82373782108061 162.94242692648362 147.4871567759079
1828 684 32 125.6058458813109 162.13551815766166 147.57218777679364
1687 683 17 129.06940063091483 165.0378548895899 149.95268138801262
1115 680 7 132.89795918367346 168.0816326530612 151.46938775510202
1328 669 12 128.36912751677852 165.49664429530202 149.88590604026845
595 667 33 125.37072394590295 164.0763723150358 148.3898170246619
977 663 30 125.34985133795837 164.18235877106045 147.607532210109
1163 660 37 125.04021094264996 164.9887936717205 148.00329597890573
771 659 50 125.18149592343141 164.30591988656505 148.00177242112727
1568 652 23 126.92822185970637 164.66394779771616 149.0799347471452
1638 649 33 126.45425616547335 163.59427207637233 148.3587907716786
1398 649 50 125.15703651187522 163.8716767103864 147.79298121233606
1501 645 34 126.22036595067622 164.00875099443118 148.31821797931585
1214 643 8 132.30864197530863 168.06172839506172 152.35802469135803
534 644 24 125.35725938009789 162.96411092985318 147.87601957585645
899 642 12 129.93288590604027 168.26845637583892 151.85906040268455
697 642 16 126.48580441640378 164.81703470031545 148.5646687697161
1891 639 23 127.12724306688418 164.12724306688418 149.59706362153344
1069 637 50 125.1180432470755 165.2662176533144 148.26479971641263
851 635 28 126.06326304106548 165.11098779134295 148.50832408435073
647 632 18 126.6604774535809 164.81962864721484 149.04244031830237
1746 629 51 125.67477507497502 162.76807730756414 147.79973342219262
1680 623 7 134.20408163265304 167.16326530612244 152.42857142857142
1313 609 37 125.32498352010546 164.90705339485825 148.13974950560316
1237 609 22 125.28733459357278 165.0132325141777 147.96975425330814
1837 607 33 126.17899761336515 163.16070007955452 148.20047732696898
1004 606 12 126.7718120805369 165.81208053691276 149.18791946308724
1190 604 14 128.94416243654823 167.84263959390861 150.89340101522842
759 592 10 129.67256637168143 165.61946902654867 150.2212389380531
597 591 32 125.35075287865368 163.25420726306467 147.5305580159433
1140 590 22 125.1077504725898 164.11342155009453 147.47448015122873
1504 588 9 130.04938271604937 164.7530864197531 149.5432098765432
937 583 51 124.8223925358214 164.42519160279906 147.69210263245586
1793 578 14 127.20812182741116 164.05583756345177 149.33502538071065
1265 579 9 131.50617283950618 168.0 151.69135802469134
863 578 14 126.76142131979694 164.5431472081218 148.03045685279187
1662 573 33 125.05330151153541 162.05568814638028 147.24661893396978
1452 570 35 124.68827385287692 162.68900218499635 147.23306627822288
1089 571 11 128.33557046979865 166.16107382550337 150.00671140939596
694 570 51 124.79706764411863 163.19993335554815 147.217260913029
1376 569 24 125.6884176182708 164.68841761827082 148.2805872756933
1574 565 51 125.30489836721094 163.23592135954684 147.69643452182606
806 564 36 125.21160184574818 163.88727752142384 147.75543836519446
1717 555 17 125.88643533123027 162.68454258675078 148.1167192429022
1825 554 17 127.06624605678233 164.18611987381703 148.6372239747634
1032 549 37 124.75411997363216 164.24719841793012 147.36255767963084
1502 548 14 126.746192893401 164.11167512690355 148.0659898477157
626 540 14 125.41624365482232 161.7208121827411 146.50253807106597
1769 532 32 124.4844995571302 161.3418954827281 146.89282550930028
1217 531 51 124.26791069643453 163.59180273242254 147.04298567144286
867 531 22 124.77126654064273 163.2703213610586 147.36294896030248
1120 529 35 124.37436270939548 163.85506190823017 147.0830298616169
1314 528 37 124.8121292023731 164.23401450230716 147.93210283454184
975 524 13 126.78172588832486 164.4467005076142 148.05076142131978
919 508 22 124.74669187145558 163.75425330812854 147.55954631379961
827 507 14 125.6446700507614 163.28934010152284 147.35532994923858
1059 503 8 130.60493827160494 166.14814814814815 150.39506172839506
1610 500 17 125.08201892744479 162.397476340694 147.22397476340694
1558 499 10 129.1504424778761 164.72566371681415 149.78761061946904
682 492 22 122.88468809073724 159.22684310018903 144.9319470699433
1399 489 51 124.06731089636789 163.07930689770077 147.2372542485838
1505 486 38 124.57592256503328 163.1252268602541 147.61403508771932
1689 484 51 124.2379206931023 161.16027990669778 146.87170943018995
762 476 49 121.97337390642831 158.98782807151008 144.35640928109547
987 471 35 123.73852876911873 162.57465404224328 146.55353241077933
925 470 9 126.55555555555554 163.41975308641975 147.82716049382717
1335 467 8 131.1851851851852 167.06172839506172 150.8395061728395
872 462 36 124.25049439683585 162.87607119314436 146.95912986156887
1615 460 14 124.497461928934 160.93401015228426 146.93908629441623
1232 459 16 125.0788643533123 162.85173501577287 147.19873817034699
1564 457 24 124.31158238172921 161.2952691680261 146.66557911908646
1290 457 32 123.42072630646591 162.10983170947742 146.18689105403013
1170 454 33 124.24900556881464 162.82895783611775 147.02704852824186
1079 440 50 123.96100673520029 163.07940446650124 146.83197447713576
1453 438 16 125.14195583596214 163.2807570977918 147.82649842271292
931 436 20 124.36281179138322 162.57142857142858 146.92290249433108
814 419 22 125.3289224952741 163.04347826086956 147.296786389414
1342 417 23 123.0 160.69820554649266 145.68352365415987
1609 414 26 124.4930991217064 161.038895859473 146.36010037641154
1289 409 9 128.1358024691358 163.49382716049382 148.50617283950618
1236 408 27 123.9422835633626 162.13801756587202 146.534504391468
853 398 14 125.11675126903552 162.34010152284262 147.243654822335
1514 391 51 122.97567477507498 159.87937354215262 145.20793068977008
1410 392 36 123.05800922874093 160.39551746868818 145.55042847725773
1170 386 28 123.19866814650389 160.82463928967815 145.7058823529412
901 386 28 122.34739178690344 159.12430632630412 144.48945615982242
1121 380 14 125.09137055837563 162.52791878172587 146.88324873096445
988 376 51 122.29223592135955 160.01566144618462 144.89536821059647
1356 370 9 126.62962962962962 162.39506172839506 147.59259259259258
1074 347 32 122.2356067316209 159.5376439326838 144.91939769707707
1296 343 50 122.85820630981921 160.35909252038283 145.39950372208438
1445 338 22 123.46691871455577 160.13799621928166 145.28922495274102
1207 329 28 122.62264150943396 159.3984461709212 145.0177580466149
1142 328 21 122.84499054820417 159.6880907372401 145.19092627599244
1378 327 26 123.34253450439147 160.4454203262233 145.59849435382685
1214 92 2 132.20000000000002 132.0 131.4
