1158 2301 3 155.92307692307693 154.92307692307693 155.15384615384616
1164 2300 5 156.86206896551724 154.06896551724137 153.0344827586207
1156 2295 2 146.4 138.20000000000002 133.0
1288 2105 13 141.13197969543145 175.5431472081218 145.25380710659897
1212 2095 21 127.71266540642722 134.9508506616257 96.9773156899811
1070 2081 25 177.2101551480959 180.4132581100141 121.44146685472496
1346 2080 39 139.41863278886873 174.8971566848155 143.55172413793105
1016 2076 26 129.03638644918442 136.02509410288582 97.15307402760351
1435 2073 34 129.587907716786 136.04295942720765 97.1678599840891
1149 2073 39 128.19721718088326 135.0181488203267 96.46521476104054
933 2073 19 140.395225464191 149.41379310344826 104.26525198938991
1255 2056 33 114.17104216388226 157.27844073190136 148.55210819411298
1047 2046 17 177.87381703470032 181.00315457413248 121.08201892744479
1085 2040 17 176.82018927444796 180.04731861198738 120.12618296529968
1197 2037 21 139.62003780718337 148.51039697542532 103.0359168241966
1501 2036 38 140.58983666061707 148.63339382940111 102.7047791893527
879 2030 40 113.1952035694367 155.29168990518684 146.66313441160068
1386 2024 24 178.2479608482871 181.23654159869494 122.00815660685156
982 2024 34 129.37072394590294 136.43357199681782 97.1296738265712
1126 2018 13 180.2233502538071 182.39086294416242 124.99999999999999
1584 2016 30 127.98116947472745 134.1526263627354 95.8424182358771
1442 2014 23 129.77487765089722 135.97063621533442 97.34420880913541
1040 2003 18 142.6498673740053 150.9230769230769 105.27586206896551
1088 1994 26 139.43161856963613 148.0677540777917 102.62860727728983
883 1988 11 113.85906040268456 134.8993288590604 113.56375838926174
1153 1987 24 179.4747145187602 182.40130505709627 122.05383360522023
1311 1986 52 140.4665111629457 148.74108630456516 103.325224925025
929 1984 17 140.37223974763407 175.0347003154574 144.36908517350156
1219 1978 32 114.24712134632418 157.26306465899026 148.58281665190435
803 1976 47 140.59804321239298 175.9315124337546 144.30289441500204
1635 1975 32 141.04074402125775 175.72542072630648 144.97431355181578
1534 1974 23 178.6851549755302 180.74388254486135 122.5725938009788
1407 1970 25 130.42595204513398 136.30465444287728 98.1904090267983
886 1967 22 126.07939508506617 132.71833648393195 95.09262759924385
1087 1965 9 135.41975308641975 142.7530864197531 101.66666666666666
1465 1964 33 181.6881463802705 183.39936356404138 123.43834526650757
718 1961 27 138.55457967377666 147.2208281053952 101.74153074027603
1698 1954 23 113.94127243066885 157.1778140293638 149.20065252854812
1182 1946 15 128.96047430830038 135.53754940711462 97.7588932806324
1009 1947 39 179.21052631578948 181.810647307925 121.84029038112524
1086 1942 20 141.47845804988663 150.16780045351473 103.7437641723356
681 1940 17 128.56782334384857 134.95268138801262 96.99369085173501
1133 1931 22 179.52551984877127 181.9867674858223 122.23251417769376
932 1921 31 113.05580159433127 155.9672276350753 147.4340124003543
1502 1918 17 142.20820189274448 149.94006309148264 104.8359621451104
1310 1918 9 184.06172839506172 186.4320987654321 128.87654320987653
1250 1913 34 140.28560063643596 149.2450278440732 103.15910898965792
1217 1908 13 125.6446700507614 132.5177664974619 92.64974619289339
852 1908 33 138.87271280827366 147.5863166268894 102.12490055688147
1578 1907 42 129.75828658847527 135.98827129015808 97.33299337072923
777 1905 20 130.40589569160997 136.4671201814059 98.54195011337869
1194 1904 25 128.90267983074753 135.3511988716502 96.47390691114245
715 1904 23 179.19738988580752 181.28221859706363 121.64437194127244
1384 1901 40 130.91745677635248 136.91243725599554 97.96765197992192
1773 1899 42 179.9622641509434 182.0703722590515 123.44314125446202
640 1890 39 130.32970356926802 136.67392619479736 98.12462189957654
1455 1889 33 141.07478122513922 149.2458233890215 103.8782816229117
1136 1887 16 140.2681388012618 148.46056782334384 103.25552050473186
1318 1879 24 129.99347471451875 136.36704730831974 97.16802610114193
979 1875 29 180.6503884572697 182.9855715871254 122.80688124306326
1671 1874 51 113.82439186937688 157.38887037654115 149.1669443518827
1521 1867 20 130.91156462585033 136.61678004535148 98.76643990929705
1842 1865 18 129.9098143236074 135.6525198938992 98.16976127320955
1225 1865 17 179.42271293375393 182.63406940063092 122.12302839116718
1076 1863 53 130.01838578996572 136.634153942038 97.21003427859146
912 1863 26 114.15056461731493 156.67126725219572 148.18946047678796
1268 1856 16 143.6876971608833 151.33438485804416 104.98107255520505
864 1854 15 180.61264822134387 182.55335968379444 123.60079051383399
1348 1849 14 180.5177664974619 182.7969543147208 123.29949238578679
803 1848 37 179.72445616348054 182.10481212920237 121.93869479235332
1408 1845 18 180.2758620689655 182.6259946949602 123.39257294429707
582 1840 26 179.89460476787954 181.36260978670012 122.36637390213299
1170 1837 37 181.4264996704021 183.9802241265656 122.52537903757415
714 1836 39 141.21476104053238 149.34119782214157 104.1209921355112
1807 1834 22 141.4593572778828 149.83553875236296 103.89224952741021
1759 1828 24 130.38988580750407 136.70799347471453 98.50570962479608
1597 1829 34 129.12728719172634 135.85839299920445 97.44789180588704
1465 1826 24 130.7716150081566 136.7389885807504 98.13866231647636
1011 1822 19 129.6206896551724 135.3899204244032 97.22015915119363
651 1822 21 130.33081285444234 136.69754253308128 97.78260869565217
1853 1821 20 141.85260770975057 150.04308390022675 104.96371882086169
1242 1817 22 140.97542533081287 176.18336483931947 144.79395085066162
1513 1812 27 179.9711417816813 181.9861982434128 122.98870765370137
1378 1812 22 129.95274102079395 136.1398865784499 97.48015122873346
1308 1811 28 113.14761376248613 156.29411764705884 148.35738068812432
954 1811 29 139.08435072142063 174.0976692563818 142.85127635960043
522 1810 17 140.76340694006308 147.96529968454257 104.36908517350157
1796 1802 17 130.02523659305993 136.5583596214511 99.1577287066246
1645 1799 25 140.13963328631877 148.94922425952046 103.90267983074753
879 1799 39 129.38838475499094 135.70659407138538 96.6908650937689
763 1789 21 182.27788279773156 184.24574669187146 123.66162570888469
612 1790 19 142.3103448275862 149.52785145888595 104.80901856763926
817 1787 18 130.9230769230769 136.6366047745358 98.19893899204243
570 1785 22 132.27221172022684 137.68998109640833 99.34026465028356
1415 1784 25 140.35401974612128 149.01833568406207 104.40056417489421
1555 1783 16 180.47318611987382 183.04731861198738 123.98422712933754
1031 1782 26 140.4077791718946 148.46675031367627 103.23086574654955
1707 1780 32 179.10097431355183 181.6209034543844 122.36315323294951
656 1777 19 181.3580901856764 183.25464190981432 123.86737400530504
1272 1777 19 130.49071618037135 136.68435013262598 97.63395225464191
1827 1775 22 181.937618147448 183.99810964083176 124.83931947069944
1469 1774 20 116.00907029478458 160.41496598639455 151.58503401360545
983 1774 16 140.41640378548897 148.9148264984227 103.5173501577287
1105 1773 37 180.38628872775212 182.83520105471322 122.63282794990111
710 1773 17 130.79179810725552 135.86119873817034 98.17981072555204
1216 1772 22 140.7069943289225 149.33648393194707 103.29300567107751
1175 1770 18 130.87798408488064 137.026525198939 98.78249336870026
1894 1768 37 179.13974950560316 181.72050098879365 123.29795649307843
1772 1761 27 140.68381430363863 148.90338770388956 103.05646173149309
514 1751 33 178.89896579156724 180.58313444709626 121.89896579156724
1349 1747 39 181.14095583787056 183.30973986690867 123.21839080459772
1522 1745 26 141.05395232120452 175.91969887076536 145.41781681304892
1585 1740 30 140.74529236868187 149.55401387512387 104.01684836471755
1055 1739 15 143.38735177865613 151.098814229249 105.85375494071145
1943 1736 16 178.49842271293375 180.15457413249212 123.08832807570978
1284 1735 18 180.2970822281167 182.6021220159151 122.01591511936338
932 1735 40 180.32292247629672 182.33519241494702 122.16452872281094
459 1734 17 178.61829652996846 179.7097791798107 121.93059936908517
1660 1733 30 128.70267591674926 135.4380574826561 96.61149653121903
1008 1733 23 179.36215334420882 181.56443719412727 121.51876019575857
741 1729 34 180.61734287987272 182.49323786793954 122.63882259347653
677 1729 21 139.20793950850663 147.30245746691872 102.48771266540643
1244 1725 18 131.23076923076923 136.76657824933687 98.77453580901856
597 1725 37 141.45550428477256 148.9887936717205 103.79630850362557
1715 1724 18 178.05305039787797 181.0212201591512 122.46949602122015
1844 1713 31 130.21966341895484 136.70593445527015 98.533215234721
1183 1712 33 131.14797136038186 137.71996817820207 98.54653937947495
1973 1706 13 140.34010152284262 172.98477157360404 144.43147208121826
833 1706 50 112.95781637717121 155.21800779865296 147.0545905707196
1043 1704 16 181.89274447949526 183.40694006309147 123.73817034700315
979 1703 12 179.78523489932886 182.01342281879195 123.93959731543625
1445 1701 51 139.21392869043652 174.65178273908697 143.97134288570476
538 1697 17 129.82334384858044 135.42271293375393 98.02523659305993
1315 1693 18 202.14854111405833 166.289124668435 128.83554376657824
1110 1692 37 129.9426499670402 136.73038892551085 97.74423203691495
1768 1688 35 112.81427530954116 156.2286962855062 148.18062636562274
1004 1685 16 140.9179810725552 148.56151419558358 104.39116719242902
709 1683 16 179.5930599369085 181.05678233438485 122.96529968454259
1918 1682 41 129.54513003569608 136.35645079041305 98.03212646608874
1616 1683 27 140.57967377666247 149.51066499372646 103.69259723964868
696 1683 12 152.45637583892616 154.27516778523488 106.26845637583892
1216 1681 10 182.35398230088495 184.13274336283186 126.43362831858407
1590 1680 13 127.17766497461928 134.4010152284264 94.57868020304568
1367 1679 23 211.69004893964112 158.76672104404568 117.54975530179446
1263 1678 31 184.31000885739593 137.9317980513729 108.90434012400354
663 1678 33 130.52187748607798 136.502784407319 98.15672235481306
917 1677 12 144.4496644295302 150.75838926174495 107.34228187919463
1551 1674 39 130.45856019358743 137.14942528735634 98.26013309134908
1147 1673 10 165.10619469026548 168.1769911504425 115.95575221238938
475 1672 41 129.47016828148904 135.2733299337073 96.9724630290668
1689 1666 38 142.01270417422867 150.78765880217787 105.71264367816093
1859 1659 10 141.1858407079646 173.76106194690266 144.95575221238937
1817 1658 17 144.3249211356467 152.62776025236593 107.33438485804416
1980 1656 29 139.5982241953385 148.52386237513875 103.59711431742508
888 1656 16 181.5583596214511 183.16719242902207 124.24290220820188
1044 1652 22 113.13232514177695 156.20982986767487 147.69376181474482
968 1648 34 129.66666666666669 136.3373110580748 97.05250596658712
1322 1647 19 139.3315649867374 174.69761273209548 143.75862068965517
757 1643 41 210.2131565527792 156.9398266190719 115.84089750127487
405 1641 19 178.76392572944297 180.54907161803712 122.36870026525199
1592 1640 15 142.33201581027666 150.23715415019763 105.83003952569169
758 1640 41 210.0 157.0 116.0
1636 1637 16 141.7097791798107 150.18296529968453 105.82018927444794
570 1632 54 179.48021190401994 181.5073231536304 122.09255219694609
827 1630 23 186.4747145187602 139.86623164763458 110.43230016313214
1115 1630 22 201.27788279773156 165.04347826086956 127.38185255198488
1260 1627 8 144.06172839506172 176.41975308641975 146.17283950617283
1431 1625 18 201.47214854111405 165.70822281167108 128.11671087533156
650 1624 14 131.59390862944161 136.97969543147207 100.64467005076142
1017 1623 13 142.1472081218274 176.62944162436546 145.41116751269035
1486 1618 27 114.60225846925971 158.4203262233375 149.79171894604767
1868 1618 24 141.08646003262643 175.89070146818923 145.7373572593801
1193 1616 50 202.02587734845798 166.18114143920596 128.01985111662532
694 1616 23 139.2740619902121 173.8352365415987 142.86623164763458
1931 1615 29 178.60710321864596 182.17425083240843 123.29411764705883
2026 1608 19 179.53050397877982 182.24137931034483 123.87533156498674
1370 1608 37 185.4785761371127 138.80026367831246 109.57547791694132
1984 1607 13 115.30456852791878 156.2233502538071 148.16751269035532
1552 1604 24 129.12234910277326 136.13866231647634 97.1468189233279
491 1604 24 131.39967373572594 136.8352365415987 99.51876019575857
441 1602 19 129.46153846153845 135.23607427055703 96.62599469496021
1061 1599 29 185.72253052164262 138.92674805771367 109.51831298557158
889 1595 40 185.66982710540995 138.6999442275516 109.09369771332962
798 1594 13 201.88324873096445 165.9035532994924 128.9746192893401
1780 1594 51 140.2009330223259 175.49516827724094 145.11662779073643
957 1591 17 209.94637223974763 157.2776025236593 116.36908517350157
1692 1587 31 130.40921169176264 137.23029229406555 98.55358724534987
1612 1588 36 180.66051417270927 183.49307844429794 123.89189189189189
1002 1584 19 139.69496021220158 174.84615384615384 144.07161803713527
443 1580 9 121.61728395061728 126.06172839506172 92.28395061728395
1291 1580 38 201.80338777979432 166.07683000604962 128.2885662431942
385 1578 25 140.8265162200282 148.78279266572636 104.67983074753174
634 1577 24 180.82055464926592 182.836867862969 124.37030995106036
577 1576 10 144.23893805309734 146.4070796460177 105.02654867256636
1509 1572 19 180.6259946949602 182.81432360742704 123.6710875331565
1123 1568 23 140.1125611745514 175.74877650897227 144.66231647634584
827 1563 15 139.4387351778656 173.4189723320158 142.5691699604743
2042 1562 21 139.3100189035917 173.23629489603024 144.16824196597355
1445 1562 38 210.9231699939504 157.93042952208108 116.76709013914096
780 1561 21 198.99810964083176 163.38374291115312 126.70888468809073
580 1561 17 128.31545741324922 133.49211356466876 96.69085173501577
1346 1558 14 203.3197969543147 167.38071065989845 129.36040609137055
1885 1556 38 179.15366001209924 182.6388384754991 123.96067755595887
713 1554 33 113.52903739061257 157.09466984884648 148.79872712808273
1980 1553 36 128.43968358602504 135.90837178642056 97.67699406723796
1552 1553 21 180.27221172022684 183.05671077504726 123.53308128544424
446 1552 25 129.6854724964739 135.79266572637516 97.4456981664316
1024 1550 19 202.21485411140583 166.44031830238725 128.6445623342175
1232 1542 23 139.00326264274062 174.84665579119087 143.93800978792822
1591 1539 11 181.18791946308724 183.27516778523488 126.1744966442953
665 1538 17 129.05362776025237 135.21451104100947 97.76656151419559
511 1535 40 140.3680981595092 148.97155605131067 103.86558839933073
817 1534 13 186.96446700507613 140.83756345177665 112.13197969543147
1707 1532 23 140.54649265905385 149.33605220228387 105.00652528548125
1684 1532 11 125.46979865771812 131.91946308724832 93.90604026845638
1661 1531 24 127.65252854812398 134.20065252854812 96.28548123980424
1384 1529 23 130.1125611745514 137.07504078303427 97.93800978792822
1169 1528 33 185.9785202863962 139.69212410501194 110.1304693715195
1506 1522 23 202.9135399673736 167.14192495921696 129.69983686786298
1319 1519 17 115.13880126182966 158.3564668769716 149.10725552050474
616 1518 33 129.22275258552108 135.8703261734288 97.04455051710423
956 1517 50 202.2818149592343 166.1283232896136 127.94824530308401
374 1517 34 178.72633253778838 180.49880668257757 122.38822593476532
1075 1514 39 210.8191167574108 158.09618874773142 116.61766485178464
865 1512 32 202.75642161204607 166.49601417183348 128.4499557130204
1415 1511 10 181.7433628318584 183.8495575221239 126.43362831858407
1820 1510 28 114.35183129855716 157.9211986681465 149.32408435072142
1549 1502 17 184.01261829652995 137.97791798107255 109.61829652996845
1755 1499 28 179.67147613762486 182.90455049944507 123.39400665926749
1946 1496 23 140.71125611745515 149.94453507340947 104.61337683523655
1225 1495 17 132.27129337539432 138.85804416403786 99.9558359621451
764 1495 38 140.75499092558985 149.48336358136723 104.22928009679372
1273 1495 27 113.74905897114178 158.45545796737767 149.57089084065242
1130 1495 8 150.80246913580245 151.5679012345679 125.61728395061728
690 1493 25 115.33991537376586 159.35966149506348 150.7898448519041
1901 1490 16 140.9495268138801 149.49842271293375 105.62145110410094
1679 1489 23 179.06851549755302 182.26753670473084 122.51223491027733
2035 1480 50 140.5476781283233 149.39135058489896 104.72279333569657
1391 1480 21 180.25897920604916 183.4952741020794 123.15879017013233
1608 1478 37 113.44891232696109 156.982201713909 148.8068556361239
1513 1479 15 181.09090909090907 183.82213438735175 124.67193675889327
1227 1478 9 141.07407407407408 146.0864197530864 105.48148148148148
1344 1477 22 139.10018903591683 174.98298676748584 144.36862003780718
451 1477 33 137.9856801909308 172.06523468575975 142.502784407319
1454 1476 34 141.59904534606207 150.41607000795545 104.64757358790771
558 1471 22 113.6257088846881 157.4196597353497 149.33459357277883
507 1470 16 114.91167192429022 155.93690851735016 148.0378548895899
694 1467 11 119.30872483221476 155.7718120805369 138.66442953020135
1860 1465 27 140.17816813048933 148.89711417816812 104.26976160602258
1020 1465 25 202.65726375176305 166.74894217207333 128.52750352609308
823 1465 19 139.56498673740052 148.74270557029178 103.6445623342175
599 1465 12 180.01342281879195 182.57718120805367 124.86577181208054
644 1465 17 139.12618296529968 173.5205047318612 143.29337539432177
1809 1461 16 138.45741324921136 172.77917981072554 143.26182965299685
1118 1461 16 117.15141955835962 159.61514195583595 150.5552050473186
1167 1459 24 180.26427406199022 183.51386623164765 122.59380097879283
1721 1456 17 130.42586750788644 136.57413249211356 99.22397476340694
1965 1453 18 177.42175066312996 180.50132625994695 122.83819628647214
1915 1452 19 141.6498673740053 150.46153846153845 105.90185676392572
894 1451 22 139.1852551984877 174.87901701323253 144.10018903591683
1067 1445 20 138.3877551020408 173.9002267573696 142.96145124716554
2098 1444 13 177.71065989847713 179.00507614213197 124.47715736040608
1761 1442 19 130.14588859416446 137.51989389920425 99.43501326259947
1538 1443 20 139.60090702947846 174.6281179138322 144.36281179138322
1302 1437 22 141.31758034026464 150.83364839319472 104.66918714555766
1230 1437 38 180.48033877797945 184.42105263157896 123.10707803992742
1413 1431 19 129.9946949602122 136.9098143236074 98.89655172413792
1651 1429 20 140.63038548752834 149.69614512471657 105.29024943310658
1357 1427 19 113.92838196286472 157.79045092838194 149.14058355437666
779 1428 23 129.77324632952693 137.00163132137033 98.79119086460032
530 1427 27 113.30112923462985 156.7728983688833 148.74780426599747
1992 1421 16 142.66876971608832 150.94637223974763 107.48264984227129
962 1420 39 184.4410163339383 138.21234119782216 108.98548094373866
1796 1419 20 141.94784580498867 150.77324263038548 105.26984126984128
364 1416 50 111.79156327543424 155.12087912087912 147.3158454448777
362 1416 50 112.0 155.0 147.0
697 1414 50 137.45125841900037 172.7284650833038 142.948245303084
609 1413 33 131.03659506762133 137.9785202863962 99.01352426412093
1177 1411 17 130.2018927444795 136.72870662460568 98.13880126182966
840 1412 33 129.6046141607001 136.7175815433572 97.68496420047732
1936 1409 23 179.23980424143556 182.1761827079935 124.07340946166396
458 1409 27 141.04642409033875 149.5934755332497 104.65495608531994
896 1406 17 180.17981072555204 183.19242902208202 123.13564668769716
1285 1401 13 133.73096446700507 139.64467005076142 101.4720812182741
1117 1402 40 129.11042944785277 136.2749581706637 96.78137200223091
2028 1400 16 142.3627760252366 150.53943217665613 106.99053627760252
1482 1401 39 181.29885057471265 184.7707199032063 123.51784633998791
2086 1396 35 178.79169701383833 180.98980335032775 123.6190823015295
1714 1393 40 130.0540992749582 136.90407138873397 98.33073061907419
1038 1393 30 202.46085232903866 166.53716551040634 128.45589692765114
1860 1391 42 141.5553289138195 150.48189699133096 105.21774604793474
503 1389 12 180.13422818791946 182.0939597315436 124.4496644295302
1591 1384 53 128.75568712994703 135.8694297288875 97.24867559987536
1408 1384 25 129.74188998589563 137.0267983074753 98.42454160789845
1327 1382 29 137.66148723640399 173.96448390677025 143.4439511653718
1983 1372 22 114.24007561436673 157.21361058601136 149.11909262759926
1172 1370 22 178.19281663516068 181.96219281663517 121.81474480151229
989 1364 16 185.22082018927443 139.84858044164037 110.94637223974763
1780 1363 30 178.42616451932605 182.00297324083252 122.63230921704658
886 1362 17 141.05993690851736 149.86119873817034 104.98738170347004
479 1361 20 127.61904761904762 134.52154195011337 95.98866213151928
645 1358 16 117.11041009463722 161.0 151.67192429022083
1072 1357 12 210.95302013422818 159.92617449664428 119.06711409395973
550 1358 37 179.4838497033619 182.77389584706657 122.65853658536584
846 1355 21 180.71833648393195 184.4820415879017 123.41965973534973
419 1354 27 139.8293601003764 148.62735257214553 103.43914680050187
1657 1352 20 180.81179138321997 183.88208616780045 123.5124716553288
317 1350 18 115.3023872679045 159.46419098143235 151.50397877984085
1829 1349 10 134.67256637168143 140.32743362831857 103.19469026548673
777 1347 41 181.31871494135646 185.18154003059664 123.9984701682815
2035 1345 20 112.48299319727892 155.6326530612245 148.140589569161
1437 1344 19 142.3872679045093 151.6153846153846 105.35543766578249
1934 1343 32 129.51372896368468 136.77590788308237 98.2710363153233
937 1339 31 141.05403011514616 150.6209034543844 104.29229406554474
1244 1335 51 114.3742085971343 159.51616127957348 150.16561146284573
1038 1335 22 201.82041587901702 166.92627599243858 128.9678638941399
615 1334 23 179.2936378466558 183.39641109298532 123.06199021207178
1520 1334 27 129.16185696361353 136.59974905897113 97.96737766624842
1993 1331 17 138.391167192429 171.98738170347002 143.58044164037855
369 1330 27 139.4529485570891 173.5771643663739 144.4077791718946
1317 1323 14 115.11675126903552 158.83756345177665 150.0710659898477
1174 1323 17 201.64668769716087 166.60883280757096 128.61514195583595
699 1322 32 137.04605845881312 173.0106288751107 142.80779450841453
888 1321 14 130.11167512690355 136.9492385786802 99.02538071065989
994 1319 17 141.67192429022083 151.4858044164038 105.69085173501577
1114 1317 36 137.7139090309822 173.98681608437704 143.251153592617
1380 1316 41 141.3401325854156 151.11881693013768 104.25650178480367
2098 1315 36 136.61634805537244 170.3157547791694 142.19907712590637
1705 1308 37 141.93935398813446 151.1753460777851 105.25906394199076
1562 1308 18 137.0106100795756 172.3183023872679 142.49336870026525
1778 1307 23 130.0489396411093 136.97553017944534 98.64600326264275
486 1305 26 140.58218318695106 149.80050188205772 104.66750313676285
534 1304 13 181.1472081218274 184.9441624365482 125.26395939086294
313 1303 21 180.62759924385634 183.36862003780718 124.94706994328922
429 1302 25 179.84344146685473 182.98871650211566 123.27644569816643
738 1300 13 144.11675126903552 152.93908629441623 107.62944162436547
1465 1299 31 180.93002657218778 184.61204605845882 123.71213463241807
637 1292 17 179.32176656151418 183.77917981072554 124.1198738170347
1851 1291 51 179.88237254248585 183.08897034321893 123.54015328223926
579 1291 22 131.21361058601136 138.5897920604915 99.9413988657845
967 1289 18 180.6392572944297 184.44827586206895 124.07692307692307
1622 1288 38 181.41439806412583 184.8735632183908 124.51724137931035
844 1287 33 129.53142402545745 137.3579952267303 98.43754972155928
1320 1283 18 137.76657824933687 173.9602122015915 143.58620689655172
914 1276 29 180.7924528301887 185.14206437291898 123.53940066592675
1948 1275 31 131.4871567759079 138.3418954827281 100.51904340124004
2016 1273 32 113.04074402125775 156.16563330380868 148.26572187776793
785 1273 20 131.56009070294786 138.73696145124717 99.99546485260771
1517 1270 22 141.9054820415879 151.02457466918716 105.47258979206049
668 1270 20 133.42403628117916 140.4625850340136 101.58503401360545
1132 1268 5 136.6206896551724 169.17241379310346 159.6551724137931
1031 1266 39 130.4029038112523 138.16575922565033 98.4095583787054
1567 1263 16 139.1230283911672 174.34069400630915 144.34384858044163
1184 1264 41 211.66394696583376 160.20499745028047 118.44314125446202
373 1263 40 130.01896263245956 136.75237032905744 98.52593418851089
305 1260 17 132.2018927444795 138.29337539432177 100.61198738170347
1416 1256 22 180.52551984877127 184.36105860113423 123.74102079395085
472 1257 19 127.71352785145888 135.15649867374006 96.9628647214854
2119 1255 22 179.09640831758034 181.77126654064273 124.49527410207939
1758 1255 23 180.92495921696576 184.14029363784667 124.67862969004895
722 1255 31 181.2621789193977 185.8396811337467 124.68201948627105
615 1253 26 140.9548306148055 150.75156838143036 104.8005018820577
529 1250 33 129.28719172633254 137.22354813046937 97.95544948289579
1102 1249 22 114.351606805293 159.70888468809073 149.8601134215501
1270 1246 33 186.03023070803502 140.33015115354019 110.41050119331743
1695 1243 21 132.68241965973536 139.53497164461248 101.05860113421551
1361 1241 30 129.65708622398415 137.25668979187313 98.18929633300297
1975 1237 12 143.14093959731542 151.40939597315435 108.89261744966443
787 1233 16 130.77287066246058 138.2334384858044 100.42586750788644
2071 1231 25 136.81805359661496 170.0789844851904 142.15373765867417
425 1229 19 178.54907161803712 182.289124668435 122.77453580901856
1595 1225 17 142.4384858044164 151.54889589905363 106.79179810725552
1539 1223 19 114.21485411140583 156.70291777188328 147.86737400530504
1318 1222 8 146.23456790123456 179.18518518518516 148.88888888888889
1920 1221 21 129.21361058601136 135.33270321361059 98.3875236294896
962 1220 31 140.89282550930028 151.40389725420727 105.00177147918512
1810 1219 26 127.91217063989961 134.68255959849435 97.16060225846925
1645 1218 26 141.1643663739021 150.46925972396485 104.86072772898368
905 1217 22 129.44234404536863 137.85822306238185 98.60302457466919
841 1210 35 129.20757465404225 137.70429715950473 98.3102694828842
1473 1209 41 129.35390107088222 136.95461499235086 98.22896481387048
662 1209 31 140.59964570416298 150.903454384411 104.87776793622675
1079 1208 17 137.96845425867508 174.0378548895899 143.72555205047317
1861 1205 26 141.4893350062735 150.13425345043913 105.71518193224591
1032 1204 15 180.6877470355731 185.90513833992094 123.99999999999999
2126 1204 21 178.3421550094518 180.83553875236296 124.34593572778829
319 1201 37 128.45220830586683 135.51417270929466 97.55767963085036
2019 1199 17 140.32176656151418 148.65299684542586 105.96529968454259
1219 1198 21 136.75425330812854 173.21928166351609 142.7826086956522
1136 1199 28 113.11542730299668 158.54051054384018 149.19866814650388
1400 1196 25 186.6657263751763 140.74330042313116 110.89562764456981
1728 1194 32 130.79007971656333 137.58635961027457 99.50398582816652
1775 1193 9 183.03703703703704 185.9012345679012 130.9506172839506
1963 1191 30 141.44895936570862 150.05649157581763 105.68285431119921
392 1190 23 139.17292006525287 148.63458401305058 104.02610114192497
581 1186 39 179.59346642468242 184.73865698729585 123.23351482153662
2084 1186 12 182.45637583892616 184.04697986577182 127.85234899328859
1266 1183 21 184.27221172022684 139.59168241965975 110.60869565217392
1593 1178 19 117.3103448275862 161.0026525198939 151.76923076923077
947 1172 12 130.81879194630872 138.53020134228188 99.496644295302
1333 1171 39 203.22081064730793 168.24803387779795 129.95402298850576
1064 1170 11 144.1275167785235 153.6778523489933 107.54362416107382
2317 1169 5 154.0344827586207 151.9655172413793 153.41379310344828
1180 1167 13 142.9035532994924 153.25380710659897 107.16243654822334
477 1168 53 139.48301651604862 149.71860392645684 103.80461202866937
1766 1166 11 139.2013422818792 172.68456375838926 143.48322147651007
1540 1167 29 137.27413984461708 172.3762486126526 142.80244173140954
745 1166 52 129.64811729423525 138.20259913362213 98.36587804065312
359 1159 16 139.45741324921136 148.36593059936908 104.51104100946372
1819 1156 35 181.0968681718864 184.35396941005098 124.33721777130373
1903 1153 34 142.3357199681782 151.145584725537 107.23866348448688
891 1154 30 140.005946481665 151.2804757185332 104.44796828543112
2046 1152 30 178.54509415262635 181.59563924677897 123.55302279484638
1227 1152 14 140.5482233502538 151.32487309644668 105.3959390862944
1651 1152 37 182.27290705339485 185.23467369808833 125.09492419248515
647 1150 25 140.46826516220028 151.28490832157968 104.36530324400564
404 1149 16 131.85173501577287 138.4416403785489 101.0788643533123
1488 1149 15 203.01185770750988 168.26086956521738 130.87747035573122
101 1145 6 133.22448979591834 129.91836734693877 129.32653061224488
831 1144 24 128.45513866231647 137.38009787928223 98.25774877650898
2117 1143 28 127.7968923418424 134.8235294117647 98.22641509433963
1004 1143 51 180.25691436187938 186.75374875041652 123.40919693435522
1719 1138 17 128.98422712933754 135.7097791798107 98.88958990536277
307 1138 21 179.6086956521739 183.1304347826087 123.35727788279773
610 1135 10 181.64601769911505 186.2212389380531 128.0
545 1132 18 180.58090185676392 185.24668435013263 123.87798408488064
1109 1128 41 128.89954105048446 138.4436511983682 98.39928607853136
1587 1128 22 141.26275992438565 150.58601134215502 105.94328922495275
1764 1124 20 139.74149659863946 174.5283446712018 145.19274376417235
1267 1124 24 181.46492659053834 187.72104404567702 124.04241435562807
1984 1116 36 129.87607119314436 136.69347396176664 99.6901779828609
1184 1114 34 142.12728719172634 153.49323786793954 105.73110580747813
636 1113 13 143.20304568527916 153.1218274111675 107.248730964467
1417 1113 51 211.84205264911697 159.68077307564147 118.10563145618127
680 1113 21 179.94706994328922 185.82797731569 123.86200378071834
360 1108 30 139.0376610505451 148.89197224975223 103.74033696729435
864 1106 18 139.73740053050398 150.88859416445624 104.18037135278514
1919 1100 15 141.5810276679842 149.94466403162053 106.96442687747034
2036 1099 15 179.56521739130434 182.9288537549407 125.11857707509881
1865 1100 23 142.41435562805873 151.09951060358893 106.68352365415987
490 1094 9 139.1851851851852 173.12345679012344 144.2469135802469
1630 1093 16 181.90220820189273 185.34384858044163 125.7602523659306
314 1093 15 129.21343873517785 136.31620553359681 99.8695652173913
1233 1091 14 180.98477157360404 186.4720812182741 124.53807106598984
590 1091 29 128.70033296337402 137.29855715871255 97.99223085460599
1519 1090 38 202.14398064125834 166.8257713248639 128.87174833635814
1328 1091 31 128.4384410983171 137.13994685562446 97.63418954827281
931 1090 28 129.58712541620423 138.50166481687015 98.68257491675917
432 1084 35 179.0393299344501 183.52876911871815 123.09686817188638
2088 1083 35 140.4246176256373 149.19592134013112 105.77057538237437
642 1082 15 139.57707509881422 150.24110671936756 104.90118577075098
525 1081 20 114.56235827664399 159.31972789115648 149.7641723356009
807 1079 30 141.01783944499505 152.599603567889 105.71258671952428
1141 1079 16 179.7160883280757 186.7097791798107 123.70977917981072
1098 1077 9 199.19753086419752 167.92592592592592 131.12345679012344
1061 1077 22 201.9678638941399 168.65973534971644 130.1984877126654
1802 1076 35 141.9730517115805 151.3983976693372 106.04442825928624
1589 1077 21 129.6578449905482 136.53875236294897 98.2835538752363
1273 1072 16 131.50473186119874 140.0441640378549 100.36593059936908
1702 1062 51 114.53782072642453 158.97767410863045 150.24491836054648
734 1063 38 135.45493042952208 173.1391409558379 142.15728977616456
1623 1058 16 180.38170347003154 184.13249211356467 124.53312302839116
874 1053 32 179.5686448184234 186.10451727192205 123.83790965456156
1924 1052 27 137.65244667503137 172.37013801756586 143.42534504391466
664 1052 19 179.05305039787797 185.3925729442971 123.33687002652519
1861 1050 19 180.3103448275862 183.73209549071618 124.48010610079575
553 1047 21 179.1039697542533 184.50094517958414 123.7788279773157
995 1045 34 209.98170246618935 159.84566428003183 118.12728719172634
337 1044 30 177.89890981169475 181.8850346878097 122.52824578790882
390 1042 15 117.03557312252964 159.85375494071144 150.53359683794466
1368 1041 21 113.48582230623819 158.45557655954633 149.2117202268431
1287 1040 11 139.88590604026845 176.04026845637583 144.61744966442953
785 1034 14 130.9238578680203 139.9746192893401 101.1472081218274
1321 1034 17 118.06309148264984 164.4416403785489 153.75078864353313
1456 1032 30 114.44796828543112 159.49653121902872 150.16749256689792
1107 1032 33 184.40731901352427 140.63961813842482 111.18854415274464
1051 1032 12 120.42281879194631 165.02684563758388 153.73825503355704
499 1033 29 137.35627081021087 173.41509433962264 143.1087680355161
607 1030 24 139.55138662316477 150.9820554649266 104.80913539967374
2008 1028 50 137.72385678837293 172.19213045019495 143.23395958879829
1567 1025 32 211.1895482728078 159.42249778565102 118.47032772364925
1203 1025 50 136.73378234668556 174.51258419000354 143.18114143920596
936 1023 23 184.68026101141925 140.61500815660685 111.22349102773246
1775 1022 19 137.9177718832891 173.22015915119363 143.6021220159151
822 1019 24 179.8825448613377 186.3898858075041 124.12724306688418
2089 1013 24 127.27895595432301 134.97553017944534 98.36052202283851
1821 1013 18 114.6339522546419 157.88063660477454 149.0238726790451
1628 1013 16 115.46056782334385 158.46687697160883 150.09463722397476
374 1010 12 181.73154362416108 185.2214765100671 127.48322147651007
1513 1006 19 138.12732095490716 173.75331564986737 143.631299734748
1349 1006 11 138.7718120805369 174.29530201342283 144.16107382550337
430 1006 34 128.527446300716 136.47255369928402 97.96022275258552
1887 1005 21 129.70132325141776 137.23251417769376 100.04914933837429
1284 1000 22 180.34971644612477 186.82608695652175 124.2022684310019
1407 996 28 136.81465038845727 173.6914539400666 143.02108768035515
684 994 30 139.59068384539148 151.6471754212091 104.80673934588701
752 991 24 115.40293637846656 162.2446982055465 152.0815660685155
1730 988 28 181.40066592674805 185.78246392896781 125.70366259711432
345 986 16 140.993690851735 150.17034700315457 106.03470031545741
555 986 33 180.38504375497217 185.67541766109787 124.11694510739858
1792 985 16 179.9116719242902 184.1577287066246 124.74132492113564
1671 980 28 129.21753607103219 136.78246392896781 99.34628190899001
491 980 22 128.648393194707 136.82608695652175 98.28544423440454
1047 980 38 201.51421657592257 168.13248638838476 129.51482153660012
973 978 25 136.90550070521863 174.9181946403385 143.28490832157968
1473 977 19 141.57824933687002 178.55968169761272 147.14854111405836
626 977 25 129.9576868829337 139.03808180535967 99.43723554301833
385 975 11 180.73154362416108 185.2281879194631 126.2751677852349
1126 974 24 201.49265905383362 167.8678629690049 129.54975530179445
886 973 40 128.26715002788623 138.0686001115449 97.98271054099276
1605 970 23 137.15660685154975 172.46492659053834 142.6590538336052
810 964 25 135.86036671368123 173.8913963328632 142.5966149506347
1932 962 37 128.36651285431773 136.39222148978246 98.37046802900461
1846 960 35 180.71667880553534 185.06190823015297 125.15804806991989
2068 957 26 115.89585947302383 159.16185696361353 150.31994981179423
451 953 12 143.04697986577182 152.40939597315435 107.20805369127517
1339 951 37 179.8543177323665 186.27620303230057 123.77785102175345
1535 948 39 185.87719298245617 140.58076225045374 111.29885057471266
1183 943 23 127.92332789559543 138.41598694942905 98.38662316476346
358 940 23 127.55464926590538 135.70799347471453 98.28384991843393
415 939 22 130.51984877126654 138.47826086956522 100.296786389414
655 938 21 180.92816635160682 187.234404536862 124.60302457466919
1773 936 27 142.4504391468005 152.06649937264743 106.09535759096612
1251 933 38 114.4367816091954 161.52873563218392 150.62976406533576
2005 931 36 178.937376400791 183.3744232036915 123.88529993408041
1140 929 15 139.95256916996047 151.8181818181818 104.7193675889328
1428 928 33 141.15592680986475 152.17263325377886 105.55608591885442
1003 927 15 116.29644268774703 161.1383399209486 150.3083003952569
952 927 26 210.01631116687577 160.14805520702635 118.62484316185696
1716 928 24 141.68841761827082 151.59869494290376 105.43719412724307
1665 926 21 180.97353497164463 184.91493383742912 125.02835538752363
1102 925 21 184.60491493383742 140.79017013232516 111.11342155009451
910 916 12 137.45637583892616 174.10738255033556 143.1006711409396
595 916 33 128.4813046937152 137.73031026252983 98.64041368337311
1877 914 17 179.90220820189273 184.13880126182966 124.77602523659306
1056 914 21 186.62948960302458 142.45179584120984 112.30056710775048
878 908 13 179.90355329949236 186.87817258883248 124.26903553299492
2064 906 17 116.23343848580441 159.33438485804416 150.9495268138801
1815 904 14 131.243654822335 138.37055837563452 101.17766497461928
824 904 31 139.2621789193977 151.62710363153232 104.75819309123118
502 902 51 179.88037320893037 185.37587470843053 123.68477174275242
1930 901 20 142.85714285714286 152.0748299319728 107.47392290249434
1606 901 37 211.26433750823992 159.5754779169413 118.59327620303229
1482 900 20 181.7845804988662 187.26757369614512 125.0952380952381
1380 896 18 129.0185676392573 137.89920424403184 99.20689655172413
428 894 12 142.8791946308725 152.3288590604027 106.97315436241611
379 891 24 179.68841761827082 184.46655791190867 123.56280587275694
655 884 25 141.88716502115656 153.32299012693935 106.06346967559944
1170 880 32 139.58990256864482 152.75199291408327 104.88485385296723
1236 874 17 136.58990536277602 175.08832807570977 143.30283911671924
920 874 23 128.89233278955956 138.60848287112563 99.20554649265905
869 872 15 179.16600790513831 186.59288537549406 123.35968379446639
1832 870 21 142.16446124763706 151.55009451795843 106.70132325141778
1685 867 35 181.97523670793882 186.36707938820103 125.43117261471231
1770 865 34 127.52346857597455 135.71121718377088 97.76770087509945
1972 862 27 128.57967377666247 136.26097867001255 98.6060225846926
563 862 14 180.45177664974617 185.63451776649745 124.10659898477157
693 860 9 186.25925925925924 192.679012345679 132.92592592592592
1456 859 16 141.54574132492112 151.71293375394322 106.25236593059937
1088 858 35 113.2286962855062 160.6300072833212 149.5957756737072
605 858 23 179.4045676998369 185.56933115823819 122.78140293637847
1000 858 49 202.23697223278813 169.29212628375808 129.86078356789653
2038 854 33 140.50517104216388 150.24025457438347 105.85202863961814
1308 853 52 128.10163278907032 138.41586137954016 98.33622125958014
1897 850 35 129.1879096868172 137.06919155134742 99.30589949016752
1534 841 49 203.69722327881325 169.27272727272728 130.52643590718904
1401 841 35 180.8412235979607 187.41951930080117 124.79970866715223
429 841 39 127.1718088324259 136.09800362976407 97.42710223835452
1626 836 23 187.15334420880913 142.047308319739 112.68189233278956
813 833 36 179.98813447593935 187.24522083058667 123.81608437705998
1179 831 12 180.91275167785236 188.16107382550337 125.21476510067114
1223 827 25 179.6459802538787 187.88716502115656 124.262341325811
733 828 32 129.35961027457927 138.93534100974313 99.51461470327725
1143 826 18 130.11140583554376 140.0 100.27320954907161
894 819 34 127.7859984089101 138.10580747812253 98.22434367541767
1462 817 17 129.30914826498423 137.61829652996846 99.47318611987382
1730 814 20 138.43537414965988 174.4421768707483 143.95691609977325
660 813 37 129.24456163480554 138.74027686222806 99.12854317732366
1063 810 19 200.42175066312996 168.83289124668434 130.9575596816976
506 810 28 136.23529411764707 173.76470588235296 142.6059933407325
1963 808 24 179.8874388254486 184.76182707993476 125.1468189233279
943 808 14 180.9746192893401 188.66497461928932 125.75126903553299
567 804 30 140.06937561942516 151.59365708622397 104.62735381565906
1665 802 18 114.40318302387267 158.3793103448276 149.44827586206895
1110 793 22 126.99621928166351 137.6843100189036 97.83175803402646
1598 792 18 137.89124668435014 174.08222811671087 143.90450928381964
1821 790 50 142.26302729528535 152.2477844735909 106.75186104218362
2019 788 24 128.51223491027733 136.81402936378467 100.0652528548124
1306 786 13 181.16243654822333 188.10659898477155 125.91878172588831
988 783 12 137.5704697986577 175.7248322147651 143.56375838926175
1909 782 27 127.77917189460476 136.24592220828103 98.62735257214554
772 780 19 141.3050397877984 153.70291777188328 105.657824933687
1754 778 13 130.46192893401013 137.994923857868 101.42131979695431
1696 778 15 181.4387351778656 186.0592885375494 126.66403162055335
1173 778 34 179.44868735083534 188.321400159109 123.44470962609388
1079 774 6 146.24489795918367 179.87755102040816 149.83673469387753
1418 772 14 116.38071065989847 161.66497461928932 151.497461928934
567 772 10 155.1858407079646 163.63716814159292 115.72566371681415
721 772 21 179.75992438563327 186.2930056710775 123.9187145557656
1364 769 34 137.33094669848848 175.53062848050917 144.01193317422434
1476 765 31 210.75287865367582 159.6474756421612 118.43755535872454
820 763 24 141.09298531810768 153.3066884176183 105.95758564437195
770 763 14 139.16243654822333 149.6751269035533 101.93908629441624
1033 761 30 185.77898909811694 142.29534192269574 112.1982160555005
881 761 24 179.38825448613377 187.08482871125614 124.05709624796086
624 759 19 128.3846153846154 137.67374005305038 99.0
1256 758 37 126.98022412656557 137.9413315754779 97.64864864864865
506 758 23 127.7536704730832 137.36378466557912 98.37683523654161
435 756 36 114.84377059986815 160.34278180619643 149.95649307844428
1877 754 9 181.679012345679 185.74074074074073 129.06172839506172
673 753 18 127.6896551724138 136.9389920424403 98.13527851458885
1644 752 33 137.52665075576772 173.7183770883055 143.6571201272872
950 753 30 137.1129831516353 176.4846382556987 143.98414271555995
1553 744 41 202.9637939826619 168.67312595614484 130.33452320244774
1971 738 38 179.42347247428918 184.96007259528133 124.74289171203873
1729 738 23 116.40946166394781 160.69820554649266 151.0783034257749
566 734 36 179.07514831905075 185.8417930125247 123.03361898483848
1908 734 19 181.3262599469496 186.58885941644562 126.45888594164455
1101 730 33 209.36754176610978 159.98249801113764 118.21957040572794
765 729 34 180.0867143993636 187.1519490851233 124.175815433572
704 728 15 140.699604743083 152.0395256916996 106.09090909090908
1312 723 16 115.01261829652996 161.0788643533123 150.18611987381703
1437 722 23 137.69820554649266 175.7699836867863 144.0146818923328
1483 719 12 188.16107382550337 144.2281879194631 114.79194630872483
844 712 23 127.32300163132138 137.34257748776508 98.4274061990212
507 713 19 178.52254641909812 185.70822281167108 123.26525198938991
1166 711 19 140.3846153846154 180.03978779840847 146.9177718832891
1786 710 32 180.0292294065545 185.26749335695305 124.92116917626218
1214 709 20 185.22222222222223 142.18140589569163 112.12244897959184
1858 708 29 128.91120976692565 137.16981132075472 99.46170921198669
901 706 25 181.5994358251058 189.35543018335684 125.74330042313117
1049 706 16 137.84858044164037 176.0725552050473 143.794952681388
992 702 23 114.02446982055466 160.15660685154975 149.13539967373572
948 703 13 130.1472081218274 139.90862944162436 101.19289340101523
1614 698 19 142.66047745358088 152.87798408488064 107.48275862068965
642 696 35 141.14202476329206 153.0546249089585 105.8164603058995
569 694 7 168.12244897959184 175.97959183673467 132.83673469387753
1375 691 38 187.25408348457353 143.2667876588022 113.0592861464005
464 685 25 136.53596614950635 173.83497884344146 142.8787023977433
1513 685 19 139.3660477453581 176.45623342175065 145.10875331564986
568 679 13 130.50761421319797 139.04060913705584 101.3959390862944
712 678 27 125.44792973651191 135.4454203262233 96.52823086574654
1569 676 22 182.40642722117204 187.94517958412098 125.79773156899812
1688 675 41 128.30494645588985 137.3523712391637 98.56960734319226
1133 674 19 187.17241379310343 143.69496021220158 113.24668435013263
1031 669 15 180.78260869565216 188.90118577075097 124.61264822134386
1921 667 33 127.57995226730311 136.2744630071599 98.77486077963405
527 665 21 115.12665406427222 160.20793950850663 149.2211720226843
1753 662 18 179.9920424403183 185.40848806366046 125.22281167108753
1275 663 50 210.45409429280397 160.66465792272243 118.42821694434598
1448 662 32 210.8547387068202 160.7201062887511 118.89371124889283
999 661 12 138.6241610738255 177.16107382550337 145.248322147651
1080 659 25 179.30747531734838 187.78138222849083 123.33709449929478
1187 657 30 203.1149653121903 171.2319127849356 131.8097125867195
1626 651 21 130.32703213610586 138.94896030245746 100.69187145557656
1837 650 26 181.58469259723964 187.37013801756586 125.48431618569636
881 650 20 128.75736961451247 138.71428571428572 99.36507936507937
938 648 34 126.64041368337311 137.60938743038983 98.04932378679396
670 641 21 137.9867674858223 176.0170132325142 144.41209829867674
804 636 51 139.78807064311897 152.34188603798734 105.02999000333223
730 633 16 180.52365930599368 187.6372239747634 125.41009463722398
1400 629 22 186.37618147448015 143.11153119092629 113.35916824196597
1781 627 22 115.52741020793951 160.57277882797732 150.87523629489604
1352 625 18 137.43236074270555 175.83819628647214 143.71087533156498
519 620 16 117.4384858044164 163.5930599369085 152.403785488959
1666 619 18 180.3554376657825 186.20424403183023 125.6392572944297
1887 608 25 127.72214386459802 136.32299012693935 98.90973201692525
1726 608 30 114.54806739345887 159.90287413280475 150.25768087215064
1522 607 52 180.3975341552816 187.28590469843385 124.46984338553816
600 607 50 136.8922367954626 175.32577100319037 143.3948954271535
1179 605 10 181.65486725663717 189.39823008849558 127.11504424778761
1219 599 22 127.91115311909263 138.48960302457468 98.44423440453687
1436 595 27 181.2208281053952 188.16938519447928 125.18318695106649
1125 595 38 129.50332728372658 140.00483968542045 99.65638233514822
1613 593 31 141.4047829937998 152.80779450841453 106.60230292294065
1260 593 10 143.0 154.34513274336283 109.75221238938053
1021 591 51 115.51316227924026 164.1406197934022 152.2505831389537
947 586 13 119.19289340101523 166.0659898477157 153.80203045685278
1772 583 11 140.48322147651007 175.71812080536913 145.7718120805369
1376 579 23 127.63621533442088 137.74551386623165 98.74551386623165
887 579 39 180.8009679370841 188.5317604355717 124.1760435571688
693 577 41 127.39316675165732 137.47883732789393 98.14176440591535
1825 574 39 140.73139745916515 152.20447670901393 106.22988505747128
1687 574 17 127.65930599369085 136.64037854889588 99.5141955835962
1310 572 32 115.3303808680248 163.20992028343667 151.57130203720106
762 572 19 127.14854111405835 137.03978779840847 98.6631299734748
818 562 22 182.4328922495274 189.88846880907374 125.71266540642722
1248 553 25 128.36248236953455 138.8913963328632 99.33709449929478
1655 546 22 181.18336483931947 187.44801512287336 126.31190926275993
1182 546 33 180.6658711217184 189.04773269689738 124.32378679395386
953 546 21 179.64083175803404 188.17391304347828 124.54064272211721
1409 544 16 138.88958990536278 176.54889589905363 145.25236593059935
634 531 21 116.52741020793951 163.2155009451796 152.13799621928166
848 530 12 144.24161073825502 155.751677852349 108.61744966442953
1598 526 30 128.13776015857283 137.8077304261645 99.02675916749257
1086 526 34 182.63166268894193 191.15513126491646 125.99681782020684
746 527 21 141.68052930056712 153.42911153119093 106.21361058601134
1354 522 25 115.99858956276445 164.31311706629054 152.57545839210155
1462 520 37 116.502307185234 164.91166776532629 153.14238628872775
790 520 15 141.9169960474308 153.5573122529644 106.79841897233202
1740 517 50 138.90074441687344 175.73909961006734 144.9897199574619
1811 516 14 179.95431472081216 186.2233502538071 125.89847715736039
1536 515 29 129.52164261931188 138.95893451720312 99.72253052164262
1032 513 19 137.70026525198938 177.3395225464191 144.3899204244032
906 511 23 141.99184339314846 154.73083197389886 106.70799347471453
1225 501 17 141.11041009463722 153.88012618296528 105.89589905362776
1404 500 16 142.24921135646687 154.602523659306 107.5583596214511
1286 498 37 140.86882003955174 153.8767303889255 105.82860909690177
1141 495 15 128.16205533596838 138.02766798418972 98.92094861660078
689 487 41 181.77307496175422 188.15910249872516 124.9745028046915
1648 483 31 141.45261293179806 152.90168290522587 106.73604960141719
968 482 36 128.00395517468687 138.78378378378378 99.19116677653263
1372 481 16 180.794952681388 188.80757097791798 125.17034700315457
842 478 36 128.00131839156228 138.12129202373103 98.64073829927487
774 478 28 127.48057713651498 137.49056603773585 97.90011098779135
1182 472 27 126.02258469259723 136.5608531994981 97.08908406524466
1029 466 17 181.64037854889588 189.58359621451103 125.45425867507886
1578 464 29 128.36625971143175 137.96337402885683 99.07436182019978
1069 464 17 140.7539432176656 153.53312302839117 105.70347003154573
901 464 16 184.22082018927443 191.5646687697161 127.66561514195583
1237 461 22 182.17769376181474 190.0756143667297 125.82986767485822
1506 460 32 183.51904340124005 190.38706820194864 127.16209034543844
1430 456 31 182.9672276350753 190.44198405668735 126.82196634189549
739 440 19 183.53846153846152 190.0185676392573 126.92042440318302
1119 436 36 141.51549110085693 154.22544495715226 106.17930125247197
1696 433 28 126.81354051054385 136.34406215316315 98.41065482796893
1058 426 21 127.5765595463138 138.03780718336483 98.58412098298678
935 423 20 116.80045351473923 164.82766439909298 152.41496598639455
790 421 25 127.62905500705219 137.38928067700988 98.59802538787024
1653 416 11 147.4228187919463 157.6711409395973 113.29530201342281
1556 416 16 143.86750788643533 155.14826498422713 108.48580441640378
1257 416 18 132.17771883289123 141.66578249336868 102.38461538461537
1340 412 50 139.79652605459057 178.7564693371145 146.04395604395606
1607 411 27 182.69761606022584 189.21957340025094 127.27101631116686
1198 409 35 182.47851420247633 190.03204661325566 125.94610342316096
996 408 32 115.31178033658105 162.22143489813996 150.17714791851196
1520 406 17 183.17034700315457 190.45425867507885 127.58044164037854
1474 403 24 125.8678629690049 136.19738988580752 97.53833605220228
1409 402 15 142.9802371541502 154.70355731225294 107.55731225296442
856 400 42 140.2870984191739 152.8643549209587 105.88526262111168
801 382 10 144.4867256637168 154.87610619469027 110.91150442477876
1143 377 18 127.19098143236073 137.0159151193634 98.28116710875331
1559 371 23 130.14029363784667 139.39477977161502 101.7699836867863
1260 368 22 141.07372400756145 153.09640831758034 106.03213610586012
1222 363 9 184.2469135802469 191.23456790123456 130.71604938271605
1002 363 8 185.71604938271605 194.01234567901233 135.7530864197531
938 362 34 140.59427207637233 179.90294351630868 146.66666666666669
1504 356 24 142.9804241435563 154.51223491027733 108.10603588907016
882 347 9 183.20987654320987 190.03703703703704 131.25925925925924
1072 345 51 181.25158280573143 189.11029656781074 124.93735421526158
1436 344 39 127.9685420447671 137.9382940108893 99.5934664246824
1373 332 23 139.8548123980424 178.39804241435564 146.3458401305057
993 324 22 139.1568998109641 178.5671077504726 145.80529300567107
1300 322 35 183.33503277494538 190.95338674435544 126.84996358339403
1176 319 43 127.45450259311646 137.67656765676568 98.8015087223008
1241 308 18 129.09549071618036 138.68169761273208 100.61273209549071
1166 88 5 136.58620689655172 136.68965517241378 134.27586206896552
1171 87 4 108.6923076923077 109.07692307692308 106.6923076923077
