1180 2311 2 132.20000000000002 126.2 127.60000000000001
1173 2311 2 133.20000000000002 128.8 132.4
1173 2307 2 139.20000000000002 133.20000000000002 133.4
1172 2304 2 139.20000000000002 131.8 128.0
1187 2133 26 141.3086574654956 150.168130489335 104.17063989962358
1114 2123 33 140.15433571996817 149.2593476531424 102.5505171042164
1041 2118 25 128.14245416078984 135.39774330042312 95.41748942172073
1258 2101 41 128.25395206527284 135.31208567057624 95.75165731769506
1353 2095 45 165.12494539100044 169.01135867190914 113.07514198339886
1184 2083 21 141.79395085066162 150.23629489603024 104.00189035916824
979 2081 36 137.43375082399473 173.52603823335528 141.53790375741593
907 2080 21 110.62192816635161 150.70132325141776 142.31379962192818
1539 2070 22 110.00945179584122 151.5765595463138 143.67296786389414
1061 2063 31 166.47652790079718 170.32152347209922 113.32595217006201
1135 2062 28 165.89234184239734 169.638179800222 113.37069922308547
1459 2060 50 139.12123360510458 174.91917759659694 142.80467919177596
839 2045 40 165.6776352481874 168.9782487451199 112.7685443390965
1215 2044 24 139.3442088091354 148.10766721044047 102.2446982055465
1296 2035 28 140.20088790233075 147.95005549389566 102.3085460599334
1586 2031 36 141.6440342781806 149.910349373764 103.68226763348714
1011 2032 19 140.6339522546419 149.44297082228115 103.17506631299734
773 2026 20 139.92970521541952 148.25396825396825 102.19274376417233
1106 2023 17 129.18611987381703 135.70662460567823 95.98422712933754
913 2023 25 137.98871650211566 173.73483779971792 141.5345557122708
1370 2007 39 128.59407138535997 135.23532970356928 96.27223230490019
970 1998 30 128.3191278493558 135.2824578790882 95.40931615460852
1661 1994 35 109.62563729060452 151.00873998543338 143.37217771303716
1519 1993 36 142.17666446934737 150.1404087013843 103.69479235332894
1244 1993 31 165.96191319751995 169.41364038972543 113.34543844109832
1160 1993 38 128.01088929219603 134.994555353902 95.07985480943739
1307 1985 19 142.2970822281167 149.71087533156498 104.20689655172413
730 1983 36 166.3717864205669 169.94330916282135 113.52010547132497
672 1981 19 141.9496021220159 149.9681697612732 104.58885941644562
865 1979 24 141.53670473083199 150.08646003262643 103.32463295269169
801 1978 30 126.90485629335976 133.998017839445 94.29236868186322
916 1977 20 165.56009070294786 169.20181405895693 113.67573696145125
1057 1967 52 141.12495834721759 149.9636787737421 103.32222592469178
1584 1967 23 168.46329526916804 171.2936378466558 115.4110929853181
1439 1957 36 168.7422544495715 171.31048121292022 114.99934080421885
1203 1953 17 142.84227129337538 150.90220820189273 105.68769716088327
1628 1945 16 167.97791798107255 170.71293375394322 115.87381703470031
1489 1945 12 143.1275167785235 159.71140939597316 115.58389261744966
1314 1945 17 128.6813880126183 134.81703470031545 95.90851735015772
1494 1944 12 136.18120805369128 152.46308724832215 110.58389261744966
1373 1944 26 169.4780426599749 172.11919698870764 115.57716436637389
1497 1942 11 136.0 152.0 111.0
1720 1939 41 128.23865374808773 134.71392146863846 95.21519632840388
961 1937 28 167.35960044395117 170.41953385127636 114.03884572697004
1258 1934 21 167.1701323251418 170.72211720226844 114.9054820415879
835 1935 19 127.76392572944296 134.0 94.11405835543766
1546 1929 18 133.05835543766577 138.87798408488064 98.51458885941643
886 1925 30 167.29038652130822 170.32606541129832 113.81764122893954
1135 1922 27 111.83814303638644 153.74153074027603 145.26348808030113
584 1915 22 165.52173913043478 168.72589792060492 113.63705103969754
773 1913 37 142.36980883322346 150.61700725115358 103.547132498352
1593 1909 25 128.31734837799718 134.94640338504936 95.64315937940762
1209 1905 24 128.9657422512235 135.51712887438825 95.4437194127243
1791 1904 25 130.52327221438645 136.19181946403384 97.2002820874471
1326 1903 21 143.8695652173913 152.04725897920605 105.61814744801512
670 1899 52 128.36121292902365 135.1179606797734 95.07464178607131
931 1897 14 144.497461928934 151.41624365482232 105.63451776649745
1652 1896 25 143.1086036671368 150.8660084626234 104.75599435825106
1502 1896 29 130.0110987791343 136.5338512763596 97.79134295227526
1374 1895 15 171.53754940711462 173.50197628458497 116.84584980237153
831 1892 19 168.19098143236073 171.12997347480106 114.3129973474801
1704 1881 15 131.56521739130434 137.6798418972332 99.77470355731225
1001 1878 33 128.62450278440733 135.40334128878283 95.84645982498012
1556 1878 19 170.48541114058355 173.51193633952255 116.13793103448275
1437 1871 35 110.48506919155135 153.01165331391115 145.13182811361983
1081 1870 35 138.41951930080117 174.61179898033504 142.56445739257103
1268 1869 40 143.21416620189626 151.19129949804798 104.71500278862243
943 1865 15 167.56521739130434 170.18577075098813 115.66007905138339
1749 1862 25 168.88434414668546 171.6713681241185 116.12552891396332
583 1861 26 168.6449184441656 170.84441656210788 114.99372647427853
742 1856 24 169.3409461663948 172.1761827079935 114.99510603588908
1162 1854 34 112.86714399363565 155.28878281622912 146.70883054892602
1673 1851 19 168.81167108753314 171.6445623342175 115.6816976127321
882 1850 39 129.04174228675137 135.42286751361164 95.65698729582579
530 1849 19 142.75331564986737 149.83819628647214 104.6445623342175
1216 1844 14 169.492385786802 172.0 115.66497461928932
1836 1842 43 142.65110796793965 150.77557755775578 104.7020273455917
804 1841 30 138.18434093161545 173.74628344895936 141.66897918731416
1607 1840 38 169.09134906231097 172.0332728372656 115.58015728977617
1350 1832 42 129.8556858745538 136.26058133605304 96.7715451300357
1526 1829 27 139.7013801756587 174.76411543287327 143.60727728983687
1020 1827 19 130.6366047745358 136.20424403183023 96.46153846153845
1466 1818 16 112.85173501577287 153.6372239747634 145.4700315457413
1778 1815 20 128.9206349206349 135.21995464852608 95.20408163265306
1287 1815 11 171.34228187919462 173.18120805369128 118.65771812080537
949 1813 34 145.2291169451074 152.69212410501194 105.80827366746222
1419 1812 17 141.10725552050474 176.42586750788644 144.65299684542586
884 1810 12 126.97315436241611 133.28859060402684 94.08053691275168
564 1811 18 128.27055702917772 133.9867374005305 96.12466843501326
1059 1810 17 139.98422712933754 175.52681388012618 143.32807570977917
1249 1809 19 186.70291777188328 139.70557029177718 109.6604774535809
1111 1808 26 139.70514429109159 175.48055207026349 143.3212045169385
1662 1806 16 145.24290220820188 152.78864353312304 107.09148264984226
706 1806 30 128.3171456888008 135.01585728444005 95.37561942517344
630 1806 37 168.51944627554383 171.1265655899802 115.13513513513513
1899 1805 24 168.9983686786297 171.652528548124 115.8026101141925
835 1794 18 137.9814323607427 173.2811671087533 141.6472148541114
508 1793 31 128.6147032772365 134.69707705934456 95.75907883082374
1720 1793 39 143.10949788263764 151.44464609800363 104.94494857834242
1857 1783 16 144.37539432176655 151.6813880126183 106.70977917981072
1013 1784 22 212.0945179584121 159.3648393194707 117.86200378071834
1492 1781 20 145.74149659863946 153.33786848072563 107.06575963718821
1562 1777 27 130.13550815558344 137.0715181932246 97.16436637390213
887 1777 34 143.98170246618935 151.63961813842482 104.93874303898171
776 1773 33 111.01511535401751 152.4136833731106 144.3731105807478
1369 1770 16 170.29337539432177 172.4763406940063 116.1198738170347
1194 1770 39 213.55172413793105 160.8711433756806 118.96914700544465
676 1763 17 128.3627760252366 134.73501577287067 96.37854889589904
566 1762 25 144.48942172073342 151.65021156558532 106.08603667136812
1802 1757 38 169.20508166969148 172.16575922565033 116.3696309739867
1429 1755 37 170.44232036914963 173.62228081740275 116.49571522742254
1071 1755 32 203.61558901682906 167.77413640389727 129.52258635961027
1128 1754 17 140.85804416403786 175.89589905362774 144.10725552050474
1945 1751 36 138.57613711272248 172.65326301911665 142.74950560316412
835 1746 18 145.03713527851457 152.44031830238725 105.72148541114058
717 1742 24 145.30995106035888 152.76672104404568 105.67536704730833
963 1740 40 184.16174010039043 137.00167317345233 107.84662576687117
1871 1739 25 130.10578279266574 136.99576868829337 98.1706629055007
1296 1739 50 203.15668202764977 167.00496277915633 128.78482807515064
614 1738 22 144.77126654064273 151.82608695652175 106.22306238185256
1573 1731 13 139.4010152284264 173.00507614213197 142.91370558375633
1641 1729 53 128.6849485821128 135.97475849174197 96.46868183234652
807 1728 11 143.63758389261744 177.02684563758388 145.63758389261744
470 1725 40 110.4472950362521 151.43112102621305 143.7808142777468
1377 1725 20 185.7482993197279 139.18594104308391 110.17233560090703
1515 1721 38 169.49969751966123 172.77132486388385 116.05747126436782
666 1721 22 171.22684310018903 173.5897920604915 116.1531190926276
1150 1719 16 146.61829652996846 153.8769716088328 107.57097791798107
1738 1716 33 138.13524264120923 173.87509944311856 142.6046141607001
1028 1713 22 185.10964083175804 138.44423440453687 109.25330812854443
1990 1712 17 169.14826498422713 171.78864353312304 117.71293375394322
538 1706 22 168.8960302457467 171.50094517958414 115.80718336483932
898 1706 27 185.56838143036384 138.82810539523211 109.88958594730238
584 1701 19 128.53846153846152 134.71352785145888 95.63395225464191
1217 1697 29 129.7480577136515 136.84461709211988 97.70810210876803
1920 1696 9 116.37037037037037 155.74074074074073 147.77777777777777
834 1694 27 145.68506900878293 153.2521957340025 106.32120451693851
1464 1693 19 130.89655172413794 137.13527851458886 96.86206896551724
1414 1691 16 204.21451104100944 168.8391167192429 131.30914826498423
630 1687 20 128.06575963718822 134.46031746031747 95.0
757 1686 41 170.57011728709844 173.00101988781236 115.83885772565019
1102 1684 36 112.47132498352009 155.61107448912327 146.79894528675015
1794 1681 28 129.3085460599334 136.0788013318535 97.21198668146504
1577 1681 21 113.05293005671078 155.11909262759926 146.86200378071834
692 1678 19 143.9708222811671 151.21750663129973 105.77188328912466
1168 1673 22 129.30056710775048 136.48960302457468 96.31190926275993
1866 1670 38 144.6842105263158 152.82758620689657 106.39564428312161
974 1669 21 213.52362948960302 160.99810964083176 119.10586011342156
402 1668 21 138.14933837429112 171.8601134215501 141.4196597353497
449 1666 16 171.25867507886434 173.53943217665613 117.3186119873817
2024 1658 17 110.21766561514195 151.2365930599369 143.9589905362776
1358 1658 38 139.78342407743497 175.81185722928012 143.68179068360558
1027 1655 34 171.71121718377088 175.0238663484487 116.51471758154337
1955 1654 37 127.96044825313118 135.24719841793012 96.11206328279498
1273 1651 34 144.01988862370726 152.73747016706446 105.55290373906126
507 1650 29 128.27524972253053 134.27524972253053 95.59156492785793
1501 1650 31 143.94331266607617 152.2666076173605 105.68821966341896
1629 1648 23 169.97389885807505 173.07014681892335 116.51386623164764
1470 1648 13 148.33502538071065 133.32994923857868 99.16243654822334
1438 1648 31 184.44818423383526 137.74579273693536 108.4162976085031
816 1646 18 145.9389920424403 153.0212201591512 106.37400530503979
578 1646 31 170.22320637732508 172.68201948627103 116.24180690876882
1706 1640 38 112.22504537205083 154.85238959467637 146.6400483968542
1209 1640 21 172.21928166351609 175.92060491493385 117.81474480151229
645 1640 26 130.02885821831867 135.82057716436637 96.4215809284818
1764 1639 18 129.86206896551724 136.18832891246683 97.74801061007958
1561 1639 15 139.91304347826085 174.18577075098813 143.60474308300394
712 1636 22 146.79584120982986 153.79017013232516 106.75614366729678
1084 1625 19 171.54376657824932 175.368700265252 116.90185676392572
980 1623 18 145.53050397877982 153.44031830238725 106.05835543766578
1148 1616 35 144.632920611799 153.81791697013838 106.11361981063365
1815 1614 27 144.43914680050187 152.82434127979923 106.93224592220827
1590 1614 21 146.3780718336484 153.62759924385634 107.296786389414
906 1614 51 204.12295901366213 168.1562812395868 129.6014661779407
379 1612 26 171.53826850690086 173.7741530740276 116.82685069008782
449 1610 30 143.65014866204163 151.1268582755203 105.93062438057483
835 1608 16 184.30914826498423 138.0 109.18611987381703
682 1608 17 170.54258675078864 172.70031545741324 116.7981072555205
1646 1606 17 144.14826498422713 152.21766561514195 106.23028391167192
2017 1600 34 143.49801113762928 151.86793953858393 105.74463007159905
1542 1596 22 130.6880907372401 137.7788279773157 98.41965973534973
769 1597 38 129.07924984875984 135.5015124016939 96.05868118572293
1321 1595 31 171.8219663418955 175.80425155004428 116.9007971656333
1048 1593 22 132.69943289224952 139.703213610586 100.20982986767486
1972 1591 10 171.41592920353983 174.49557522123894 121.48672566371681
1395 1585 33 213.56324582338902 161.0389817024662 119.30071599045347
1094 1582 18 171.24137931034483 174.85411140583554 116.81432360742706
522 1579 41 128.464048954615 134.7817440081591 95.5910249872514
1745 1578 32 170.84499557130204 174.5527015057573 117.73162090345438
1247 1577 37 139.14436387607117 175.9749505603164 143.58075148319048
1899 1574 55 171.08976239366385 174.7389263713699 117.19507186858317
1679 1574 25 170.76163610719323 174.4428772919605 117.64880112834979
1482 1574 40 203.8923591745678 168.17735638594536 129.94813162297825
706 1564 23 171.2740619902121 173.79608482871126 116.69331158238174
411 1564 20 129.9342403628118 136.06122448979593 97.30385487528345
1183 1562 17 113.53312302839116 156.0378548895899 147.0725552050473
623 1560 52 138.71676107964012 173.6981006331223 142.49516827724094
989 1559 40 146.43614054657002 154.81706636921362 107.11656441717793
2060 1555 25 129.47108603667135 136.11283497884344 98.475317348378
1543 1554 17 172.22712933753942 174.8328075709779 117.84858044164038
1811 1554 29 130.03551609322975 137.03662597114317 98.04772475027747
455 1551 22 170.6710775047259 172.9319470699433 116.54442344045368
1612 1549 39 138.5728977616455 174.38717483363584 142.68602540834846
356 1546 30 126.95341922695738 133.13181367690783 94.59563924677899
1060 1545 21 172.50283553875238 176.29111531190927 117.44423440453687
842 1543 42 213.33299337072924 160.6685364609893 119.00407955124938
1427 1537 15 140.8577075098814 175.7312252964427 144.05533596837944
770 1534 19 171.72413793103448 174.3262599469496 117.60212201591511
1992 1530 34 143.29514717581543 151.92124105011933 105.95704057279237
917 1528 31 138.60673162090345 175.01417183348096 142.71922054915856
1680 1526 16 145.391167192429 153.2460567823344 107.18927444794953
1524 1523 17 185.61514195583595 139.26182965299685 110.29652996845425
1123 1522 35 129.50837581937364 136.9839766933722 97.00728332119446
1185 1519 21 172.77126654064273 176.69943289224952 118.06805293005671
691 1518 20 145.16326530612244 152.9637188208617 106.79818594104309
497 1518 23 143.92495921696576 151.65579119086462 105.69004893964112
1385 1517 24 145.38009787928223 154.11745513866234 106.61174551386624
548 1516 20 171.22675736961452 173.82086167800455 117.32879818594104
1729 1515 24 128.0505709624796 135.38009787928223 96.35073409461664
1320 1515 37 113.46671061305207 157.3618984838497 148.60909690177982
418 1513 22 129.57844990548205 135.48015122873346 97.296786389414
1775 1510 16 172.0378548895899 175.61514195583595 119.32492113564669
1244 1501 32 129.1151461470328 136.84676705048716 96.4251550044287
1035 1501 21 172.765595463138 176.6257088846881 118.24574669187146
1647 1494 26 172.50188205771641 175.93224592220827 118.35006273525721
1846 1493 26 146.14805520702635 154.7013801756587 108.2245922208281
649 1493 20 170.63945578231292 174.18820861678006 117.59637188208617
1385 1491 7 154.44897959183672 159.48979591836732 114.83673469387755
993 1492 14 144.07614213197968 152.21827411167513 106.93908629441624
740 1492 25 112.41748942172073 154.9280677009873 146.7207334273625
891 1487 13 212.86294416243652 161.95939086294416 121.31979695431471
953 1484 15 111.96047430830039 153.6482213438735 145.54150197628456
2056 1483 35 137.90167516387473 172.53678077203205 142.55207574654042
2106 1479 13 172.35025380710658 174.08121827411165 119.91370558375634
1703 1478 16 130.99053627760253 137.1955835962145 99.44794952681387
1564 1474 38 130.5728977616455 137.2831215970962 97.497277676951
1468 1475 50 213.8840836582772 161.32718894009216 119.33746898263027
798 1474 24 184.6215334420881 137.99673735725938 108.4926590538336
848 1473 20 139.687074829932 175.64172335600907 143.21768707482994
524 1474 20 131.22222222222223 137.43764172335602 98.42630385487529
1386 1472 17 172.17981072555204 175.2460567823344 117.4384858044164
1290 1471 9 147.39506172839506 155.2469135802469 110.53086419753086
1915 1470 37 129.33157547791694 136.7462096242584 96.83124588002636
1996 1468 21 110.89792060491493 152.1077504725898 144.16824196597355
1094 1467 18 138.3819628647215 174.70291777188328 142.88594164456234
590 1466 38 146.0084694494858 154.05444646098005 107.00846944948579
455 1459 38 171.26497277676953 173.8548094373866 117.0496067755596
695 1458 20 139.15419501133786 175.10430839002268 143.26984126984127
355 1457 52 144.36887704098635 152.1512829056981 106.03998667110963
1052 1456 14 145.75634517766497 154.23857868020303 107.58375634517766
1623 1449 11 141.15436241610738 174.57718120805367 144.36241610738256
651 1449 16 170.6782334384858 173.84858044164037 117.09779179810725
1764 1447 42 172.7802141764406 176.60275369709333 118.70168281489038
1832 1444 19 131.9522546419098 138.83819628647214 99.80636604774536
1177 1436 49 111.33016356028908 155.3685812095854 146.97261316089768
1342 1435 37 128.89255108767304 136.56163480553724 96.74027686222807
1263 1435 29 172.992230854606 177.0754716981132 118.41842397336293
998 1436 33 139.27684964200478 175.80429594272078 143.62768496420048
1966 1433 17 170.44479495268138 174.32807570977917 117.85488958990535
919 1433 40 184.00557724484105 138.00167317345233 108.93195761293921
1407 1428 16 186.1577287066246 140.25867507886434 111.52681388012618
1873 1427 15 131.80237154150197 138.0395256916996 100.51383399209486
1094 1427 18 172.70291777188328 177.05835543766577 118.42440318302387
519 1424 24 128.01957585644374 134.85970636215336 96.30831973898859
1676 1420 39 110.88687235329705 154.41560798548096 146.22081064730793
748 1419 38 172.9697519661222 176.58862673926197 118.48154869933455
2103 1419 37 128.45550428477256 134.5735003295979 97.05866842452207
1527 1417 20 203.07709750566895 167.66893424036283 129.95238095238096
835 1415 32 203.60230292294065 168.02302922940655 129.65721877767936
687 1416 19 146.88328912466844 155.26790450928382 108.61803713527851
2025 1411 35 110.11944646758923 152.0582665695557 144.34231609613985
558 1405 17 170.20504731861197 173.6309148264984 117.11041009463722
1592 1403 35 171.44938091769848 174.84486525855792 117.40495265841224
1051 1400 25 129.35966149506348 136.83356840620593 97.0
629 1391 31 110.22586359610276 153.0336581045173 145.15766164747563
296 1387 31 170.74402125775023 173.69973427812224 117.19397697077059
879 1387 13 183.86294416243652 138.23350253807106 109.74111675126903
1491 1386 18 141.08222811671087 177.18037135278513 144.47745358090185
1925 1383 39 171.2365396249244 174.5402298850575 117.76769509981852
984 1381 16 145.88958990536278 154.01892744479494 106.73817034700315
1307 1381 24 130.16639477977162 137.7063621533442 97.49755301794454
1831 1380 40 138.4701617401004 174.3073061907418 143.19185722253206
1431 1378 33 204.00238663484487 168.55608591885442 130.14081145584726
376 1378 22 138.84499054820415 173.68241965973536 143.02079395085067
442 1377 37 127.68490441661173 134.69215557020433 95.23796967699406
2060 1372 14 170.19289340101523 172.50761421319797 118.14213197969542
512 1371 26 143.54454203262233 151.62484316185694 105.53701380175659
1366 1369 22 111.77693761814746 154.76748582230624 146.5444234404537
1242 1370 30 145.33102081268584 154.74331020812684 106.97423191278493
1542 1369 23 212.24959216965743 160.26590538336052 119.0815660685155
1112 1367 36 110.62162162162161 154.4449571522742 146.094264996704
578 1365 18 129.27586206896552 136.3793103448276 97.04244031830238
1987 1361 19 142.58355437665782 150.59681697612731 105.51193633952253
1176 1360 22 171.51606805293005 176.04158790170132 118.07561436672968
844 1354 22 212.2835538752363 160.04725897920605 118.58979206049149
793 1355 23 213.41761827079935 161.46166394779772 120.06688417618271
750 1355 9 175.4320987654321 178.29629629629628 122.06172839506172
1652 1354 25 137.78279266572636 173.58392101551482 142.6812411847673
693 1347 40 128.19687674288903 136.01896263245956 96.3781372002231
2109 1340 37 143.07514831905075 150.94462755438363 106.13579433091627
1739 1341 51 110.61412862379207 153.9480173275575 145.85504831722758
295 1335 18 128.9628647214854 135.74270557029178 96.9655172413793
1030 1332 40 128.8739542665923 136.96988287785834 96.50139431121026
349 1330 28 111.08768035516094 153.6503884572697 145.89789123196448
616 1329 27 170.32747804265998 174.80426599749057 117.05269761606021
928 1328 51 203.35021659446852 168.04931689436856 129.5581472842386
1870 1328 21 130.09640831758034 137.2514177693762 98.17013232514178
1584 1327 32 144.25420726306467 153.022143489814 106.18777679362267
1404 1325 25 183.12270803949224 137.30042313117067 108.6163610719323
2039 1325 26 128.15432873274779 135.18820577164365 96.83563362609786
1914 1321 13 145.85279187817258 153.8172588832487 108.88832487309644
1223 1322 13 128.33502538071065 135.45685279187816 96.21827411167511
1822 1320 13 172.0203045685279 175.3959390862944 119.66497461928932
1328 1318 36 172.0817402768622 176.63150955833882 117.47725774555042
1485 1316 43 183.03441772748704 137.07685054219706 108.06459217350306
471 1312 28 146.2930077691454 154.69811320754718 107.43729189789123
408 1312 25 171.7771509167842 175.21156558533144 117.53314527503525
1262 1310 23 172.23327895595432 177.09461663947798 117.7862969004894
547 1310 36 171.82465392221488 175.95056031641397 117.8305866842452
754 1304 28 146.6015538290788 155.42175360710323 108.5937846836848
1177 1304 30 127.19226957383547 135.61347869177402 95.72943508424183
1968 1300 39 128.83363581367212 136.0592861464005 97.0744101633394
1115 1299 24 145.54323001631323 155.36378466557912 106.9184339314845
2138 1296 16 170.2681388012618 172.62776025236593 118.43533123028391
991 1293 14 202.45177664974617 168.39086294416242 130.74111675126903
1541 1291 15 171.9288537549407 175.32411067193675 117.82608695652173
657 1291 22 129.03402646502835 137.23251417769376 97.08695652173914
1849 1286 17 127.7192429022082 135.22712933753942 97.28075709779179
1649 1284 39 171.84754990925592 175.84815486993347 117.75983061101029
836 1283 42 182.57674655787864 136.76746557878633 107.92809790922999
1901 1279 25 144.1410437235543 153.0394922425952 107.27080394922426
1423 1279 12 116.30872483221476 157.4496644295302 148.84563758389262
1798 1276 26 143.4504391468005 152.40276035131743 106.55332496863237
1076 1277 17 128.6309148264984 136.85488958990535 97.17665615141955
368 1276 24 127.56280587275694 134.67536704730833 95.44861337683524
291 1272 40 126.25320691578361 133.55772448410485 95.04127161182376
1029 1263 20 137.73242630385488 174.44444444444446 142.67573696145126
1300 1255 23 128.87438825448615 137.12561174551388 97.45350734094617
937 1253 20 181.35374149659864 136.29931972789117 107.82993197278911
605 1253 36 143.27620303230057 152.87013843111401 105.91496374423203
434 1253 31 170.1567759078831 174.15323294951284 117.00974313551816
982 1252 20 112.40816326530613 155.21768707482994 146.27437641723355
2316 1248 2 147.20000000000002 140.6 141.20000000000002
2313 1248 2 121.2 115.4 113.60000000000001
2002 1248 15 170.56126482213438 173.1897233201581 117.94466403162055
1510 1248 22 172.359168241966 176.41020793950852 118.22117202268431
706 1248 37 171.4278180619644 176.64601186552406 117.89123269611073
1230 1246 39 137.0840895341803 174.38535995160316 142.59951603145797
1376 1246 35 210.68608885651858 158.95338674435544 117.85506190823016
1733 1243 37 128.61502966381013 136.022412656559 96.9960448253131
1144 1243 31 171.07440212577504 175.95748449955713 117.185119574845
888 1244 19 137.3846153846154 173.85145888594164 142.3527851458886
769 1243 19 127.61273209549071 135.72148541114058 96.53315649867373
2078 1242 54 144.38703645995636 152.30102835774383 107.08133374883141
2318 1241 2 146.4 142.0 147.20000000000002
2314 1241 2 149.0 143.20000000000002 145.6
1577 1242 36 129.29400131839157 137.11865524060644 97.1067897165458
1853 1233 28 171.0177580466149 174.20532741398446 117.64816870144284
1080 1230 18 181.20424403183023 136.6445623342175 108.04774535809018
1452 1230 35 204.07720320466134 168.96431172614714 130.41296431172614
1679 1228 14 146.20304568527916 154.03553299492384 108.49238578680202
1792 1223 21 171.6351606805293 174.77126654064273 118.44045368620039
1939 1222 39 171.32123411978222 174.44283121597098 118.17422867513612
89 1221 2 135.20000000000002 127.80000000000001 126.80000000000001
85 1221 2 135.4 130.0 131.0
355 1220 25 143.3018335684062 152.1212976022567 106.09026798307475
82 1220 2 140.20000000000002 137.4 139.8
519 1213 52 127.09963345551483 135.44918360546484 95.68243918693769
84 1213 2 135.0 131.6 134.20000000000002
81 1213 2 113.60000000000001 112.2 115.60000000000001
1638 1212 24 127.53833605220228 134.99347471451875 96.26916802610114
1027 1204 33 203.56006364359587 169.7342879872713 130.63086714399364
2006 1202 21 145.47069943289225 153.37618147448015 107.70888468809073
757 1201 19 171.3368700265252 176.76923076923077 118.24403183023873
889 1199 17 210.35015772870662 159.39432176656152 118.25236593059937
657 1199 19 138.289124668435 175.18302387267903 144.06100795755967
1699 1196 14 113.1979695431472 154.97969543147207 146.994923857868
302 1197 25 171.82792665726376 175.47672778561355 117.78279266572638
407 1195 25 127.68970380818054 135.28772919605078 95.93511988716502
947 1195 30 209.73835480673935 158.93756194251733 117.65113974231913
1454 1193 10 153.43362831858406 144.1150442477876 105.9646017699115
826 1191 37 203.31839156229398 169.22148978246537 130.76532630191167
1183 1189 22 211.23251417769376 160.60113421550096 119.31379962192817
1823 1188 14 139.3451776649746 174.0456852791878 143.60913705583755
1231 1184 17 201.05678233438485 168.50473186119874 130.8422712933754
598 1183 25 127.81241184767278 136.55430183356842 96.97884344146685
1397 1180 29 136.94783573806882 172.7025527192009 141.9467258601554
2134 1179 21 128.18147448015122 134.71266540642722 97.10586011342156
1521 1177 42 144.5481896991331 153.79143294237636 106.57776644569098
1110 1176 40 182.7361963190184 138.06413831567207 108.8153931957613
1456 1175 19 140.3872679045093 149.09018567639257 103.60212201591511
1593 1171 28 172.34295227524973 176.12097669256383 118.0754716981132
1313 1170 50 204.4073023750443 170.16129032258064 131.36618220489189
2047 1169 23 169.89722675367048 173.33768352365416 117.46329526916803
1980 1163 21 129.0 135.77693761814746 97.44045368620039
1748 1162 34 138.47971360381862 174.14319809069212 143.44709626093874
1874 1159 38 128.5674531155475 136.02540834845735 97.34059286146402
360 1158 30 143.5550049554014 152.48761149653123 105.98612487611496
713 1151 38 109.26073805202662 152.97459165154265 144.64246823956444
644 1150 25 143.836389280677 154.47531734837798 107.18476727785614
1663 1148 38 171.80459770114945 175.45977011494253 117.56987295825772
1811 1145 19 111.16710875331565 154.66843501326258 146.77984084880634
988 1145 26 110.37641154328732 153.7340025094103 144.81304893350062
780 1145 18 144.22015915119363 154.6445623342175 107.39522546419097
1048 1145 21 203.42533081285444 170.24385633270322 130.97164461247638
299 1142 25 125.84062059238364 133.88575458392103 95.36671368124118
1431 1141 13 144.78680203045684 153.78172588832487 107.51776649746192
457 1141 36 136.66117336849044 172.67963085036254 141.61371127224785
891 1135 41 181.35135135135135 136.70168281489038 107.85364609892912
1941 1134 25 145.23131170662904 153.25811001410437 107.15796897038082
1169 1133 21 204.08884688090737 171.124763705104 132.65217391304347
593 1131 17 111.21766561514195 153.64037854889588 145.09148264984228
828 1128 18 182.45888594164455 137.82228116710874 108.74270557029178
1229 1125 31 138.28786536758193 176.6829052258636 144.12046058458813
1472 1119 24 128.29853181076672 135.8694942903752 97.29200652528549
530 1118 35 171.5185724690459 176.96576839038602 117.54989075018209
1835 1116 13 138.90862944162436 173.66497461928932 143.35532994923858
388 1115 15 171.42687747035572 175.6403162055336 118.81818181818181
2101 1113 44 127.58698727015559 134.73220179160774 96.57567185289957
1521 1113 15 171.51383399209485 175.56521739130434 118.26086956521738
1083 1111 22 171.61625708884688 178.7750472589792 118.18714555765595
2018 1109 34 109.80509148766906 152.08194112967382 144.6555290373906
952 1106 19 203.52254641909812 170.3315649867374 131.54641909814322
1721 1101 22 128.20604914933838 135.78827977315692 97.32703213610586
1390 1099 39 128.42952208106473 137.06291591046582 97.2377495462795
1128 1098 17 126.94637223974763 136.77917981072554 96.42586750788644
784 1097 20 145.40816326530611 156.19727891156464 107.37868480725623
736 1095 19 172.3819628647215 178.80901856763924 118.26525198938991
1959 1090 16 145.76971608832807 153.69716088328076 108.70662460567823
1283 1088 25 127.01128349788434 136.87447108603666 96.98307475317348
1448 1084 14 172.6700507614213 177.06091370558374 118.41116751269034
1328 1085 16 172.61829652996846 178.4826498422713 119.24605678233438
593 1082 29 144.66037735849056 155.36182019977804 107.34295227524973
1785 1080 39 145.3121597096189 154.29885057471265 107.62008469449486
420 1081 20 128.80498866213154 137.1201814058957 98.18367346938776
669 1079 40 127.67540435025099 137.34076965978807 96.9877300613497
1676 1078 20 144.83446712018142 153.73242630385488 107.25850340136054
1591 1077 52 129.25958013995336 136.76441186271242 96.89636787737422
1022 1077 42 127.9673635900051 137.70678225395207 96.49311575726671
472 1075 26 144.20200752823087 154.3651191969887 107.19698870765369
849 1074 25 209.0465444287729 158.60084626234132 117.6558533145275
330 1064 50 171.38107054236087 175.7830556540234 117.97057780928749
1886 1061 54 172.5914615144905 176.57432221875973 118.56933624181988
1186 1060 37 128.2722478576137 138.06262359920896 96.91232696110744
2053 1059 23 171.86623164763458 175.53181076672107 119.22185970636215
1245 1060 17 129.90851735015772 139.14195583596214 99.10410094637224
1494 1052 36 145.44693473961766 154.78378378378378 107.66842452208304
1724 1050 21 130.08695652173913 137.83931947069945 99.29867674858224
1102 1047 34 172.55290373906126 180.25139220365952 118.5051710421639
2112 1043 17 111.4006309148265 154.6435331230284 147.4858044164038
1429 1042 22 172.45746691871457 177.79584120982986 118.76937618147448
725 1042 23 126.93637846655791 136.3393148450245 96.394779771615
927 1041 50 209.90216235377525 159.68663594470047 118.0184331797235
793 1033 33 137.02625298329357 175.5791567223548 142.93556085918854
533 1033 38 128.4301270417423 137.21476104053238 97.19237749546281
1357 1031 23 138.08809135399673 176.24959216965743 144.02936378466558
1985 1030 42 129.11830698623152 136.7200407955125 98.04385517593066
418 1028 25 128.55148095909732 136.90550070521863 97.48942172073343
851 1026 15 139.10276679841897 177.09090909090907 144.4071146245059
1667 1016 34 173.10262529832937 177.27764518695307 118.94828957836118
1811 1015 25 173.63328631875882 178.1015514809591 118.7771509167842
994 1015 15 183.46245059288538 140.3478260869565 110.96837944664031
469 1014 22 145.17202268431004 155.01134215500946 107.648393194707
1458 1008 17 129.93059936908517 137.97476340694007 98.39116719242902
1287 1006 42 111.7149413564508 157.0071392146864 147.4538500764916
614 1006 37 172.13711272247855 178.23731048121292 118.22346736980883
1031 1004 26 146.2948557089084 157.73651191969887 108.22584692597239
1150 1003 22 144.77315689981097 156.3553875236295 107.83175803402646
1546 1001 23 208.48776508972267 158.12398042414355 117.8515497553018
739 1001 12 114.73154362416108 157.69127516778522 148.43624161073825
1751 999 29 130.2397336293008 138.18645948945615 98.4583795782464
1208 998 23 170.28384991843393 176.9494290375204 117.53507340946167
686 999 29 143.8079911209767 155.09100998890122 106.9966703662597
2093 992 27 137.4341279799247 172.1806775407779 142.60727728983687
2039 991 16 129.40694006309147 136.70662460567823 99.05993690851734
1610 986 32 181.84853852967228 136.51018600531444 107.89813994685562
872 984 18 183.17506631299733 139.51724137931035 110.83819628647214
1349 983 14 139.11167512690355 176.68020304568526 144.81218274111674
1100 983 19 147.03183023872677 158.54907161803712 110.09283819628646
1930 981 25 145.9703808180536 155.23836389280677 108.50070521861777
1405 980 35 112.58048069919884 157.16241806263656 148.1522214129643
315 980 22 127.03213610586012 135.27599243856332 97.29867674858224
376 979 31 144.71213463241807 154.45084145261293 107.42692648361383
435 978 20 146.80045351473925 156.98639455782313 109.3265306122449
1795 973 11 146.51677852348993 154.69127516778522 110.0
980 972 17 138.58359621451103 177.09779179810724 144.58359621451103
809 961 34 172.9713603818616 180.23389021479716 118.46300715990454
1018 959 13 203.91370558375633 172.1979695431472 133.28426395939084
1990 958 24 172.03915171288745 176.4241435562806 118.96084828711257
1558 957 21 181.85066162570888 136.8563327032136 108.62759924385634
478 958 17 126.93059936908517 135.58044164037855 96.68769716088327
1860 956 41 129.38245792962775 137.47679755226926 97.52524222335543
742 956 25 127.8589562764457 137.9407616361072 97.39774330042313
535 955 33 129.24343675417663 138.0310262529833 98.09705648369133
1056 951 26 172.98745294855706 180.45545796737764 118.68005018820577
1491 949 37 206.3131179960448 172.70072511535923 133.69874752801582
925 944 37 204.81410678971653 172.36849044166115 132.77389584706657
1772 939 25 146.42172073342735 155.9703808180536 108.8589562764457
1644 938 16 206.2334384858044 172.41955835962145 134.01892744479494
1229 938 34 127.87907716785999 138.7247414478918 97.28878281622912
1707 938 39 139.52268602540835 176.12583182093167 144.57229280096794
862 936 17 129.09463722397476 138.4384858044164 98.06624605678233
597 935 22 140.1568998109641 177.87712665406428 145.66729678638941
1151 934 37 139.3744232036915 178.79499011206326 145.46473302570863
338 932 24 139.04241435562807 175.25611745513868 144.6068515497553
2054 930 36 147.84640738299274 157.10876730388924 110.15952537903756
417 917 27 112.73902132998745 157.04642409033875 148.41907151819322
1932 915 33 147.24661893396978 156.37151949085123 109.02068416865554
1410 915 25 130.73906911142453 139.69252468265162 98.79125528913963
1601 914 24 206.82381729200654 172.28221859706363 132.81239804241437
1324 914 51 146.85738087304233 158.57414195268245 108.52649116961014
748 912 15 173.4189723320158 179.97233201581025 120.22134387351778
475 909 23 174.4257748776509 180.06688417618273 120.48776508972269
1550 907 18 140.289124668435 176.88063660477454 144.84350132625994
674 907 50 113.1173342786246 159.30981921304502 149.62814604750088
1995 900 25 131.59097320169252 139.0719322990127 100.40902679830748
1080 898 26 127.96361355081555 138.24968632371392 96.82057716436637
595 898 15 173.098814229249 179.84189723320156 119.92490118577074
1455 895 13 208.84263959390861 159.70558375634516 120.05076142131979
1007 894 41 209.50943396226415 160.00611932687406 118.19836817950026
1810 892 27 113.11543287327477 157.1831869510665 148.42409033877038
1656 891 26 183.90087829360098 138.84441656210788 109.78419071518192
1873 890 19 175.53315649867372 179.59946949602121 120.71883289124668
1193 887 18 113.57559681697612 161.22811671087533 149.9045092838196
936 887 19 209.67904509283818 160.42440318302386 119.34217506631299
1246 885 20 172.7392290249433 180.73469387755102 119.22675736961452
871 883 29 129.32852386237514 139.2508324084351 98.27857935627081
800 883 36 128.27686222808174 138.19182597231378 97.15491100856954
1753 881 22 139.59735349716448 176.29867674858224 144.4328922495274
534 874 38 173.73744706594073 179.92135511191773 119.35874168179069
2063 868 25 130.06346967559944 138.01128349788434 99.49083215796897
1506 868 37 183.89716545814105 139.04152933421224 110.00263678312457
361 868 39 112.67574107683002 157.28554143980642 148.47791893526923
738 863 20 129.18140589569163 138.71428571428572 98.3265306122449
2017 856 18 130.88328912466844 138.54907161803712 99.75331564986737
1848 850 19 141.20954907161803 177.72148541114058 145.6259946949602
1134 850 34 112.82657120127288 159.79634049323786 149.34765314240255
911 849 16 174.57097791798105 181.90851735015772 120.12302839116718
611 850 24 129.2610114192496 138.9151712887439 98.02773246329528
1279 847 19 130.0318302387268 140.17241379310343 98.86737400530504
1886 846 18 131.77188328912467 139.6021220159151 100.20689655172413
446 842 40 128.7138873396542 138.16620189626326 98.25153374233129
1950 841 41 174.65272819989804 179.5961244263131 120.21060683324835
1408 841 41 139.43396226415095 177.7526772055074 145.3437021927588
1072 840 18 203.54111405835542 172.0026525198939 132.90450928381964
955 837 20 141.1950113378685 180.23809523809524 146.6281179138322
1324 835 25 174.2228490832158 182.08603667136813 119.58533145275035
1213 832 37 128.4937376400791 139.6058009228741 97.55767963085036
761 831 20 148.69614512471657 159.98866213151928 109.99319727891157
1700 830 38 113.14095583787055 157.66424682395646 148.79249848759832
1785 827 37 175.57350032959786 180.52010547132497 120.98417930125247
1597 828 52 205.68943685438188 171.82439186937688 132.7520826391203
802 816 19 146.81432360742704 158.6339522546419 109.6657824933687
567 816 17 174.2807570977918 180.73501577287067 120.66561514195583
864 813 37 174.0520764667106 181.9762689518787 119.41463414634146
1019 810 36 183.14172709294658 139.60909690177982 109.82794990112062
2032 809 22 174.21928166351609 179.15122873345936 121.15879017013233
694 808 41 174.10402855685876 180.9949005609383 119.92146863844978
1465 806 21 174.44045368620039 180.1077504725898 119.67485822306239
1272 805 20 146.28798185941042 158.73696145124717 108.99546485260771
1358 803 15 175.45059288537547 182.71936758893278 119.97233201581027
385 801 24 146.12398042414355 157.16476345840132 109.67536704730833
1159 799 14 173.91370558375633 181.6751269035533 121.10659898477157
512 800 29 148.11320754716982 159.3684794672586 110.00665926748059
1523 791 23 210.3442088091354 159.76182707993476 118.80097879282219
937 788 30 148.2378592666006 160.29831516352823 109.78493557978196
616 783 33 138.17820206841688 176.5354017501989 144.10421638822595
766 783 21 149.82797731569 161.28733459357278 111.02835538752363
561 779 17 148.53312302839117 159.41324921135646 110.54574132492114
1440 777 15 133.57707509881422 141.96047430830038 101.72727272727272
457 774 21 173.87523629489604 180.20415879017014 120.01890359168242
1869 772 50 146.50620347394542 156.21978021978023 108.37256292095002
1724 771 17 147.7160883280757 157.29968454258673 110.34384858044163
1390 768 21 112.71455576559546 158.20604914933838 148.49716446124765
1319 764 34 127.8019093078759 138.21002386634845 97.39618138424821
897 764 13 131.05583756345177 140.0 100.25380710659898
827 762 19 126.84880636604774 137.09549071618036 96.70822281167108
1665 759 34 128.88305489260145 137.35481304693715 97.69291964996023
1104 758 51 204.0496501166278 172.30356547817394 132.4878373875375
1262 757 16 173.7160883280757 182.0 119.8391167192429
416 757 16 129.8328075709779 139.42271293375393 100.34384858044163
735 755 14 138.8984771573604 176.78172588832487 144.43654822335023
1777 754 28 132.04772475027747 140.21198668146505 100.96448390677025
1981 752 42 129.0224375318715 137.65935747067823 98.47628760836308
496 749 16 129.64037854889588 138.6782334384858 99.47949526813879
1563 746 30 184.2081268582755 139.24975222993064 110.1645193260654
1596 745 10 163.52212389380531 149.10619469026548 108.24778761061947
1609 744 15 163.56916996047428 165.30434782608694 112.27667984189722
1203 743 40 137.8834355828221 178.20301171221416 144.39208031232573
1430 741 20 181.84807256235828 137.96598639455783 109.10430839002268
668 737 23 129.4094616639478 139.48776508972267 99.18107667210441
541 734 25 130.51622002820875 140.2496473906911 99.76586741889986
933 729 24 128.59380097879284 139.2446982055465 97.6884176182708
1725 727 23 174.2773246329527 179.53670473083199 120.15008156606852
1004 728 38 147.7761645493043 160.33575317604357 109.45009074410164
1493 726 38 204.45674531155476 171.49788263762858 132.77374470659407
1930 725 12 138.80536912751677 173.73154362416108 143.4295302013423
864 725 27 173.98117942283562 181.74153074027603 120.03513174404014
1372 719 19 137.3262599469496 175.6445623342175 143.26259946949602
778 715 39 112.35329703569269 158.65638233514824 148.74712643678163
716 716 18 115.32891246684349 162.04244031830237 151.73474801061008
454 713 32 173.0921169176262 180.02568644818425 119.8768821966342
604 704 41 174.17032126466088 181.25548189699134 119.6170321264661
1860 700 17 131.4763406940063 139.4700315457413 100.6403785488959
1608 695 16 149.45741324921136 158.9211356466877 111.25867507886434
1803 693 33 148.88225934765316 159.07080350039777 110.76531424025458
1291 692 38 209.0223835450696 159.55535390199637 117.91712038717485
1971 691 11 175.39597315436242 180.60402684563758 123.54362416107382
1745 691 16 173.70347003154575 179.04731861198738 120.27129337539432
1122 687 13 114.96446700507613 161.06091370558374 150.2233502538071
1427 686 36 182.5596572181938 138.82267633487143 109.60118655240606
731 684 10 129.58407079646017 138.4513274336283 100.67256637168141
1162 676 22 113.72400756143668 160.7429111531191 149.73913043478262
1222 675 23 183.17128874388254 140.66557911908646 111.1794453507341
1666 672 42 147.79704232534422 158.13921468638452 109.66241713411526
682 673 31 149.0770593445527 160.51904340124005 110.84056687333924
1916 672 39 175.0235934664247 180.4561403508772 120.70780399274048
1553 670 34 129.351630867144 138.59427207637233 98.75894988066827
1009 669 16 174.2018927444795 182.87381703470032 120.39116719242902
1072 669 33 137.61018297533812 177.61495624502786 144.25139220365952
1356 664 25 204.56981664315938 172.43582510578278 133.16361071932297
947 660 40 173.93530395984385 182.50697155605133 119.28332403792527
1728 660 15 131.99209486166006 140.00395256916994 100.9090909090909
1486 658 24 146.74225122349102 157.4241435562806 108.7699836867863
518 654 52 146.36187937354217 158.19060313228925 108.89503498833723
1125 651 14 130.50253807106597 140.76142131979694 99.27411167512689
849 644 50 128.60545905707195 139.05884438142502 98.03225806451613
1852 641 23 129.97063621533442 138.82381729200654 99.41761827079935
758 641 32 174.4340124003543 182.15589016829054 119.81045172719222
1609 640 21 130.08884688090737 139.1531190926276 98.84877126654065
1248 640 17 174.19242902208202 181.78864353312304 119.96529968454259
1815 637 9 139.2716049382716 173.92592592592592 144.25925925925924
1014 626 20 113.40362811791384 159.94557823129253 149.18140589569163
1525 621 20 174.89569160997732 181.54421768707485 120.8390022675737
1189 621 25 147.38787023977432 159.9675599435825 109.58674188998589
624 621 37 129.0830586684245 138.88134475939353 98.65128543177323
690 613 21 174.8241965973535 182.03402646502835 120.83364839319471
1471 613 17 174.7665615141956 181.53943217665613 120.44794952681387
1299 611 34 128.5361972951472 139.3428798727128 97.79236276849643
1767 611 34 113.15910898965792 158.45664280031824 149.527446300716
1895 609 18 139.27320954907162 175.46153846153845 145.15915119363393
1057 608 20 173.6281179138322 182.82539682539684 119.7233560090703
1712 606 9 176.02469135802468 181.33333333333331 124.17283950617283
918 599 19 150.17506631299733 161.9549071618037 112.02652519893898
730 599 10 131.27433628318585 139.69026548672565 102.38053097345133
1576 596 24 146.76345840130506 158.12398042414355 109.3588907014682
1238 596 19 175.85941644562334 184.3925729442971 121.34748010610079
983 596 21 148.15500945179585 160.83175803402648 109.95652173913044
1398 591 54 138.2499220941103 177.25116858834528 144.62511685883453
1658 586 39 174.98608590441623 181.2982456140351 120.47973381730189
1123 586 40 175.39654210819856 183.62688232013386 119.75348577802566
834 578 14 174.23350253807106 181.61421319796952 120.50761421319795
1838 569 39 112.8203266787659 156.983666061706 148.01451905626135
562 567 39 127.82395644283123 137.93042952208108 97.7912885662432
773 566 38 147.16938898971569 158.99395039322445 109.40350877192984
878 560 28 128.18091009988902 138.80466148723642 97.96337402885683
702 559 21 113.92060491493385 158.882797731569 148.6748582230624
1253 556 13 148.14213197969542 160.52791878172587 111.44670050761421
1500 554 40 129.19799219185722 139.11210262130507 98.35694366982712
1562 553 14 173.89340101522842 180.994923857868 120.43654822335024
1196 552 34 129.53142402545745 140.63086714399364 98.87748607796341
1602 548 19 147.73209549071618 158.6233421750663 110.45358090185675
1037 545 40 127.77467930842165 138.88622420524263 97.07529280535417
951 540 38 174.23169993950395 182.6418632788869 119.46581972171809
1310 527 39 113.78281911675742 161.82395644283122 151.16696914700546
835 526 19 148.56763925729442 160.56233421750662 110.46153846153845
637 520 42 174.38245792962775 181.31718510963796 119.85976542580318
1740 515 57 129.30510344827587 138.39724137931034 98.528
1372 514 19 128.76657824933687 139.23076923076923 98.85676392572944
1646 512 25 128.16220028208744 137.59520451339915 97.61071932299012
897 510 17 175.7097791798107 183.6876971608833 121.49211356466877
796 502 23 126.02120717781403 136.89885807504078 96.87765089722676
1430 501 34 173.49164677804296 181.62529832935562 119.67859984089101
1248 500 21 174.42722117202268 183.07372400756145 120.57277882797732
1205 497 14 128.4213197969543 138.44162436548223 99.01522842639594
725 495 39 129.16091954022988 139.05081669691472 98.33151845130067
1571 491 39 173.84392014519057 181.1524500907441 120.16999395039323
1131 489 50 147.5225097483162 160.18929457639135 108.87912087912088
989 482 20 146.8140589569161 158.79365079365078 109.90249433106577
1049 477 26 174.23212045169385 183.07277289836887 119.65370138017565
1353 476 16 147.24921135646687 159.20504731861197 109.28706624605678
1497 475 28 146.0 157.88457269700334 109.13540510543841
935 469 25 128.09449929478137 138.88998589562763 97.92947813822285
857 460 35 113.49308084486526 159.9402767662054 149.79388201019665
1217 456 29 172.9855715871254 181.2974472807991 119.05327413984462
1293 455 31 147.9627989371125 160.4012400354296 110.30115146147033
670 455 20 147.86848072562358 158.93650793650795 110.73922902494331
792 448 18 137.19363395225463 175.59946949602121 143.6021220159151
1398 446 22 172.63327032136107 180.58223062381853 119.4461247637051
1708 439 18 127.48806366047745 137.0026525198939 98.71618037135278
1690 439 10 134.00884955752213 141.929203539823 100.36283185840708
1646 439 41 173.79143294237636 180.52014278429374 120.71443141254463
1070 435 15 146.62845849802372 158.93675889328063 110.36363636363636
1352 435 22 128.04158790170132 138.51228733459357 97.75803402646503
1519 428 15 173.498023715415 181.1501976284585 120.70355731225295
1009 425 35 126.75163874726876 137.92425345957759 97.10779315367809
1567 422 25 127.475317348378 137.79548660084626 96.99858956276445
739 418 32 113.21877767936228 158.9273693534101 149.52701505757307
1117 416 16 173.39432176656152 181.5141955835962 120.62460567823344
1455 414 39 129.1252268602541 139.31457955232912 99.06231094978827
1234 406 14 131.4517766497462 140.94416243654823 101.03553299492386
1177 391 40 126.94701617401005 137.5510317902956 96.61963190184049
822 390 38 136.45795523290988 174.6116152450091 142.84815486993347
1279 384 33 127.3890214797136 137.88225934765316 97.63166268894193
1072 385 28 174.89123196448392 182.89789123196448 120.95005549389568
918 381 54 175.12215643502648 182.8656902461826 120.71392957307572
1597 379 24 147.12071778140293 158.17292006525287 110.22512234910278
1122 375 12 131.63758389261744 140.96644295302013 102.02684563758389
1533 355 43 137.29797265440828 174.63696369636963 143.5888731730316
1368 355 51 173.79506831056315 181.44685104965012 119.78140619793403
1234 355 16 174.61514195583595 182.1577287066246 121.20820189274447
1010 346 36 146.4416611733685 158.97297297297297 109.06723796967698
1457 332 29 112.47169811320755 158.13318534961155 148.62153163152053
1064 322 13 139.44162436548223 177.43654822335023 145.90862944162436
1120 313 36 112.30323005932762 157.26895187870795 147.88727752142384
1283 307 37 126.18655240606459 136.64798945286748 96.78048780487804
1201 304 38 172.96007259528133 180.70719903206293 119.32183908045978
1170 89 2 135.20000000000002 133.6 130.8
1170 82 2 140.6 142.20000000000002 141.20000000000002
1178 81 2 133.4 132.4 131.8
