1189 2292 6 136.6530612244898 132.48979591836735 132.1020408163265
1144 2105 11 173.1275167785235 176.1476510067114 122.2751677852349
1197 2095 35 140.93517844136926 176.74799708667152 144.32046613255645
1093 2090 30 141.98414271555995 178.00495540138752 145.38751238850347
1379 2082 26 144.80426599749057 152.75658720200752 106.71016311166875
1293 2069 51 129.89370209930024 136.36821059646786 97.45351549483506
1523 2065 16 176.14195583596214 178.97160883280756 120.89905362776025
929 2065 17 175.26498422712933 178.25236593059935 120.58675078864353
1006 2059 50 143.24955689471818 151.9734136830911 105.44700460829493
1080 2039 11 176.63087248322148 179.09395973154363 122.97986577181207
1450 2028 53 176.17482081645372 178.6622000623247 120.27703334372079
1366 2019 24 143.74551386623165 151.77977161500817 105.5236541598695
1144 2018 40 115.53653095370888 158.64082543223648 148.70663692136085
1222 2014 26 142.5759096612296 150.9109159347553 105.46047678795482
956 2008 12 174.8993288590604 177.16778523489933 119.40268456375838
894 2007 40 143.26938092582265 151.46625766871168 105.81316229782487
1573 2006 50 130.5232187167671 136.33321517192485 97.83941864587025
1294 1991 18 176.3262599469496 178.84880636604774 121.07427055702917
1065 1986 33 130.59427207637233 137.22593476531424 98.31583134447096
1661 1974 37 143.4054054054054 151.116677653263 105.58141067897165
798 1973 53 129.94172639451543 135.9841071985042 96.67248363976316
1349 1950 37 130.72775214238627 136.37771918259722 98.12986156888596
1420 1948 23 132.07667210440457 137.5562805872757 99.99836867862969
1162 1939 25 129.56981664315938 135.75317348377996 97.20169252468266
980 1937 52 176.19326891036323 178.7407530823059 120.05164945018328
894 1932 28 130.480577136515 136.30188679245282 98.21642619311876
1564 1931 14 176.35532994923855 178.3959390862944 120.16751269035532
1246 1928 52 143.7747417527491 151.99833388870377 106.01199600133289
1492 1924 45 145.1127129750983 152.9038881607689 106.82743556138051
701 1920 48 175.24496006085965 177.923925446938 119.41118295930012
1730 1916 45 143.46701616426387 151.38095238095238 105.97204019222367
1624 1904 35 177.7363437727604 180.1988346686089 121.91332847778588
1090 1902 45 130.8785495849716 137.14110965487112 97.96330275229357
776 1895 17 175.10410094637223 177.57097791798105 119.72555205047318
620 1894 28 130.11875693673696 135.97336293007768 97.66814650388457
1559 1887 23 130.38336052202285 136.23491027732464 97.64274061990213
1325 1882 26 145.38393977415308 153.2923462986198 106.96737766624842
1676 1875 14 177.5431472081218 179.2741116751269 121.60913705583755
1169 1871 32 143.10008857395925 179.30912311780338 146.55004428697964
1405 1867 46 177.57888300040767 179.87729311047696 120.84916428862617
1025 1858 25 129.43864598025388 135.361071932299 97.11706629055007
844 1856 52 177.18927024325225 179.38887037654115 120.49450183272243
581 1856 13 175.13705583756345 176.60406091370558 120.54314720812182
945 1852 32 129.51638618246236 135.29672276350755 96.48981399468556
1806 1847 48 176.7105363255991 179.1331304678585 121.0684670977558
1240 1848 19 143.77718832891247 151.73740053050398 104.86737400530504
753 1845 29 142.72697003329634 150.36736958934517 104.94006659267481
1580 1844 21 176.9508506616257 179.16068052930058 120.96408317580341
646 1842 27 176.24215809284817 178.76537013801754 120.41907151819322
697 1838 14 175.33502538071065 177.55329949238578 120.03553299492386
1728 1838 26 131.87829360100375 137.4767879548306 99.79924717691341
1511 1814 50 130.1651896490606 136.1616448068061 98.06841545551222
1095 1809 41 177.2610912799592 179.90872004079552 119.96583375828659
1298 1807 45 140.97771952817826 176.08912188728704 144.87330712101354
1647 1805 47 142.15165103954342 150.5059111292295 105.00652262535671
719 1802 13 178.0203045685279 179.6497461928934 122.58375634517766
1375 1799 21 129.8015122873346 135.49338374291116 97.93950850661626
558 1791 43 117.0928807166431 158.78264969354078 149.37812352663838
1427 1789 23 143.38009787928223 151.39967373572594 106.12398042414357
1882 1789 32 129.36935341009743 135.65899025686448 98.39326837909655
1752 1784 21 142.5444234404537 150.32136105860113 105.99243856332704
913 1784 32 128.54561558901682 134.7643932683791 96.37023914969
1196 1783 48 128.9497907949791 135.33739064282997 95.92963103841765
999 1781 46 144.01508357113738 151.84467998369342 105.53240929474113
855 1771 15 176.6086956521739 177.9486166007905 120.66007905138339
787 1768 45 129.89209261686327 135.5919615552643 96.48099606815204
1579 1765 23 142.02283849918436 177.15823817292008 145.82871125611746
1061 1753 14 178.05076142131978 179.98477157360404 121.20812182741116
670 1750 52 142.12595801399533 150.00099966677774 104.24091969343553
1533 1747 12 144.60402684563758 178.08724832214764 147.8724832214765
1462 1738 29 142.09100998890122 177.87014428412874 145.61931187569368
941 1734 12 117.6241610738255 157.53020134228188 148.1208053691275
1715 1731 36 130.21489782465392 136.83651944627553 98.38760711931442
1382 1731 40 127.93474623535974 134.3680981595092 95.91411042944786
1310 1731 19 144.49336870026525 152.27320954907162 106.89389920424402
473 1731 39 140.56382335148217 174.6799758015729 143.68360556563823
1258 1726 26 116.4077791718946 159.6022584692597 149.771643663739
1117 1720 40 129.88789737869493 136.33017289459008 97.1834913552705
1813 1720 52 142.50116627790737 150.55114961679442 104.90636454515162
1937 1716 51 128.67877374208598 134.77874041986004 97.37154281906031
1634 1713 40 114.88120468488567 157.6307863915226 148.41717791411043
739 1712 14 176.01522842639594 177.81218274111674 120.27411167512689
875 1699 49 175.6534804108026 177.60593381513885 119.33358691517688
1036 1698 37 115.19907712590638 158.10613052076465 148.67435728411337
957 1695 26 139.64115432873274 175.21831869510663 143.33124215809283
789 1686 26 175.60978670012545 177.31744040150562 119.64491844416561
1747 1681 14 176.73096446700507 179.39086294416242 123.54314720812182
1195 1681 42 175.93115757266702 179.30035696073432 119.97348291687915
493 1676 12 139.86577181208054 173.3288590604027 143.11409395973155
1533 1676 46 143.14431308601712 151.3962494904199 105.42233999184671
719 1670 24 128.16965742251224 133.54975530179445 96.1305057096248
1443 1666 38 186.70780399274048 140.33151845130067 110.49425287356323
2003 1663 26 142.30363864491844 150.3249686323714 106.59598494353826
1880 1664 15 175.6284584980237 178.30434782608694 122.26086956521738
1374 1660 19 203.50928381962865 167.68435013262598 129.57294429708222
1299 1660 46 175.61434977578475 179.01019160211985 119.70648185894822
656 1655 31 142.36315323294951 149.511071744907 104.61204605845882
1698 1651 37 127.8905735003296 134.7910349373764 97.2175346077785
924 1641 12 144.93288590604027 151.53691275167785 106.66442953020135
759 1640 18 203.76923076923075 167.79840848806364 130.06366047745357
1778 1636 26 126.25595984943537 133.3048933500627 95.74404015056462
442 1635 50 141.48245303084013 149.1063452676356 104.30733782346685
1618 1631 32 174.9849424269265 177.94596988485387 120.1390611160319
1841 1626 31 140.93002657218778 149.73250664304695 104.77590788308238
1486 1622 18 186.19893899204243 140.10344827586206 110.73209549071618
1233 1619 21 140.6219281663516 149.359168241966 103.59168241965973
2022 1617 18 171.8992042440318 174.58090185676392 119.6870026525199
525 1618 25 125.54583921015515 131.59379407616362 94.06064880112835
1108 1615 52 142.38053982006 151.1952682439187 104.38587137620793
823 1614 36 187.24785761371126 140.51417270929466 110.57020435069215
888 1614 23 210.14029363784667 157.53670473083199 116.5889070146819
993 1611 51 127.1739420193269 134.01599466844385 95.33288903698768
584 1604 20 172.9954648526077 175.55102040816328 119.03174603174604
1937 1602 51 171.92169276907697 175.66244585138287 118.6164611796068
637 1602 17 186.24290220820188 139.71293375394322 110.28706624605678
1186 1599 21 142.59735349716448 151.45746691871457 105.73534971644612
1739 1595 19 141.19363395225463 176.47745358090185 145.3872679045093
1693 1590 16 174.15457413249212 177.5646687697161 120.53312302839116
1390 1589 47 210.7990216061965 158.152466367713 117.16510395434162
705 1585 46 203.2857725234407 167.49531186302488 129.52344068487565
1556 1585 36 127.340804218853 134.00329597890573 96.17930125247197
1311 1575 24 140.30016313213704 149.5220228384992 103.87928221859707
778 1568 16 208.7665615141956 156.9116719242902 117.37223974763407
1475 1567 29 203.65593784683685 167.8534961154273 130.01553829078802
384 1561 35 113.16168973051712 153.67807720320468 145.53678077203205
2036 1557 38 141.46884452510588 149.637628554144 105.53115547489413
1879 1554 16 142.0378548895899 149.57097791798105 107.19242902208201
843 1553 20 187.62131519274377 141.03401360544217 111.55102040816327
466 1550 28 126.74250832408435 132.9178690344062 95.17869034406216
1808 1549 45 173.22105723023154 176.6430755788554 119.62996941896024
1647 1548 41 114.73788883222846 157.80316165221828 148.81234064252934
530 1549 36 139.25510876730388 174.20962425840474 143.10151615029662
1242 1544 45 125.2691131498471 132.74661424202708 94.18567059851463
1157 1544 25 173.2919605077574 177.27080394922424 118.56840620592384
912 1543 42 211.42784293727692 158.82202957674656 117.1718510963794
619 1543 36 186.21819380355964 140.00131839156228 110.77389584706657
1726 1538 30 173.1665014866204 176.61546085232902 119.82556987115956
1109 1535 13 144.05583756345177 151.36040609137055 106.83248730964466
1525 1534 12 174.5234899328859 176.63758389261744 120.61073825503355
1434 1530 18 211.13262599469496 158.57824933687002 117.58620689655172
1059 1529 29 143.6093229744728 152.19200887902332 106.25971143174252
999 1527 18 204.46153846153845 168.80106100795754 130.79310344827584
676 1520 16 185.68454258675078 139.88643533123027 111.05993690851734
711 1518 13 175.46700507614213 177.34010152284262 120.71573604060913
2085 1517 13 128.11167512690355 133.6497461928934 98.81218274111674
857 1513 14 173.35532994923855 175.84263959390861 119.53807106598984
1987 1511 20 141.40136054421768 149.98866213151928 105.95238095238095
1327 1509 36 174.44034278180618 178.45682267633487 119.70797626895187
1922 1505 39 126.29582577132487 133.54022988505747 95.832425892317
1860 1505 13 173.7664974619289 176.9441624365482 121.21827411167511
1571 1503 35 173.7363437727604 176.8790968681719 119.58339402767663
1180 1503 14 174.10152284263958 177.78172588832487 119.65482233502537
504 1499 13 173.68527918781726 175.80710659898475 120.38578680203045
540 1493 14 174.65989847715736 176.492385786802 120.1979695431472
1490 1488 38 185.98971566848155 139.63157894736844 110.26073805202662
784 1487 52 126.38120626457848 132.98033988670443 94.27324225258248
450 1487 26 140.03262233375156 174.48431618569634 143.9134253450439
1650 1486 19 142.9310344827586 150.9549071618037 106.21485411140583
1399 1479 35 142.44719592134012 178.67443554260743 146.41150764748727
1782 1477 21 141.33459357277883 149.92627599243858 105.28922495274102
1270 1477 17 126.64668769716089 133.26182965299685 94.59621451104101
966 1475 33 204.84168655529038 169.33890214797137 130.8170246618934
371 1471 51 124.29456847717428 130.98967010996336 93.47350883038987
1123 1470 44 174.7062706270627 178.38095238095238 119.18953323903818
1041 1469 27 186.4780426599749 140.5219573400251 111.01756587202007
1974 1465 14 171.91370558375633 175.497461928934 119.75634517766497
883 1462 36 174.25708635464733 177.43309162821356 119.03625576796307
687 1460 35 210.13911143481428 157.8055353241078 117.08230152949746
2042 1459 45 173.45915246832678 176.35124508519004 119.90738313674093
1714 1457 41 142.2835288118307 177.8847526772055 146.67669556348804
1214 1457 35 140.92061179898033 150.1522214129643 104.34377276037874
597 1455 43 202.94200848656294 167.7105139085337 130.02593116454503
1344 1453 16 175.3627760252366 178.6782334384858 120.69085173501577
521 1453 21 140.8922495274102 148.95274102079395 104.31758034026466
1537 1438 21 142.40831758034028 177.6030245746692 146.17958412098298
1854 1430 51 126.36521159613463 133.3622125958014 95.57514161946018
1937 1428 26 140.49937264742783 149.13801756587202 104.92597239648681
1497 1425 13 188.1725888324873 142.10152284263958 112.83756345177665
1615 1419 50 126.188231123715 133.24601205246367 94.94080113434953
1778 1415 21 116.42155009451797 159.44234404536863 150.2211720226843
754 1412 20 125.68934240362812 132.65532879818593 95.08616780045352
986 1411 24 211.2120717781403 159.1941272430669 118.0489396411093
1370 1409 22 128.0453686200378 135.5803402646503 97.47258979206049
708 1405 15 185.32806324110672 139.86956521739128 110.95256916996047
1218 1404 9 177.61728395061726 179.72839506172838 123.03703703703702
926 1403 26 126.5483061480552 133.71267252195733 95.40150564617315
1687 1400 13 144.52791878172587 151.91878172588832 108.67005076142131
1438 1400 38 211.49667271627345 159.27102238354507 118.23109497882639
1288 1400 50 140.75327897908542 150.34101382488478 104.00319035802907
2106 1398 29 127.53718091009989 133.50166481687015 97.2630410654828
464 1398 51 141.4091969343552 149.64078640453184 104.56047984005332
1063 1392 41 211.25497195308517 159.21927587965325 118.2116267210607
548 1392 22 130.34782608695653 136.5765595463138 98.2703213610586
649 1390 28 209.8945615982242 158.684794672586 118.75915649278579
592 1390 12 142.5704697986577 176.5234899328859 146.34228187919462
2059 1387 10 147.61061946902655 152.76991150442478 112.32743362831859
1166 1380 40 127.1126603457892 134.15895147796988 95.25488008923593
827 1377 53 140.32159551262075 149.52228108445 103.68650669990652
1803 1367 17 128.4700315457413 135.31545741324922 97.72555205047318
997 1364 15 204.05533596837944 168.99604743083003 130.76679841897231
1522 1363 46 204.2278842233999 168.80472890338362 130.6322869955157
1992 1362 50 140.92449485997872 149.28358738036158 105.02871322226162
1906 1361 29 173.1509433962264 176.98335183129856 119.9433962264151
341 1361 53 173.0280461202867 175.94795886569025 119.15518853225304
1662 1358 15 130.05533596837944 136.10671936758894 99.67193675889327
1731 1350 46 141.84997961679576 150.7443946188341 105.46066041581737
1229 1348 20 140.8027210884354 150.41950113378684 104.28798185941044
1374 1346 34 127.5887032617343 134.99602227525855 95.64439140811456
1593 1339 21 141.4990548204159 177.34404536862004 145.08884688090737
1448 1337 15 175.4901185770751 178.52569169960472 120.02371541501975
713 1329 51 173.59213595468177 177.73042319226926 119.2555814728424
1105 1325 24 203.39477977161502 168.51223491027733 130.35236541598695
418 1324 22 140.13799621928166 175.16446124763706 143.99054820415878
1842 1319 39 141.0852994555354 149.95946763460375 105.07320024198428
934 1318 51 125.94468510496502 133.45151616127959 94.946017994002
590 1318 49 112.82122480030431 155.87181437809053 147.09357170026627
1036 1315 37 186.59459459459458 140.97495056031642 110.97099538562952
1308 1313 26 173.87829360100375 178.35382685069007 119.58092848180677
1927 1311 16 171.84542586750788 175.30283911671924 119.14511041009463
1173 1309 20 172.59183673469389 177.03174603174602 118.45578231292518
1418 1308 16 174.48895899053628 178.02208201892745 119.97160883280756
2092 1306 52 141.14861712762414 175.40319893368877 145.2572475841386
865 1302 14 130.0710659898477 135.81218274111674 98.68527918781726
487 1301 40 140.87953151143336 176.60290016731736 145.30507529280536
1648 1299 37 174.00131839156228 177.83124588002636 119.81147000659195
2019 1293 14 139.86802030456852 173.98984771573603 143.91878172588832
1785 1292 21 126.38185255198488 133.6219281663516 95.8374291115312
1970 1290 21 128.19281663516068 134.55765595463137 96.64272211720227
1479 1283 34 185.77645186953063 139.77008750994432 110.49562450278441
810 1283 35 140.43772760378732 150.00801165331393 104.2600145666424
317 1281 21 173.24385633270322 176.49149338374292 120.08128544423441
1241 1280 42 126.82100968893423 134.93319734829169 95.67057623661398
1563 1275 42 210.55226925038247 158.38806731259564 117.52524222335543
991 1269 12 203.24161073825502 168.55704697986576 130.7986577181208
756 1262 15 140.49407114624506 149.29644268774703 105.35968379446639
677 1261 15 140.47430830039525 149.50592885375494 104.65612648221344
1175 1261 19 128.24933687002653 136.3342175066313 97.40583554376657
1371 1256 45 139.91786806465706 149.94233289646135 104.05242463958061
1025 1251 16 203.57413249211356 168.9621451104101 130.66561514195584
398 1250 46 140.50183448838158 149.34936812066857 104.53363228699551
463 1246 12 146.43624161073825 181.00671140939596 149.6778523489933
1097 1245 45 203.54434250764527 169.1052861511577 130.521625163827
1912 1243 44 126.73125884016973 133.7072135785007 95.91466289486091
1817 1238 38 174.06231094978827 177.23956442831218 120.14882032667877
1734 1237 42 115.10198878123407 158.21927587965325 149.27587965323815
2002 1236 37 172.44957152274225 175.3928806855636 119.40804218852999
2065 1232 17 173.76971608832807 176.42586750788644 120.76971608832807
1509 1232 16 140.5930599369085 175.9558359621451 144.596214511041
1300 1232 22 140.0812854442344 150.01134215500946 104.61436672967864
1657 1230 25 127.92947813822285 134.71650211565586 96.60789844851904
626 1230 37 126.66446934739616 134.62755438365193 96.23071852340144
801 1228 11 175.6979865771812 179.18120805369128 122.41610738255034
876 1227 45 203.16164263870687 168.8514635211883 130.4364351245085
2126 1225 35 126.69774217042972 133.2556445739257 96.6817188638019
1607 1222 16 142.29022082018926 176.81388012618297 146.30599369085172
969 1222 34 185.76849642004774 140.73031026252983 110.96420047732697
455 1211 17 140.2460567823344 149.08201892744478 105.1198738170347
1170 1210 22 210.18147448015122 159.18147448015122 117.80718336483932
1223 1209 17 116.02839116719242 159.4794952681388 149.05362776025237
533 1208 50 125.79971641261965 133.8316199929103 95.2258064516129
310 1207 43 126.32767562470532 133.38519566242337 96.04667609618105
1034 1203 23 185.31484502446983 140.52528548123982 111.29037520391518
716 1198 51 172.8430523158947 178.06331222925692 119.02865711429524
1854 1193 14 174.7208121827411 177.28934010152284 120.84263959390861
1450 1192 43 114.44224422442244 158.73691654879772 149.61951909476662
90 1187 6 139.34693877551018 136.55102040816325 136.0408163265306
1633 1184 17 173.51104100946372 177.20504731861197 120.13564668769716
805 1184 25 185.1805359661495 140.01128349788434 110.65303244005642
375 1182 18 174.3448275862069 177.9283819628647 120.93103448275862
1551 1178 43 203.29514380009428 168.36115040075435 130.5129655822725
1111 1176 14 140.5685279187817 177.2944162436548 146.1725888324873
1366 1174 33 128.34526650755768 136.01272871917263 97.3062848050915
2322 1172 6 133.3673469387755 128.0612244897959 130.12244897959184
1969 1170 28 139.48168701442842 148.06215316315206 104.50832408435072
926 1168 24 210.3425774877651 159.64274061990213 118.42251223491029
1693 1168 33 128.56642800318218 135.59824980111378 97.7645186953063
2140 1161 16 171.08832807570977 173.61514195583595 120.20820189274447
1266 1159 47 172.88300040766407 178.96371789645332 119.00733795352629
2068 1156 47 114.61924174480228 156.92091316754994 148.7721157766001
988 1153 25 203.7277856135402 170.11424541607897 131.4132581100141
441 1150 41 127.99133095359511 135.49413564507904 97.00509943906171
1895 1149 39 173.42891712038718 176.8886872353297 119.64670296430732
857 1146 32 185.29495128432242 140.19131975199292 110.59167404782994
1172 1142 38 185.90683605565638 141.01149425287358 111.03508771929826
1783 1139 53 140.712371455282 149.6622000623247 105.26207541290121
1064 1138 38 209.69328493647916 159.0496067755596 117.49546279491834
617 1133 51 138.24125291569476 149.1952682439187 103.41352882372543
1623 1130 31 141.37378210806023 177.23560673162092 146.0992028343667
1419 1124 20 174.12471655328798 179.24489795918367 120.43764172335601
774 1121 40 208.73563859453432 158.18795315114335 117.5281650864473
508 1116 30 140.49653121902872 176.89296333002972 145.58374628344896
1004 1113 13 141.48730964467003 151.76142131979694 106.26395939086294
700 1107 26 113.50313676286072 157.6750313676286 147.7302383939774
1567 1103 23 142.77324632952693 178.89396411092986 147.39477977161502
336 1101 54 172.5073231536304 176.599252103459 118.64443751947647
2125 1097 36 128.19644034278178 134.88529993408042 98.41199736321687
1699 1094 34 140.31583134447098 149.21877486077963 104.7024661893397
1910 1091 12 174.40939597315435 176.63758389261744 121.7248322147651
1491 1090 46 129.01059926620465 136.44394618834082 97.8679168365267
926 1085 51 173.79373542152615 180.2349216927691 119.40586471176275
2066 1082 14 173.15736040609136 176.55329949238578 121.9746192893401
841 1082 18 209.49071618037135 158.9389920424403 117.92572944297082
1350 1081 47 142.221769262128 180.05788830004076 147.58703628210355
1253 1082 23 137.60848287112563 148.9853181076672 103.39314845024471
1199 1078 24 187.64600326264275 143.278955954323 113.03099510603589
661 1077 15 172.7786561264822 178.6482213438735 119.67984189723319
1988 1075 55 128.39718392490465 135.62422997946612 98.10589615723086
1859 1065 39 129.47186932849365 136.77253478523897 99.11857229280098
1027 1062 34 127.38424821002387 136.68655529037392 96.92203659506762
1627 1058 35 210.25564457392574 158.95557174071376 118.56591405680992
1117 1057 44 202.8892032060349 169.981612446959 130.94389438943895
1421 1055 20 173.24489795918367 178.61678004535148 120.01587301587301
711 1053 26 140.31493099121704 178.45922208281053 145.83312421580928
860 1051 13 175.2233502538071 180.746192893401 120.81218274111674
455 1048 47 138.03016714227476 148.33917651854873 103.47696697920914
1560 1045 22 174.94517958412098 179.0359168241966 120.26275992438563
552 1043 39 113.69691470054447 158.38112522686026 149.08106473079252
1772 1034 41 174.7011728709842 178.57623661397247 120.58694543600204
384 1033 16 139.33753943217664 148.48895899053628 105.25552050473186
792 1024 46 202.40481043620056 169.09457806767224 130.62821035466774
1697 1023 31 185.54738706820194 140.35518157661647 111.20637732506643
1461 1019 16 143.7981072555205 180.33123028391168 148.14511041009465
1190 1016 27 142.49560853199498 180.62358845671267 147.86700125470514
1057 1016 12 174.50335570469798 181.16107382550337 121.20805369127517
1350 1016 13 177.4213197969543 182.72588832487307 122.98477157360405
2095 1013 41 142.56144824069352 177.6221315655278 147.20856705762367
726 1010 13 185.90862944162436 142.53299492385787 113.1725888324873
313 1011 29 172.82574916759157 177.09100998890122 119.53829078801333
649 1007 50 128.85785182559377 137.93158454448778 98.0641616448068
1278 1001 47 114.49571952710966 160.66326946596004 150.39991846718303
1401 1000 33 174.18058870326175 179.4892601431981 120.23309466984885
511 997 20 127.71201814058958 135.79365079365078 97.57142857142857
979 993 40 137.87953151143336 150.00613496932516 103.46402677077525
888 992 41 128.9811320754717 138.13003569607343 97.95002549719531
1975 991 12 173.26174496644296 177.0 121.22818791946308
1836 991 24 129.3278955954323 136.99673735725938 98.61011419249593
1523 991 34 138.17263325377886 148.3985680190931 103.38743038981703
2020 989 25 172.99435825105783 177.55430183356842 120.39069111424541
1641 989 22 203.51984877126654 168.86200378071834 131.11909262759926
1908 986 43 172.96605374823196 177.33804809052333 119.73833097595474
1133 984 20 184.9795918367347 141.0453514739229 111.80045351473923
453 978 15 173.71146245059288 178.47826086956522 120.72727272727272
1464 977 19 129.0079575596817 137.22546419098143 98.93103448275862
1345 977 18 138.83289124668434 149.53580901856762 104.52254641909813
560 973 30 137.30029732408326 148.34390485629336 103.1595639246779
1589 971 22 130.19659735349717 137.36862003780718 99.296786389414
1760 968 15 140.0909090909091 148.08300395256916 105.4584980237154
389 965 45 130.59021406727828 138.48842289209261 99.62254259501967
741 952 37 184.3045484508899 139.82663150955833 110.26104152933421
1427 951 14 140.0659898477157 150.13705583756345 105.49238578680202
1064 952 41 136.6308006119327 148.98878123406425 102.5792962774095
319 951 12 174.26174496644296 178.40268456375838 122.10738255033557
820 940 32 208.57218777679364 158.57661647475643 117.53410097431356
1698 938 43 204.04243281471005 169.8826025459689 131.96935407826496
1194 937 44 202.34464875058936 169.99245638849598 130.94106553512495
661 938 11 174.751677852349 180.76510067114094 122.93288590604027
999 934 16 131.29022082018926 139.9179810725552 101.32492113564669
1869 931 14 176.09137055837562 179.83248730964465 123.15228426395939
952 932 16 132.14195583596214 140.34700315457414 101.79179810725552
1981 930 37 131.64996704021092 139.24719841793012 101.32696110744891
1554 927 20 174.7392290249433 179.36281179138322 121.10657596371883
606 926 25 141.8787023977433 180.30747531734838 147.61071932299012
1809 924 39 130.17543859649123 137.8711433756806 99.65033272837266
1377 924 37 210.5557020435069 160.07251153592617 118.60514172709294
2073 921 45 137.32678025338575 147.13717780690257 103.38575797291394
562 918 14 141.43654822335023 178.4720812182741 146.76649746192894
1919 917 14 139.53807106598984 148.45685279187816 105.17766497461928
898 918 26 175.06273525721454 182.2082810539523 120.14303638644918
1291 913 38 130.67090139140956 140.0483968542045 100.10707803992742
490 914 51 174.2889036987671 179.69443518827057 119.60713095634789
1123 913 19 209.39522546419096 160.20159151193633 118.88859416445622
415 906 14 176.8172588832487 181.57360406091368 122.86294416243653
1479 902 50 137.71676710386387 148.50974831619993 103.01914214817441
1616 900 39 175.92498487598309 180.44827586206898 121.20024198427103
1756 900 13 185.0203045685279 140.9035532994924 112.75634517766497
356 896 28 130.53940066592676 138.54051054384018 100.64816870144284
858 890 18 184.3872679045093 140.6286472148541 111.25729442970821
1944 883 10 176.91150442477877 180.27433628318585 124.29203539823008
818 884 12 201.33557046979865 168.78523489932886 131.36912751677852
766 882 30 209.2477700693756 159.53815659068385 118.47175421209117
679 877 46 175.30167142274766 181.66204647370566 120.20464737056665
1215 869 17 202.08832807570977 169.79179810725552 131.0788643533123
1554 867 22 131.47637051039698 139.15500945179585 101.04725897920605
1069 866 32 175.68024800708594 183.36315323294951 121.04340124003544
894 864 18 175.22546419098143 181.9708222811671 120.84880636604774
978 863 50 129.89152782701169 139.53668911733428 99.13399503722084
1153 861 32 184.21700620017717 140.5349867139061 110.94862710363154
590 859 40 130.13998884551032 139.0245398773006 99.29670942554378
1339 858 21 140.61814744801512 179.58790170132326 146.79017013232516
1880 856 51 135.92102632455848 146.16127957347553 102.055314895035
1795 854 18 201.14854111405833 167.74535809018568 130.9230769230769
1726 853 32 185.00531443755537 140.37732506643047 111.85828166519043
1406 851 30 186.20713577799802 141.6759167492567 112.1159563924678
1666 849 19 184.9098143236074 140.17241379310343 111.72679045092838
2063 846 23 136.44045676998368 146.36704730831974 103.30016313213703
1988 842 42 175.57827638959716 180.1529831718511 121.91381947985722
415 838 46 130.31430900937627 138.556461475744 99.20790868324501
742 832 18 175.9416445623342 182.25994694960212 121.26525198938991
636 823 12 175.48993288590603 181.41610738255034 123.19463087248322
830 823 44 201.44271570014143 168.31305987741632 129.55445544554456
1596 821 33 209.76770087509945 159.13365155131265 118.93556085918856
906 820 19 186.17241379310343 142.87533156498674 113.25464190981432
1272 812 51 139.95634788403865 179.71242919026992 146.2862379206931
1439 812 15 201.56916996047428 167.80237154150197 130.3399209486166
1033 809 19 134.76127320954907 147.315649867374 102.13793103448275
1506 804 45 202.3224115334207 168.3997378768021 130.29270423765837
1366 802 24 185.21696574225123 141.29690048939642 111.65089722675367
1740 801 14 200.26395939086294 166.41624365482232 129.41116751269035
1187 800 30 183.82556987115956 140.3548067393459 111.01288404360753
512 798 50 134.05778092874868 146.0907479617157 100.73768167316554
2041 797 18 173.12201591511936 177.9257294429708 121.03978779840848
1804 794 36 208.79630850362557 158.0744891232696 117.48319050758074
1105 788 43 209.23998114097125 159.99528524280998 118.24846770391325
1866 786 14 135.93908629441623 145.1218274111675 102.1725888324873
765 784 19 112.91777188328912 157.16710875331563 147.2838196286472
1923 779 26 130.8870765370138 138.56963613550815 100.78168130489334
969 779 24 209.5546492659054 160.15334420880913 118.44861337683524
591 777 27 140.11543287327478 178.5621079046424 146.01756587202007
1673 776 44 203.0990099009901 169.15983026874116 131.3059877416313
686 770 50 134.95958879829848 147.21446295639845 101.22013470400567
1749 762 20 209.92970521541952 159.41043083900226 119.37868480725623
1424 759 35 208.9293517844137 159.21704297159505 118.33139111434815
899 756 36 209.35003295978905 159.3744232036915 117.7448912326961
434 757 28 173.21531631520534 180.0255271920089 120.45948945615983
1994 752 40 130.83268265476855 139.1243725599554 101.34969325153375
1588 747 30 184.9217046580773 140.1209117938553 111.38156590683845
751 747 13 141.4517766497462 179.06091370558374 146.9492385786802
1861 745 20 183.68027210884355 139.78684807256235 111.55555555555556
1026 745 32 200.95305580159433 168.71656333038086 130.3746678476528
1338 744 38 130.8505747126437 140.80822746521477 100.54325468844526
1276 743 12 178.51677852348993 186.43624161073825 125.48322147651007
1220 741 26 173.43161856963613 181.8155583437892 119.90338770388958
1531 739 17 186.94637223974763 142.3596214511041 113.3186119873817
620 738 14 173.8984771573604 180.08121827411165 121.0203045685279
1169 737 21 202.14555765595463 170.6086956521739 131.87901701323253
1795 734 18 130.78514588859414 138.46153846153845 101.02917771883288
818 730 42 130.82967873533912 140.3161652218256 99.90158082610914
1124 720 16 182.6750788643533 139.61829652996846 110.71608832807571
963 720 24 184.89233278955956 141.0326264274062 111.30342577487765
1484 719 21 142.53497164461248 180.4366729678639 148.0453686200378
1081 718 16 206.32807570977917 158.7160883280757 118.91482649842271
564 710 34 113.27287191726333 158.77565632458234 148.75815433571998
737 708 21 140.00567107750473 178.71833648393195 145.4045368620038
1831 702 24 174.59869494290376 180.1941272430669 121.37194127243067
1445 700 16 132.53312302839117 141.01577287066246 101.99369085173501
1911 698 42 173.66751657317695 178.8883222845487 120.36562978072413
1551 698 25 136.6361071932299 147.4132581100141 102.86036671368124
703 698 13 175.01015228426394 182.18781725888323 123.27918781725887
1199 695 19 130.3607427055703 140.44031830238725 99.973474801061
478 693 42 139.95665476797552 178.39622641509436 145.98521162672108
1646 692 27 141.9121706398996 179.16938519447928 147.2534504391468
1981 686 18 134.3050397877984 145.05305039787797 102.15119363395225
1272 678 46 132.0476966979209 142.0281288218508 101.22462291072156
1737 676 51 131.59780073308897 139.90669776741086 101.06331222925692
969 675 11 132.61744966442953 141.5771812080537 103.32214765100672
650 673 44 131.8995756718529 141.14002828854314 101.12588401697313
1383 671 39 113.2928009679371 159.18632788868726 149.2419842710224
1858 661 14 174.8223350253807 179.75126903553297 121.99999999999999
1493 661 31 174.63596102745794 181.21434898139947 120.47298494242693
1440 660 12 175.51006711409394 182.23489932885906 122.56375838926174
897 659 49 133.82578927348803 146.91441612780525 100.97831875237733
1204 656 12 173.08053691275168 181.34228187919462 120.63758389261744
821 656 19 134.25994694960212 146.86737400530504 101.6472148541114
1141 655 42 130.6511983681795 140.8505864354921 99.63488016318206
1948 650 13 137.48730964467003 147.1979695431472 105.35532994923857
1819 649 16 116.24921135646687 160.29652996845425 151.11041009463722
1665 643 13 174.88324873096445 180.5482233502538 122.63451776649745
743 641 46 174.0493273542601 181.49164288626173 120.48919690175296
1035 640 53 173.9460891243378 182.72795263321908 119.95543783110003
1592 638 41 134.3350331463539 146.29882712901582 101.6308006119327
1329 631 18 136.54907161803712 149.3872679045093 103.79575596816976
1791 628 11 174.2281879194631 179.2013422818792 122.24161073825503
553 621 51 173.23625458180607 180.61379540153283 119.80006664445186
1916 618 25 134.71932299012693 145.8561354019746 102.74612129760226
1369 612 14 142.58883248730965 180.746192893401 148.51269035532994
957 608 18 134.2838196286472 147.41909814323606 102.07957559681697
1284 601 21 133.63137996219282 146.90737240075615 101.37618147448015
828 599 31 134.4650132860939 147.4650132860939 101.64747564216121
1213 597 37 172.96572181938035 181.30191166776532 119.3058668424522
1849 591 42 113.52269250382459 157.72259051504335 148.8781234064253
1526 590 29 113.64594894561598 158.39733629300778 148.74583795782465
1438 588 50 131.14817440623892 140.8752215526409 100.61538461538461
1678 578 36 142.0435069215557 179.2933421226104 147.81147000659195
1758 577 37 132.70599868160843 144.14765985497692 100.63085036255767
1613 572 20 133.7981859410431 145.35374149659864 101.79591836734694
662 569 41 112.55991840897502 157.61244263131056 147.7868434472208
916 563 40 132.92638036809817 142.70719464584496 101.94924707194646
1339 561 37 140.22478576137112 179.8121292023731 146.6750164798945
1120 556 50 133.49982275788727 146.91563275434243 100.66465792272244
745 555 32 134.12046058458813 146.55801594331268 101.89725420726307
1504 551 14 133.9746192893401 142.9746192893401 103.61928934010152
1001 549 35 131.61689730517116 142.1514930808449 101.27021121631465
1052 547 10 173.7787610619469 181.34513274336283 122.69026548672566
1389 539 15 131.81027667984188 141.27272727272725 101.3794466403162
1271 538 28 132.44950055493896 146.05216426193118 100.73251942286349
594 536 33 130.7239459029435 140.25536992840097 100.77406523468576
1200 527 25 130.8617771509168 141.14245416078984 100.76163610719323
1819 522 34 129.87509944311853 139.05648369132857 100.45584725536993
1558 520 42 172.8235594084651 179.81591024987253 119.71596124426314
646 520 10 174.4867256637168 181.5929203539823 124.13274336283186
1643 511 33 132.4343675417661 141.3373110580748 102.29594272076373
1319 504 20 172.3151927437642 180.6485260770975 118.75056689342404
822 501 52 139.8777074308564 179.11829390203266 146.1022992335888
1473 498 39 132.2032667876588 145.24379915305505 100.3653962492438
1164 491 13 171.61928934010152 179.6243654822335 120.42639593908629
628 486 14 171.83756345177665 178.25380710659897 119.82741116751268
1727 481 51 172.53748750416528 178.4941686104632 119.91102965678108
1049 478 40 172.08533184606804 180.35415504740658 118.74121583937536
700 477 49 131.64130848231267 140.85812095853936 101.3986306580449
1385 472 42 172.39622641509436 180.34421213666496 119.33605303416626
1595 469 11 174.03355704697987 179.94630872483222 122.51006711409396
948 468 46 132.85161027313492 146.5707297187118 100.53077863840196
1316 461 16 172.28391167192427 179.94006309148264 119.94006309148264
1240 456 49 130.75542031190568 140.73107645492584 100.43286420692279
769 452 13 173.16751269035532 180.13705583756345 120.49238578680202
880 442 17 170.77287066246058 178.34384858044163 118.76656151419559
1135 437 40 131.09035136642498 140.97044060234245 101.15560513106526
1539 435 38 133.40048396854206 142.6128251663642 102.69751966122203
1010 424 19 132.84615384615384 146.20424403183023 101.9575596816976
1073 417 19 131.66312997347478 141.45092838196285 101.89655172413792
746 414 22 133.52930056710775 146.14555765595463 102.29867674858224
1638 411 50 130.88302020560084 139.9904289259128 101.01666075859625
813 403 39 171.57108287961285 179.16878402903814 118.89776164549305
1329 398 39 132.03145795523292 145.1923774954628 100.35087719298247
1452 390 50 131.4005671747607 140.83091102445943 101.21658986175115
1248 384 16 171.16403785488959 178.45425867507885 120.10094637223975
1109 371 19 130.84350132625994 144.05039787798407 99.43766578249337
913 368 53 130.34060454970395 140.33935805546898 100.512620754129
1557 360 31 170.35341009743135 176.71922054915856 119.00620017714792
1184 359 42 130.92809790923 144.28658847526773 99.42631310555839
1021 347 51 170.30423192269245 178.3898700433189 117.86037987337555
1506 329 22 129.99243856332703 142.3742911153119 99.66351606805293
1371 318 36 140.636783124588 179.41001977587342 146.93869479235332
1442 310 20 169.80498866213154 177.10657596371883 118.3968253968254
1282 308 46 111.60171218915613 156.48348960456585 146.85242560130453
1112 299 36 139.9030982201714 178.8516809492419 146.2201713909031
1198 288 26 131.0552070263488 140.52446675031368 101.10539523212044
1201 77 2 135.6 132.0 129.8
1192 75 3 147.6923076923077 148.30769230769232 146.15384615384616
1201 74 2 109.0 106.2 104.4
1200 68 2 136.6 135.0 134.8
1193 68 2 137.0 136.4 137.20000000000002
