1125 2300 3 133.84615384615384 130.76923076923077 133.76923076923077
1117 2300 2 134.20000000000002 130.0 133.4
1125 2294 3 129.30769230769232 122.53846153846155 119.76923076923077
1116 2291 2 140.6 133.4 130.6
1209 2115 16 126.50473186119874 133.9179810725552 94.71293375394322
1110 2107 20 177.65759637188208 181.07709750566895 120.52834467120182
1437 2087 36 125.46341463414633 132.9215557020435 93.56558998022412
1351 2084 41 124.79194288628251 132.2957674655788 92.51147373788883
1169 2070 32 136.36935341009743 171.62001771479186 140.86713906111603
1257 2059 46 106.6742763962495 149.96086424785977 142.5686913982878
1041 2056 54 122.59956372701775 130.7759426612652 90.5724524774073
933 2045 40 178.64472950362523 181.5376464026771 120.59955382041272
1513 2041 43 178.44365865157945 180.94719471947195 121.000942951438
1121 2031 19 123.09814323607426 131.0132625994695 91.46153846153845
843 2027 43 124.94530881659594 132.58840169731258 92.61904761904762
1327 2017 17 147.73817034700315 155.30914826498423 108.82649842271293
982 2000 17 145.05993690851736 153.41324921135646 106.65615141955836
1406 1993 53 179.82424431287004 181.94889373636647 120.82736054845746
1261 1990 17 146.37854889589906 154.35015772870662 107.51104100946372
1102 1985 21 148.1266540642722 156.17391304347825 108.18714555765595
1484 1982 17 124.7981072555205 131.5930599369085 92.89589905362776
1599 1981 53 124.93923340604549 132.0317856029916 92.86974135244624
1181 1975 52 180.50183272242586 183.14161946017995 121.34888370543153
876 1973 17 146.54889589905363 153.6813880126183 106.69400630914826
689 1967 14 176.9492385786802 179.27918781725887 120.42639593908629
769 1964 52 144.52315894701766 153.0326557814062 105.12829056981006
931 1964 34 125.46380270485282 132.7104216388226 92.5505171042164
1698 1959 27 146.1518193224592 153.98117942283562 107.2107904642409
1315 1953 36 124.73566249176004 132.07251153592617 92.67303889255108
843 1946 14 178.93401015228426 181.05583756345177 120.50761421319795
1031 1942 50 179.1644806806097 181.88904643743354 120.08968450903934
1107 1942 16 126.29022082018928 133.3627760252366 94.13249211356467
1255 1936 20 123.59410430839003 130.82766439909298 91.12244897959184
1511 1928 37 147.73895847066578 155.44693473961766 107.65919578114699
1447 1924 17 148.24921135646687 155.64668769716087 108.48580441640378
817 1915 12 180.46308724832215 182.15436241610738 123.08724832214764
1179 1902 11 183.30872483221475 184.8724832214765 124.55704697986577
949 1899 23 146.91190864600327 154.59380097879284 107.05546492659055
1644 1897 40 179.4015616285555 181.515895147797 121.30507529280536
1572 1894 24 125.76182707993475 132.56117455138664 93.82544861337684
680 1893 50 134.28961361219424 168.99574618929458 138.69904289259128
878 1892 37 137.22148978246537 172.7560975609756 141.1292023731048
1310 1888 19 179.49336870026525 182.3899204244032 121.03183023872678
1818 1884 19 178.9681697612732 180.88859416445624 121.60742705570291
1124 1879 42 147.3217746047935 155.69454360020399 107.11473737888834
1060 1879 12 180.58389261744966 183.28187919463087 122.8993288590604
1387 1875 46 137.7847533632287 173.16265796983285 142.06807990216063
1467 1872 24 137.8172920065253 173.12234910277326 142.1794453507341
1745 1871 50 146.94009216589862 154.75292449485997 106.94576391350584
593 1868 28 178.5493895671476 180.73140954495005 121.2364039955605
1238 1863 47 126.02935181410518 133.52262535670607 93.27354260089686
1524 1855 26 179.11668757841906 181.44040150564615 121.36010037641154
938 1855 12 177.83221476510067 179.50335570469798 121.75167785234899
781 1854 41 105.83528811830699 148.99286078531364 141.61550229474759
1003 1850 40 180.0674846625767 182.42721695482433 120.86781929726716
851 1835 18 147.86737400530504 155.3766578249337 107.60742705570291
1170 1832 16 146.9179810725552 155.10094637223975 107.16088328075709
1071 1828 18 127.87798408488062 134.68435013262598 94.90185676392572
1848 1823 43 124.35313531353135 131.74210278170673 92.36539368222536
1675 1821 25 123.24823695345557 131.16643159379407 92.08321579689704
717 1822 20 178.17687074829934 180.63038548752834 120.27210884353742
1316 1818 35 180.3008011653314 182.61471230881284 121.92134013109978
1592 1813 44 178.72937293729373 181.4097123998114 120.65063649222066
637 1813 33 124.5958631662689 131.72633253778838 91.9546539379475
1782 1806 17 125.3217665615142 132.4416403785489 94.14826498422713
541 1799 42 134.61907190209078 168.2886282508924 138.83732789393167
1733 1794 18 145.24137931034483 153.3819628647215 107.18037135278514
1195 1790 21 127.60491493383743 135.06805293005672 95.3194706994329
1467 1789 54 126.79152383920224 133.9492053599252 94.12464942349641
1382 1789 24 105.8026101141925 149.20065252854812 142.3246329526917
912 1789 51 125.43152282572476 132.51616127957348 92.66777740753082
769 1789 20 146.31746031746033 154.18367346938777 107.07482993197279
1253 1782 24 137.30505709624796 172.63132137030996 141.38825448613377
1125 1781 40 136.3446737311768 171.7122141662019 140.7328499721138
823 1779 28 179.31298557158712 181.87680355160933 120.69034406215316
1538 1775 12 180.33557046979865 182.37583892617448 123.02684563758389
1021 1756 48 147.39026245720808 155.10840623811336 107.23925446938
1857 1754 19 127.58090185676392 134.49867374005305 95.9787798408488
1577 1754 10 181.86725663716814 183.3362831858407 124.75221238938053
700 1748 52 124.4118627124292 131.59846717760746 91.53015661446184
1674 1743 42 105.78072412034676 149.5313615502295 142.4125446200918
604 1742 32 104.99202834366696 147.58104517271923 140.48892825509301
1781 1739 46 177.68283734203015 180.33102323685284 120.7085201793722
1928 1733 47 144.7150428047289 152.7015898899307 106.64492458214431
550 1732 18 144.71618037135278 152.06366047745357 106.315649867374
1085 1729 15 125.5889328063241 132.4901185770751 93.92094861660078
1401 1728 28 124.91675915649279 132.63263041065483 93.22974472807991
1314 1727 48 146.63332065424117 154.70178775199696 106.7721567135793
791 1726 27 135.10664993726473 169.70514429109159 139.43914680050187
1607 1720 25 126.55994358251057 134.18617771509167 94.73906911142454
1129 1719 15 181.6284584980237 184.74703557312253 123.399209486166
859 1716 33 125.206046141607 132.1233094669849 91.92124105011933
946 1715 23 180.66557911908646 182.8515497553018 122.11908646003263
1539 1713 36 146.5207646671061 154.82860909690177 107.44100197758733
552 1713 12 133.83221476510067 140.28859060402684 97.59060402684564
1203 1712 49 180.25751236211488 183.44313427158616 121.24838341574744
1471 1708 17 136.5520504731861 171.34384858044163 141.1135646687697
471 1707 53 178.08476160797755 179.93081956995948 119.80772826425678
1708 1700 12 177.3221476510067 180.6979865771812 122.28859060402684
1855 1698 22 144.7485822306238 153.01890359168243 106.43478260869566
1986 1695 18 146.13527851458886 153.9416445623342 108.19363395225464
555 1685 27 145.33877038895858 153.4090338770389 105.96863237139272
1430 1681 13 109.38071065989847 150.21827411167513 142.95939086294416
1743 1669 25 125.20733427362482 132.6093088857546 92.93935119887165
756 1667 33 209.06682577565633 155.40413683373112 114.20445505171043
1933 1666 17 177.21135646687696 180.0441640378549 121.31230283911671
696 1665 19 179.10610079575596 180.43501326259945 120.32625994694959
1150 1664 12 181.8724832214765 184.75838926174495 123.48993288590604
1088 1664 39 105.50574712643679 149.07078039927407 141.7816091954023
1802 1662 24 177.77814029363785 180.8336052202284 121.35073409461664
625 1662 42 124.43804181540031 131.56603773584905 92.10912799592046
1583 1656 15 106.5296442687747 147.9090909090909 140.97628458498022
1008 1656 33 211.3667462211615 157.66428003182182 115.37867939538584
1552 1648 12 138.26174496644296 172.24161073825502 141.7785234899329
1300 1646 22 210.12854442344047 157.2835538752363 115.93950850661626
1659 1645 51 146.2755748083972 154.4865044985005 107.0866377874042
922 1645 43 203.53182461103253 166.96841112682696 127.7067421027817
1377 1641 42 201.88118306986232 165.80979092299847 127.52575216726161
832 1642 36 181.76203032300592 134.8543177323665 106.11404087013842
1244 1640 25 126.65867418899859 134.1283497884344 94.24400564174894
1483 1635 50 182.9578163771712 136.46260191421482 107.40978376462247
1988 1626 40 176.81873954266592 179.9643056330173 120.66424986056889
474 1624 18 178.85145888594164 180.46419098143235 120.9787798408488
408 1621 44 124.67421027817068 131.62659123055164 92.73550212164074
775 1615 11 151.51677852348993 157.64429530201343 110.1006711409396
1878 1615 52 125.32155948017328 132.93202265911364 93.16861046317894
541 1605 43 177.6793965110797 179.94955209806696 119.84488448844884
1761 1602 41 125.23151453340134 133.12493625701174 93.70780214176442
1571 1592 37 201.86618325642715 165.96176664469345 128.02373104812128
978 1593 18 210.53315649867372 156.71087533156498 115.09814323607426
1165 1592 51 126.05298233922026 133.89870043318894 93.55581472842387
621 1591 19 135.50132625994695 169.44827586206895 139.59946949602121
1245 1590 18 180.58885941644562 134.76657824933687 106.71618037135278
701 1587 47 106.92132083163473 149.77333876885447 142.46677537708928
1945 1585 13 145.38071065989845 153.40609137055836 108.01522842639594
1428 1580 16 127.77917981072555 134.74132492113563 95.58044164037855
1311 1579 38 210.1639443436177 156.90744101633396 115.04597701149426
790 1580 27 147.10163111668757 154.7340025094103 107.39899623588455
847 1573 21 209.7788279773157 156.53497164461248 115.30812854442344
1385 1570 23 146.4763458401305 154.86296900489398 107.12234910277326
1052 1566 51 180.18427190936356 183.39220259913364 120.973008997001
349 1565 22 126.76937618147448 133.61625708884688 96.23062381852552
1692 1564 24 178.64926590538337 181.64274061990213 121.6541598694943
1513 1564 18 125.54376657824933 132.05835543766577 93.91777188328912
1634 1563 22 181.73724007561438 135.31947069943288 106.4820415879017
471 1564 28 144.76581576026638 152.47058823529412 105.82352941176471
1816 1553 24 178.02446982055466 181.2088091353997 121.35236541598695
924 1553 39 181.53901996370237 134.91409558378706 106.13793103448276
1938 1537 29 145.3607103218646 154.44839067702554 107.1198668146504
2034 1535 48 144.57968809433245 152.92164321034613 107.30886268543172
560 1535 17 146.94006309148264 154.29968454258673 108.27444794952682
1705 1528 10 180.7787610619469 137.4070796460177 111.41592920353982
625 1528 37 124.04680290046143 131.3816743572841 92.58932102834541
1533 1522 15 147.61660079051381 155.26086956521738 109.00790513833991
406 1521 42 145.46302906680265 152.70933197348293 106.42019377868435
687 1520 16 125.43217665615141 132.46372239747635 93.77287066246056
1248 1519 41 204.42886282508925 168.60887302396736 129.66292707802143
1109 1519 17 180.0378548895899 182.69716088328076 121.62460567823344
1587 1516 27 108.39021329987452 151.93851944792974 144.59723964868255
1302 1515 9 185.35802469135803 187.25925925925924 128.320987654321
853 1513 26 203.48682559598493 167.14805520702635 128.37139272271014
1453 1511 49 180.3796120197794 183.41917078737163 121.6420692278433
1356 1508 36 182.54976928147659 136.4515491100857 107.79037574159524
984 1507 28 182.007769145394 135.75693673695895 107.32408435072142
1863 1503 37 124.52999340804217 132.614370468029 93.39090309822016
1660 1502 36 209.39419907712588 156.5794330916282 115.80158206987474
1171 1501 32 148.00531443755537 156.7617360496014 108.53144375553588
1760 1498 46 135.0627802690583 169.80269058295963 140.3273542600897
766 1497 50 146.37433534207727 154.6331088266572 106.84260900389933
329 1494 29 177.0788013318535 179.35405105438403 120.89234184239734
1966 1492 14 176.73604060913704 180.36040609137055 121.60913705583755
503 1484 48 125.15443134271587 132.1932293647775 93.11563332065424
1045 1476 25 135.60084626234132 171.36248236953455 140.56840620592382
587 1468 23 177.5073409461664 180.6199021207178 121.23001631321371
677 1465 26 104.83437892095357 148.06273525721454 141.03387703889584
434 1464 13 147.20812182741116 153.86802030456852 109.2233502538071
2009 1463 21 124.91115311909263 132.42911153119093 94.34971644612476
1109 1461 31 181.12843224092117 135.52790079716564 107.22232063773251
1818 1459 14 134.73604060913704 167.90862944162436 139.0659898477157
914 1459 44 203.17444601603017 167.1824611032532 128.5742574257426
838 1458 19 134.11936339522546 168.87533156498674 138.9522546419098
1547 1456 39 126.28251663641865 133.8959467634604 94.05021173623716
1492 1455 10 179.94690265486724 181.95575221238937 124.87610619469027
1223 1455 22 182.6219281663516 136.6389413988658 108.02457466918715
1381 1447 20 127.92743764172336 135.3265306122449 95.80272108843538
1423 1446 13 124.98477157360405 131.90862944162436 94.64974619289339
632 1442 18 178.289124668435 181.12732095490716 121.02387267904508
1862 1442 14 178.26395939086294 180.82741116751268 122.01015228426395
2071 1438 42 124.87404385517594 131.86690464048957 93.59408465068843
1763 1434 14 178.11167512690355 134.15736040609136 106.44162436548223
1300 1435 45 204.0528615115771 168.3726518130188 129.32372214941023
1620 1431 26 134.27352572145546 168.61229611041404 139.53074027603512
1049 1429 10 182.81415929203538 137.73451327433628 110.13274336283186
1934 1429 48 176.85393685812096 180.0186382655002 121.03081019399012
305 1429 12 150.53020134228188 156.83892617449663 110.8993288590604
455 1428 18 178.9442970822281 181.368700265252 121.37665782493369
541 1424 15 180.45454545454544 134.69565217391303 106.91699604743083
994 1422 32 210.89991142604075 157.95482728077945 116.36049601417184
1172 1421 27 134.83563362609786 170.37515683814303 139.93475533249685
1702 1420 45 180.75185670598515 134.62822193097423 106.11795543905636
805 1419 22 181.7069943289225 135.40264650283555 106.85066162570888
856 1417 18 210.69496021220158 158.24137931034483 116.6790450928382
375 1415 51 178.72209263578807 181.19393535488172 120.91269576807731
671 1412 19 201.8992042440318 166.2758620689655 128.43766578249335
589 1409 31 208.6722763507529 155.99291408325954 115.13197519929142
1812 1401 42 146.2682304946456 155.14686384497705 107.26211116777155
736 1397 42 180.31361550229477 134.47016828148904 106.25854156042836
1473 1397 45 134.37702053298383 169.82131935342946 139.89296636085626
1395 1394 22 181.77126654064273 185.55765595463137 124.01134215500946
302 1389 17 133.6813880126183 166.5205047318612 138.7192429022082
1348 1384 16 179.01892744479494 182.7665615141956 121.73501577287065
2013 1384 27 144.61606022584692 152.8419071518193 106.55708908406524
1093 1382 43 203.58180103724658 167.56247053276755 128.25365393682225
438 1378 12 149.15436241610738 155.85906040268455 109.70469798657717
1881 1374 16 128.39432176656152 135.3123028391167 97.23659305993691
1651 1372 18 180.26790450928382 134.48275862068965 106.47214854111405
928 1372 33 211.12808273667463 158.2744630071599 116.47175815433573
505 1369 46 202.09539339584182 166.30207908683244 128.14227476559316
1156 1366 14 127.09137055837563 133.92893401015226 96.18781725888324
1915 1356 13 177.28934010152284 180.71573604060913 123.05076142131979
1753 1356 18 135.16445623342173 169.16445623342173 140.09283819628646
1308 1357 22 125.93005671077505 134.3156899810964 94.56143667296787
1572 1354 50 180.20241049273307 183.66288550159518 121.67174760723148
1228 1353 46 106.29759478189972 150.43864655523848 142.76926212800652
657 1346 42 208.6053034166242 156.37174910759816 115.3284038755737
582 1346 21 179.60680529300566 134.0718336483932 106.35916824196597
1502 1343 15 129.11462450592884 136.3596837944664 97.60079051383399
2087 1337 40 104.78583379810374 147.44952593418853 140.87618516452872
838 1338 51 202.2279240253249 166.9523492169277 128.3458847050983
1446 1336 15 127.89328063241106 135.0790513833992 95.07114624505928
1794 1333 17 125.7192429022082 133.25552050473186 94.69400630914826
1006 1333 40 181.55326268823202 135.84718349135528 106.94701617401005
2025 1331 16 147.30599369085172 154.7097791798107 109.68769716088327
408 1328 31 127.10451727192206 134.20992028343667 95.3808680248007
1967 1324 36 145.0797626895188 153.74159525379036 107.01713909030981
1696 1324 39 200.98850574712645 165.50393224440413 127.33333333333334
461 1321 8 201.74074074074073 168.14814814814815 132.35802469135803
744 1321 26 133.82183186951065 168.63613550815558 139.70639899623586
1073 1315 17 203.00946372239747 168.00946372239747 129.48895899053628
1378 1315 50 125.95994328252392 134.25062034739454 93.85359801488833
317 1313 46 105.25805136567469 148.79779861394212 141.90052996331022
1150 1308 34 211.22275258552108 159.4526650755768 117.49005568814638
1863 1307 47 125.65430085609458 133.4516918059519 93.95515695067265
1768 1306 20 181.24716553287982 135.9047619047619 107.59637188208617
1295 1305 20 181.0997732426304 185.3106575963719 123.2562358276644
1628 1298 18 127.83819628647214 135.2917771883289 96.43236074270557
925 1297 29 203.51831298557158 168.39955604883463 129.59267480577137
1251 1290 15 128.16996047430828 136.17786561264822 96.7193675889328
551 1287 38 180.91288566243196 135.64670296430734 107.22928009679372
1546 1287 18 127.16180371352785 134.18302387267903 95.11405835543766
1480 1286 37 146.62755438365193 155.94330916282135 108.19973632168754
2041 1284 24 125.75693311582383 133.2479608482871 95.06035889070148
697 1285 23 126.02610114192497 134.29690048939642 94.76019575856444
2129 1278 23 178.02936378466558 180.43066884176184 122.02120717781403
2085 1278 12 182.78523489932886 185.64429530201343 128.80536912751677
981 1276 10 202.39823008849558 168.5486725663717 131.4513274336283
624 1276 27 201.82434127979923 166.79171894604767 128.23337515683812
1932 1266 19 127.6445623342175 134.82493368700264 96.0079575596817
1087 1265 25 107.44851904090268 150.94640338504936 143.17489421720734
462 1266 40 179.94422755158953 183.40658114891244 121.93530395984385
1033 1260 26 134.19071518193223 170.33124215809283 140.0552070263488
1207 1259 25 135.47249647390692 172.6713681241185 141.36248236953455
1805 1254 20 179.11111111111111 182.24263038548753 121.84580498866214
1658 1255 23 202.20391517128874 166.79608482871126 128.6378466557912
385 1253 31 146.99911426040745 155.50752878653677 107.8919397697077
872 1253 30 126.0842418235877 134.65113974231912 94.68681863230921
1361 1246 15 147.30434782608694 156.0316205533597 109.18181818181817
1735 1241 44 209.12918434700612 156.66949552098066 115.85007072135785
1851 1239 14 180.23350253807106 182.87817258883248 123.22842639593908
1592 1239 31 106.73870682019486 149.72542072630648 142.28077945084146
1989 1235 35 133.97232337946105 167.16023306627824 139.22286962855063
778 1236 51 133.3735421526158 169.28557147617462 139.6291236254582
1416 1223 38 134.13248638838476 169.97459165154265 140.06412583182095
1288 1222 48 180.9045264359072 186.1099277291746 122.67630277672119
521 1220 22 125.79962192816636 134.52930056710775 94.74858223062382
1905 1219 27 146.1957340025094 154.16938519447928 108.38268506900877
304 1220 40 177.34857780256553 180.7830451756832 120.8254322364752
964 1218 45 209.80384447356926 158.06334643949322 116.07732634338139
668 1217 40 200.74233128834356 166.69102063580593 128.69994422755158
585 1211 31 134.24534986713905 169.88928255093003 139.87422497785653
1214 1208 15 128.53754940711462 136.86561264822134 98.61660079051383
2089 1205 52 124.91102965678108 132.23392202599135 93.85704765078307
1053 1204 25 202.86459802538786 168.78420310296192 129.71932299012693
850 1203 19 145.920424403183 155.9681697612732 107.74535809018568
477 1199 15 147.73517786561263 156.3596837944664 109.58498023715414
1507 1199 50 179.84863523573202 183.89259127968805 122.18114143920596
1138 1198 48 146.2814758463294 157.0909090909091 107.88664891593763
898 1199 13 134.48730964467003 169.11675126903552 139.9238578680203
1658 1189 34 181.81543357199683 135.72712808273667 107.2521877486078
725 1189 11 181.45637583892616 137.96644295302013 110.03355704697987
1594 1185 19 129.57559681697612 136.6259946949602 98.20159151193633
2013 1184 15 176.71541501976284 179.78656126482213 122.37154150197628
1819 1179 49 179.4720426017497 182.6808672499049 121.69037656903767
1359 1173 26 209.11668757841906 157.27603513174404 116.68005018820577
407 1167 50 126.3778801843318 134.4959234314073 94.55512229705778
762 1166 12 178.51677852348993 183.993288590604 123.36241610738254
2301 1163 3 138.84615384615387 131.30769230769232 127.15384615384616
84 1162 3 140.84615384615387 136.6153846153846 135.30769230769232
2307 1162 4 136.6153846153846 131.23076923076923 132.23076923076923
809 1162 22 179.65028355387525 185.02457466918716 122.40453686200378
78 1161 3 151.84615384615387 152.0 153.23076923076923
1436 1156 24 181.8515497553018 136.41272430668843 107.93637846655791
2306 1155 4 133.3846153846154 131.46153846153848 135.6153846153846
2300 1155 3 116.38461538461539 110.46153846153847 109.0
649 1156 18 180.02917771883287 135.71352785145888 107.18567639257294
86 1154 2 139.6 136.8 137.20000000000002
77 1154 2 135.6 133.20000000000002 135.0
526 1153 40 146.79587283881764 156.7479085331846 108.05911879531511
1887 1148 15 146.44268774703556 154.68774703557312 108.78656126482213
1232 1146 40 133.00725041829338 170.16341327384274 139.67428890128278
1956 1144 48 106.7569418029669 150.04336249524533 142.96196272346901
1028 1144 36 202.04284772577455 168.3704680290046 128.91496374423204
1731 1142 35 208.58193736343773 156.12745812090313 115.53095411507648
597 1142 25 125.06629055007052 134.4132581100141 94.48801128349788
2034 1141 17 146.12933753943219 154.2018927444795 108.49211356466877
1307 1138 25 180.77291960507756 186.06346967559944 122.4428772919605
779 1136 12 180.06040268456374 135.6241610738255 107.25503355704697
1103 1133 20 133.00226757369614 169.67120181405897 139.6439909297052
715 1132 42 208.05252422233556 156.66751657317695 114.91432942376339
1567 1131 27 201.5746549560853 166.27728983688831 128.19322459222082
956 1131 24 180.442088091354 136.3115823817292 107.60848287112562
466 1129 14 178.01015228426394 182.27918781725887 123.64974619289339
307 1125 44 145.2055634134842 154.54314002828855 107.7039132484677
879 1125 45 107.08912188728702 151.48405417212757 143.33595456531236
2117 1121 23 145.6068515497553 153.94453507340947 108.5236541598695
642 1117 12 135.05369127516778 170.3221476510067 140.18120805369128
1161 1109 31 179.44198405668735 186.1567759078831 122.01594331266608
1487 1100 38 210.44222625529343 157.8693284936479 116.05686630369027
1648 1096 47 201.87321646962903 166.8401956787607 128.78883000407663
1801 1093 27 145.90840652446673 155.01631116687577 108.22333751568381
1391 1092 46 202.2980024459845 167.5071341214839 128.46840603342847
1983 1084 16 177.1198738170347 180.73186119873816 122.41009463722398
1874 1084 36 126.547132498352 134.37574159525377 95.77653263019116
800 1085 35 180.7159504734159 136.3685360524399 107.56955571740714
1066 1082 26 180.68005018820577 136.51442910915935 107.70514429109159
1934 1080 17 176.52681388012618 180.3249211356467 121.86435331230284
385 1080 29 178.49722530521643 182.6237513873474 121.31409544950056
1118 1079 14 133.5228426395939 170.88324873096445 139.78172588832487
2053 1077 39 124.46400483968543 132.47368421052633 94.38596491228071
990 1069 32 208.76616474756423 158.3675819309123 116.55447298494244
1562 1068 29 181.15649278579357 135.6159822419534 107.24528301886792
1202 1069 18 179.88594164456234 186.53846153846152 122.91246684350132
922 1066 25 127.65726375176304 137.25669957686884 96.45698166431593
658 1067 30 178.13676907829534 184.2893954410307 121.74430128840436
470 1067 43 125.87600188590288 134.70815652993872 94.64120697784064
571 1061 49 178.23925446938 183.7721567135793 121.05819703309244
1734 1059 37 126.12129202373104 134.00791034937376 95.03493737640078
1283 1060 53 127.01682767217201 136.80180741664068 95.49236522281085
736 1060 20 134.63492063492063 171.5668934240363 140.90249433106575
865 1053 22 133.52362948960302 169.72778827977316 140.13232514177693
2118 1050 25 177.57827926657262 180.98307475317347 122.59943582510579
1797 1042 16 148.24290220820188 157.006309148265 109.76656151419559
1906 1040 10 182.17699115044246 185.28318584070797 126.5929203539823
1493 1034 17 180.05678233438485 184.05993690851736 123.04731861198738
765 1030 12 134.38926174496643 170.26845637583892 140.5704697986577
1609 1028 18 179.77453580901854 183.3448275862069 122.6472148541114
1150 1027 38 125.69207501512403 136.06291591046582 94.65577737447067
322 1023 52 133.0966344551816 167.72975674775074 139.03032322559147
1365 1020 22 133.46691871455576 169.94517958412098 139.77693761814746
514 1020 14 178.1725888324873 182.63959390862942 121.84263959390861
412 1011 31 147.14260407440213 156.6767050487157 108.30026572187776
1972 1009 48 131.74895397489541 165.77976416888552 137.7299353366299
1436 1009 40 181.24093697713332 136.20356943669827 107.66703848298941
815 1007 32 208.55801594331268 157.95925597874225 116.51372896368468
1210 1006 18 146.65782493368698 157.48275862068965 108.9549071618037
978 1000 21 108.28733459357278 151.24007561436673 142.55954631379961
628 1001 24 126.12561174551387 135.7699836867863 95.28384991843393
1064 998 47 201.71830411740726 168.83285772523442 129.80839788014677
2082 992 43 125.16595945308816 133.3828382838284 94.73125884016973
1858 991 50 126.62247429989365 134.73342786246013 95.56575682382135
707 990 45 125.81476627348187 135.8357361293141 95.2346002621232
1330 985 23 147.64763458401305 158.84013050570962 109.67862969004895
907 986 46 201.30248675091724 168.12270688952304 128.95393395841828
1676 984 48 146.38836059338152 155.70026626093573 107.95701787751997
1766 983 32 178.86448184233836 182.97165633303808 122.1895482728078
1551 982 50 127.43353420772776 135.73768167316555 95.6316908897554
557 983 21 146.05671077504726 156.72778827977316 108.68241965973536
1251 970 24 109.0 152.2153344208809 143.36541598694944
2022 966 14 144.98477157360404 153.98984771573603 108.63959390862944
1379 962 24 209.0163132137031 158.0130505709625 116.69657422512235
477 959 44 178.4106553512494 184.02498821310704 121.75388967468176
846 959 11 200.4228187919463 168.23489932885906 130.8993288590604
414 958 12 133.3221476510067 168.0738255033557 138.6778523489933
1117 957 11 201.40268456375838 170.04026845637583 132.06040268456377
783 954 15 110.77470355731225 153.9802371541502 145.03557312252963
1611 951 12 179.34228187919462 183.2214765100671 123.496644295302
1474 943 25 201.38928067700988 167.13681241184767 128.78279266572636
1889 934 9 177.77777777777777 182.60493827160494 124.44444444444444
989 933 41 180.278429372769 136.54054054054055 107.7113717491076
1807 932 18 127.79045092838196 135.70026525198938 97.49336870026525
540 929 16 127.84542586750788 137.02839116719244 97.77917981072555
744 925 26 146.85696361355082 157.95357590966123 108.07904642409034
608 924 46 145.54504688136976 156.7562168772931 107.76640847941296
1944 923 31 125.69264836138176 134.45527015057573 95.54384410983171
356 923 45 126.56138051550896 135.43730886850153 95.99432066404543
687 922 22 126.38374291115312 136.43100189035917 96.351606805293
1368 919 11 129.95973154362414 137.6778523489933 100.12751677852349
1178 918 48 108.31494864967668 153.3491821985546 144.14948649676683
418 910 14 179.71065989847713 185.08629441624365 123.62944162436547
1299 906 48 179.43210346139216 186.8360593381514 122.2620768352986
913 905 25 132.67700987306065 170.37658674188998 139.71227080394922
2034 903 48 144.93305439330544 154.7531380753138 107.34842145302396
1084 902 38 209.05142165759227 158.95402298850576 116.66787658802178
1417 899 36 209.41463414634146 158.46473302570863 116.64601186552404
828 894 47 131.47003668976762 168.89849164288626 138.71381981247453
1641 891 40 134.00446179587286 169.62465142219745 140.10485220301172
1740 890 50 178.42077277561148 183.20489188231124 121.37504431052818
1485 889 21 181.55009451795843 136.63137996219282 107.74858223062382
455 882 24 107.62969004893965 150.83849918433933 142.64926590538337
1551 881 37 178.98088332234673 184.38497033618984 121.99143045484507
1870 878 45 145.23110528615115 154.81520314547836 107.64045434687637
1804 878 9 181.14814814814812 185.11111111111111 125.72839506172839
1022 868 16 110.41324921135646 153.18927444794951 143.86119873817034
656 866 18 176.70291777188328 183.24668435013263 122.24403183023873
526 863 42 108.43804181540031 152.32126466088732 143.82406935237125
1361 858 20 179.27891156462584 186.07709750566895 122.77097505668935
718 856 36 177.45088991430453 184.2649967040211 120.68556361239287
338 854 17 178.801261829653 184.2460567823344 122.65299684542586
968 853 30 179.5153617443013 135.61446977205154 106.80773042616451
1231 850 25 132.3582510578279 170.8984485190409 139.54866008462622
1178 846 15 179.35968379446638 187.16600790513831 122.13043478260869
1953 842 40 177.38706079196876 182.44394868934748 121.26213050752929
897 840 30 145.4826560951437 157.85530227948465 107.82358771060456
1289 839 15 177.91304347826085 186.0790513833992 121.5691699604743
1129 840 28 178.30965593784683 186.49833518312985 121.81687014428414
609 838 27 124.52697616060225 134.65495608531995 94.06022584692596
780 836 16 127.10410094637224 136.73817034700315 96.29652996845425
1409 830 21 182.41587901701322 137.73534971644614 108.52741020793951
2041 828 19 125.47745358090185 134.04774535809017 95.92838196286472
1685 829 19 179.25464190981432 184.10875331564986 122.61538461538461
1558 823 17 209.02208201892745 157.63406940063092 116.29022082018928
1801 820 30 128.6828543111992 137.10009910802773 97.06045589692765
658 820 17 177.17665615141956 183.78864353312304 122.17350157728706
409 817 50 146.00141793690182 157.16377171215882 107.69975186104219
489 813 19 146.03978779840847 157.6259946949602 108.9496021220159
1628 810 32 208.6696191319752 157.21877767936226 115.7821080602303
1743 810 23 179.05872756933115 134.79119086460034 106.82055464926592
1484 809 45 201.77806902577544 167.60244648318044 128.43861948449106
1264 807 18 146.74801061007958 159.58090185676392 108.92838196286472
1054 799 44 200.29797265440828 168.25271098538425 128.74776049033474
975 797 14 179.75634517766497 187.64467005076142 123.41624365482232
558 797 23 133.61500815660685 170.4584013050571 140.30179445350734
1129 796 11 182.92617449664428 140.28187919463087 110.97315436241611
744 792 17 181.05993690851736 187.76971608832807 125.14826498422713
2010 788 25 126.52750352609308 135.0394922425952 96.59238363892807
697 787 19 125.53315649867373 135.84084880636604 95.75331564986737
1341 786 49 124.94408520349943 135.93647774819323 94.68733358691517
1201 784 41 145.55838857725652 158.7353391126976 107.71545130035696
823 783 48 125.82122480030431 136.5891974134652 94.87181437809053
1415 779 18 201.47214854111405 168.0185676392573 129.06896551724137
1873 773 45 132.96199213630408 168.14154652686764 139.0275229357798
993 760 20 147.37868480725623 159.74149659863946 108.70748299319729
1953 760 31 109.78919397697078 152.87422497785653 144.54472984942427
918 759 41 178.7817440081591 186.87353391126976 121.766445690974
1625 759 10 135.141592920354 167.5929203539823 139.58407079646017
627 755 52 125.95401532822393 136.1726091302899 95.50783072309231
1783 748 32 206.55624446412756 155.99025686448184 115.61647475642161
1561 748 39 182.1101028433152 137.23109497882638 108.4301270417423
1265 747 24 132.94453507340947 171.49755301794454 139.9853181076672
1695 747 43 201.30740216878831 167.1890617633192 128.7251296558227
497 741 43 177.71192833569071 185.05940594059405 121.35219236209335
418 739 21 127.12665406427222 136.81852551984878 98.07750472589792
1121 735 41 208.32381438041816 158.66088730239676 116.02804691483938
1457 731 19 209.50132625994695 159.20159151193633 117.58885941644562
1404 730 21 110.45746691871456 155.13799621928166 145.8922495274102
1499 730 15 133.5573122529644 169.16996047430828 139.48221343873516
730 728 41 177.69709331973485 185.1341152473228 121.54360020397758
1836 723 12 181.3489932885906 138.16778523489933 110.16107382550335
1622 723 18 179.6366047745358 184.9549071618037 122.80106100795756
970 716 14 177.53807106598984 185.84771573604058 122.08121827411166
1349 713 18 147.40848806366046 159.71352785145888 109.75066312997347
867 709 24 178.1141924959217 185.4698205546493 121.74388254486135
674 707 13 177.4467005076142 183.86802030456852 123.42639593908629
1038 703 34 125.21957040572794 136.4518695306285 95.33253778838505
560 701 20 178.25396825396825 185.3514739229025 122.5079365079365
1748 700 17 180.4353312302839 185.33753943217664 123.70662460567823
440 700 14 177.84263959390861 184.4720812182741 122.53299492385786
1201 699 32 178.814880425155 187.65279007971657 121.78387953941541
1859 697 17 177.8328075709779 183.01577287066246 122.10410094637224
801 693 30 112.30029732408325 157.67294350842417 147.78790882061446
1930 689 41 125.4038755736869 134.6823049464559 95.76593574706783
1709 683 17 128.52681388012618 137.07570977917982 97.14511041009463
1084 682 10 183.42477876106196 191.1504424778761 127.72566371681415
1813 681 27 144.55834378920952 155.36637390213298 107.39899623588455
983 678 13 147.63959390862942 159.93401015228426 110.54822335025379
518 678 12 176.8926174496644 184.04026845637583 122.36241610738254
1565 676 26 126.07653701380174 135.51693851944793 95.90338770388958
923 676 28 110.79134295227526 156.4472807991121 146.69256381798002
1283 673 46 179.49612719119446 187.59967386873217 122.47655931512433
617 670 19 144.24403183023873 155.72944297082228 107.61803713527851
1397 668 35 133.8259286234523 172.19373634377277 140.64530225782957
1490 659 48 145.94712818562192 157.35983263598328 108.08444275389883
756 659 18 146.84615384615384 158.9336870026525 108.13527851458885
472 655 30 128.29038652130822 138.3171456888008 97.9970267591675
1640 654 45 180.85277413717782 186.67584097859327 123.38881607688947
1067 653 13 179.4010152284264 187.7918781725888 123.90862944162436
790 652 11 127.71140939597315 138.4295302013423 99.67785234899328
1029 647 13 178.22842639593907 187.3197969543147 123.3248730964467
685 647 40 133.33575013943113 170.72950362520916 140.03123257110988
1141 644 47 128.30737871993477 139.35222176926212 97.27680391357521
1751 640 32 132.72719220549158 168.7271922054916 139.07883082373783
1348 630 17 133.04731861198738 171.32176656151418 140.01892744479494
860 626 49 146.4830734119437 158.91023202738685 108.51730696082161
562 626 45 146.11620795107035 158.09174311926606 108.05854084753167
1221 621 26 147.79297365119197 160.76913425345043 108.9573400250941
1869 617 42 132.3008669046405 167.8628250892402 138.91126976032638
1693 617 16 180.05047318611986 185.74763406940062 123.98422712933754
1802 616 15 133.6679841897233 170.39525691699603 140.0474308300395
976 614 45 179.07164700742683 188.086500655308 122.04892966360856
1433 608 15 130.0671936758893 140.14229249011856 100.43478260869564
764 605 33 127.23070803500399 137.9785202863962 97.01352426412093
491 605 14 180.48730964467003 187.75126903553297 126.65482233502537
1061 604 27 147.27478042659973 160.68255959849435 108.83688833124215
1310 598 23 127.23980424143556 138.20554649265907 96.6721044045677
632 595 23 146.2756933115824 158.02610114192495 108.66394779771616
917 593 11 148.1208053691275 160.08053691275168 110.68456375838926
1733 586 18 126.56498673740053 135.6339522546419 97.21485411140583
1571 583 49 133.78394826930392 171.14263978699125 140.5287181437809
690 579 19 127.77718832891246 138.24668435013263 97.56763925729443
1103 571 15 179.68379446640316 188.15415019762844 123.85770750988141
1376 565 46 128.42560130452506 139.09172441907867 96.95678760701182
1258 555 41 128.3646098929118 139.47883732789393 97.56909739928608
1475 553 38 111.28917120387176 156.61645493042954 146.94131881427708
1164 549 37 180.83915622940012 189.8094924192485 123.26763348714567
857 547 14 181.72588832487307 189.46192893401013 125.54314720812182
733 544 27 180.03011292346298 187.16311166875784 123.168130489335
569 542 27 179.18820577164365 186.80928481806774 123.27478042659973
1667 540 43 110.03206034889203 153.95426685525695 145.20509193776522
1799 538 53 128.55749454658772 137.98722343409162 97.6325958242443
1317 535 11 134.92617449664428 171.7718120805369 140.84563758389262
1095 533 21 128.9187145557656 140.0586011342155 97.82230623818526
1028 533 40 134.22643614054658 173.8025655326269 141.1260457334077
919 532 38 129.6031457955233 140.59588626739264 98.08166969147007
800 531 34 109.66268894192523 154.21957040572792 144.4351630867144
1426 518 15 179.92490118577075 187.68379446640316 124.29249011857706
1526 509 23 129.21859706362153 139.67536704730833 98.8678629690049
654 507 52 128.78940353215594 138.6121292902366 98.08830389870043
858 502 20 129.4716553287982 139.8843537414966 98.95238095238095
969 498 13 179.96446700507613 188.27918781725887 123.92385786802029
1592 495 36 149.2425840474621 160.88134475939353 111.04152933421226
1156 491 13 181.9238578680203 190.497461928934 125.54314720812182
1383 487 23 149.16639477977162 161.25611745513868 110.43719412724307
755 486 23 131.35073409461666 141.3066884176183 100.22022838499184
1210 482 30 132.65312190287412 143.06243805748267 101.27651139742319
1734 479 25 147.59097320169252 158.33004231311708 110.37799717912553
1304 473 43 180.56718528995756 189.06930693069307 123.003300330033
1538 465 14 127.1979695431472 136.85279187817258 97.61928934010152
1101 461 46 149.60497350183448 162.3130860171219 110.52670199755401
904 460 29 147.60377358490567 160.27524972253053 109.10099889012209
1460 453 51 180.25691436187938 187.94201932689103 123.22059313562146
815 443 44 181.64073550212163 188.97736916548797 123.68694012258369
1166 437 19 181.17506631299733 189.16710875331563 124.43501326259947
1664 435 49 181.60213008748573 187.97565614302016 124.70825408900723
992 435 49 134.3004944845949 173.3305439330544 141.16622289844048
719 433 32 181.0930026572188 188.01594331266608 124.03454384410983
1374 426 30 129.12586719524282 139.70763131813678 98.18533201189297
1314 404 21 130.06049149338375 140.42533081285444 99.65217391304348
1054 401 14 180.994923857868 189.1472081218274 124.53299492385786
764 398 15 150.57707509881422 161.67193675889328 111.66403162055335
1565 395 52 130.26457847384205 139.85138287237586 99.43618793735422
1235 395 49 150.35602890833016 162.66032712057816 110.99809813617345
1144 392 25 181.13681241184767 189.0394922425952 123.65444287729196
1092 387 18 132.289124668435 142.24668435013263 101.08753315649867
1355 380 12 182.39597315436242 189.83892617449663 126.45637583892618
1409 378 19 149.10610079575596 161.15384615384613 110.92838196286472
898 371 50 130.15845444877704 140.71499468273663 99.02906770648706
972 364 14 181.1522842639594 188.44162436548223 124.62436548223349
815 363 24 130.53344208809136 140.64274061990213 100.01957585644372
1476 355 37 149.1489782465392 160.7336849044166 111.00791034937376
1038 336 43 182.001414427157 189.95426685525695 124.60867515322961
964 323 25 180.47813822284908 188.85472496473906 123.59238363892807
1409 317 27 132.66499372647428 143.20075282308656 101.68130489335006
1315 316 50 112.08613966678483 158.65118752215525 148.05069124423963
1139 315 43 132.44884488448844 142.15181518151815 101.08628005657708
1225 303 34 152.82816229116946 164.57040572792363 112.94351630867145
1167 79 2 135.20000000000002 134.20000000000002 130.8
1158 79 2 129.4 126.60000000000001 124.2
1167 73 2 137.6 138.6 136.0
1162 72 2 140.20000000000002 142.4 141.8
