1216 2268 3 154.15384615384616 148.6923076923077 147.23076923076923
1112 2116 20 195.06802721088437 107.4421768707483 94.6077097505669
1323 2114 30 241.45490584737362 167.50545094152625 125.49256689791873
1257 2114 26 195.0828105395232 106.46549560853198 94.00627352572145
1185 2104 41 223.71086180520143 136.21927587965325 111.03875573686895
1048 2098 34 241.00795544948292 167.33015115354019 125.10580747812251
1472 2097 24 224.77161500815663 136.92659053833606 112.1141924959217
976 2095 28 224.0033296337403 137.10987791342953 111.50166481687015
1402 2089 38 196.10526315789474 106.62310949788265 94.17241379310346
1293 2071 13 201.9492385786802 115.68020304568527 102.36548223350253
1118 2066 21 254.82230623818526 167.42722117202268 87.04347826086956
917 2063 26 195.22710163111668 106.91969887076536 94.20702634880803
1531 2062 24 241.22512234910278 167.4241435562806 125.69004893964112
875 2052 13 223.83756345177665 140.16243654822333 115.99492385786802
1248 2045 32 241.53232949512844 167.09388839681134 125.34100974313552
1582 2039 21 194.27599243856332 106.8241965973535 94.52551984877127
1470 2038 25 241.41184767277855 167.66008462623412 125.80535966149506
1334 2032 37 241.85234014502305 167.02307185234014 125.20105471324983
834 2030 26 240.20451693851942 166.85319949811793 125.26348808030112
1105 2030 13 253.497461928934 170.6700507614213 93.78172588832487
1049 2025 31 241.162976085031 166.7865367581931 124.85208148804251
1510 2024 13 197.96446700507613 110.55837563451776 98.03553299492386
973 2024 34 195.80031821797934 106.47891805887033 93.61972951471759
1169 2022 35 255.0 156.68900218499635 92.42024763292062
1408 2014 27 195.9560853199498 106.30489335006273 93.6750313676286
1636 2011 32 225.16120460584588 137.63153232949514 112.21434898139947
1471 2010 12 230.91946308724832 156.80536912751677 110.76510067114094
1543 1995 29 224.82241953385127 135.7214206437292 110.98668146503884
896 1993 37 240.57086354647328 166.7870797626895 124.61766644693473
1704 1984 27 254.83814303638644 167.02258469259723 86.73400250941029
1103 1980 26 198.34504391468005 108.04265997490589 94.68255959849435
1474 1975 35 255.0 157.1456664238893 93.61107064821559
1323 1966 16 242.94637223974763 168.83596214511041 127.61198738170347
774 1966 52 254.62545818060647 167.69676774408532 85.6861046317894
1600 1961 16 241.2744479495268 167.81703470031545 127.33123028391167
1376 1959 31 254.01594331266608 167.36935341009743 86.67936226749336
963 1958 30 224.6808721506442 137.25173439048564 111.70961347869178
1157 1955 20 242.12244897959184 168.9002267573696 126.53968253968254
1246 1955 51 198.91269576807733 107.80339886704432 94.50816394535155
1661 1952 21 199.76937618147448 110.15122873345936 96.882797731569
1324 1948 9 209.77777777777777 142.82716049382717 115.75308641975307
1039 1948 37 225.206328279499 137.23467369808833 111.67963085036254
1424 1946 12 242.8791946308725 169.76510067114094 129.1006711409396
912 1931 19 224.9814323607427 137.81962864721484 112.32891246684349
857 1925 26 196.76411543287327 107.69259723964868 95.0401505646173
1325 1923 24 227.20554649265907 139.5546492659054 113.63295269168026
1787 1923 13 239.97969543147207 168.88832487309642 129.23350253807106
690 1922 35 223.3335761107065 136.10560815731975 110.84049526584123
1732 1921 34 254.673031026253 167.0843277645187 86.99045346062053
1108 1921 26 241.5319949811794 167.43914680050187 124.94604767879548
1554 1921 33 200.24900556881465 109.12808273667463 95.99920445505171
1621 1916 23 199.7504078303426 109.05709624796086 96.26590538336053
1676 1909 18 254.58620689655172 158.70822281167108 96.3183023872679
1488 1909 20 197.21995464852608 107.85260770975057 95.14739229024944
1432 1904 28 255.0 155.31409544950057 92.4694783573807
1375 1900 22 200.4858223062382 109.22873345935729 95.99810964083176
1289 1897 14 242.14213197969542 169.5431472081218 128.05583756345177
633 1895 16 239.74763406940062 167.53943217665613 126.80757097791798
1173 1891 35 199.7676620538966 109.0014566642389 95.4668608885652
974 1891 27 242.24968632371392 168.09786700125468 126.09284818067754
1825 1889 27 198.86072772898368 109.1806775407779 96.02258469259723
1023 1885 17 198.22082018927443 109.32492113564669 95.40694006309148
1118 1871 15 242.60474308300394 169.5889328063241 126.98418972332016
1769 1869 21 240.25330812854443 167.84120982986767 126.5085066162571
1070 1870 25 200.95486600846263 109.9901269393512 96.34555712270804
832 1869 34 225.15115354017502 137.59188544152747 111.9777247414479
908 1866 35 198.80262199563 108.14493809176986 94.7931536780772
1325 1866 17 201.60567823343848 110.50788643533123 97.56466876971608
752 1865 37 201.72709294660513 109.65524060646011 95.69479235332894
663 1862 21 196.8431001890359 108.25897920604915 95.27410207939509
1876 1853 26 196.22961104140526 107.39523212045168 95.06148055207025
1499 1852 35 225.39184268026222 136.37581937363439 111.50910415149309
1434 1850 16 242.68454258675078 168.98738170347002 127.5173501577287
1255 1851 38 224.68360556563826 135.41379310344828 110.26436781609196
1587 1849 40 241.57055214723928 167.85220301171222 126.14054656999443
599 1849 40 254.35136642498608 155.44729503625211 91.95593976575572
962 1844 12 241.59731543624162 171.47651006711408 131.3489932885906
1021 1841 28 255.0 157.31409544950057 93.16648168701443
1374 1838 31 242.75022143489815 168.29849424269264 126.58281665190434
1189 1835 22 225.1209829867675 137.08317580340264 111.531190926276
1685 1833 52 223.99100299900033 136.1776074641786 111.15294901699434
705 1833 14 240.76142131979694 168.27918781725887 126.59390862944161
1435 1831 6 227.7142857142857 171.91836734693877 152.0612244897959
1136 1830 22 254.99810964083176 168.80718336483932 87.69187145557656
1823 1829 24 224.92985318107668 138.71288743882545 113.19902120717782
1317 1823 21 228.8147448015123 140.59168241965975 114.9413988657845
1769 1820 19 198.45358090185675 109.0026525198939 95.93633952254642
540 1812 24 253.95432300163134 165.71288743882545 86.20717781402936
798 1809 22 198.703213610586 108.31568998109641 94.62381852551985
662 1805 30 240.82061446977204 167.56788899900891 125.41526263627354
1079 1797 40 255.00000000000003 156.72559955382042 92.20524261015059
737 1797 30 224.59464816650149 136.49454905847372 111.02180376610505
868 1795 38 255.00000000000003 167.7392619479734 85.68118572292802
1543 1792 20 200.14965986394557 110.45124716553288 97.38321995464852
1439 1790 40 200.5131065253765 108.58393753485778 95.37311767986616
797 1787 15 209.51383399209485 122.66798418972331 88.17786561264822
1604 1786 23 224.9168026101142 137.2920065252855 112.11256117455139
1236 1785 20 200.60544217687075 110.08616780045352 96.37414965986395
1818 1781 15 225.7470355731225 140.60079051383397 115.98814229249011
1881 1781 39 240.0526315789474 167.4398064125832 126.00181488203268
1500 1780 16 242.19873817034699 169.37539432176655 128.21135646687696
964 1778 50 226.33037929812124 137.3484579936193 111.62353775257002
608 1779 20 201.14512471655328 110.38775510204081 96.83673469387756
1354 1777 22 254.9962192816635 167.8733459357278 87.50094517958412
1775 1771 22 239.9187145557656 166.95841209829868 125.96030245746692
1297 1772 21 200.33837429111531 111.09262759924385 98.32136105860114
1175 1770 33 198.46459824980113 108.24582338902148 95.21559268098648
795 1763 28 243.96892341842397 149.10765815760266 90.44617092119867
696 1756 16 202.00946372239747 112.38801261829653 98.72239747634069
1655 1751 21 201.01134215500946 110.44801512287334 97.00189035916824
1390 1750 17 254.84542586750788 158.07570977917982 95.06940063091483
471 1744 18 239.82228116710874 168.05835543766577 127.19363395225463
1478 1738 14 242.1725888324873 169.73604060913704 128.1522842639594
838 1738 14 241.86294416243652 169.80710659898475 128.04060913705584
1531 1737 32 226.69087688219665 138.38883968113376 112.76085031000886
1948 1737 28 196.65482796892343 107.99445061043285 95.28412874583796
1831 1734 22 200.19470699432893 110.06427221172024 96.55009451795841
1243 1734 25 243.12693935119887 170.0465444287729 127.40479548660085
883 1731 28 255.0 156.79911209766925 93.43729189789123
745 1732 27 242.168130489335 168.17063989962358 125.77164366373901
1783 1729 15 239.44664031620553 168.0592885375494 127.46245059288536
543 1729 53 224.37176690557806 136.75319414147708 111.06107821751324
1116 1728 25 254.99858956276447 170.68970380818052 88.63892806770099
645 1727 35 200.156591405681 109.15804806991989 95.72906045156591
1154 1726 11 129.26174496644296 147.48322147651007 108.78523489932886
1045 1727 34 128.64598249801114 172.19331742243438 130.60063643595865
1726 1726 38 198.7749546279492 108.5069570477919 95.45553539019964
1286 1724 17 202.80757097791798 112.98738170347002 98.64668769716089
1604 1721 29 199.95560488346283 109.14983351831299 95.78246392896781
989 1715 12 123.24161073825503 144.15436241610738 105.18120805369128
1342 1713 34 242.96579156722356 169.24264120922834 126.73110580747813
1660 1707 14 240.27411167512687 168.63451776649745 128.03553299492384
932 1707 18 241.79045092838194 168.17506631299733 126.02122015915118
1882 1702 30 199.2755203171457 109.21308225966303 96.16749256689792
702 1697 19 200.40848806366046 109.89655172413792 96.56763925729443
462 1692 29 223.54716981132077 136.2397336293008 111.17203107658158
805 1691 35 199.75309541150767 108.6001456664239 94.92789512017481
1992 1690 25 197.13540197461214 109.02538787023977 95.93935119887165
1507 1686 17 254.6372239747634 169.86435331230282 90.04100946372239
748 1685 15 241.0395256916996 167.84189723320156 126.57707509881422
1431 1681 49 255.0 168.1255230125523 85.95017116774439
1947 1678 18 238.0026525198939 167.12732095490716 126.90450928381962
1801 1677 39 254.31578947368422 156.1179673321234 92.653962492438
1620 1676 15 226.43478260869563 141.02766798418972 116.14624505928853
1197 1671 50 186.58702587734845 182.79439914923785 126.04182913860333
1037 1672 12 132.21476510067114 174.04026845637583 132.81208053691276
1097 1671 31 117.7599645704163 142.26483613817538 100.23737821080603
1667 1665 22 198.29489603024575 108.39508506616258 95.80340264650283
1291 1664 36 127.48846407382992 171.59327620303227 130.52537903757414
977 1664 36 187.00988793671718 182.54779169413314 125.91166776532629
1355 1662 18 123.12732095490716 145.04774535809017 103.93633952254642
888 1659 33 119.49880668257757 142.8098647573588 101.22752585521083
665 1660 26 253.99999999999997 167.573400250941 87.45671267252195
601 1660 33 224.75894988066827 137.57358790771679 111.94510739856803
1562 1658 39 241.66001209921356 168.1500302480339 126.14216575922566
1910 1658 16 237.8044164037855 166.57413249211356 126.49842271293375
1860 1658 17 225.09148264984228 139.7097791798107 114.47634069400631
522 1654 18 240.3023872679045 168.14854111405836 127.22281167108753
2018 1652 20 224.65986394557822 140.4421768707483 115.48979591836735
1728 1650 33 254.27684964200478 157.07159904534606 93.33094669848848
720 1650 26 226.24717691342533 138.24843161856964 112.50941028858217
424 1646 20 240.01133786848072 166.8231292517007 125.56462585034014
833 1644 17 227.29652996845425 140.8044164037855 114.81703470031546
1501 1644 16 201.5173501577287 111.61829652996845 97.7570977917981
1972 1638 21 238.11342155009453 166.70132325141776 126.00378071833649
1626 1628 24 226.91190864600327 139.77650897226755 114.23327895595433
1422 1628 12 196.84563758389262 173.01342281879195 118.73825503355704
1047 1624 20 254.9138321995465 169.94557823129253 88.41496598639456
474 1622 28 199.31853496115428 108.86348501664817 95.74916759156493
1238 1619 12 125.0 145.26845637583892 106.36241610738254
1678 1615 19 241.05305039787797 168.2758620689655 127.11936339522546
1420 1616 17 180.09779179810724 169.006309148265 117.15141955835962
780 1614 39 255.00000000000003 156.8917120387175 92.96491228070177
931 1611 21 128.13232514177693 171.84877126654064 129.92627599243858
888 1610 14 129.5482233502538 172.01522842639594 130.57868020304568
1834 1609 26 240.41656210790464 167.8996235884567 126.14303638644917
1471 1606 27 228.02007528230865 140.267252195734 114.17691342534503
1310 1605 15 123.72727272727272 146.6679841897233 105.71541501976284
546 1604 27 198.21455457967377 108.49686323713927 95.19949811794228
1781 1602 20 254.00226757369614 169.41950113378687 89.80045351473923
1365 1602 31 254.969884853853 168.5943312666076 87.66253321523472
1119 1597 36 254.84706657877388 169.55438365194462 87.06064601186551
849 1595 21 187.1984877126654 182.90359168241966 127.15879017013233
630 1593 27 200.88833124215807 109.56712672521957 95.86825595984944
1270 1592 21 127.95085066162571 172.0359168241966 130.5897920604915
1909 1591 43 197.7020273455917 108.40499764262141 95.39273927392739
994 1589 34 226.20047732696898 138.21957040572792 112.11614956245029
1053 1585 15 203.46640316205531 112.91304347826086 99.46245059288538
701 1585 30 241.0812685827552 168.14073339940535 126.42319127849356
1539 1584 28 201.0221975582686 110.77025527192009 97.01331853496116
1593 1584 19 200.6127320954907 110.93368700265252 97.87002652519894
409 1583 38 254.04053236539627 167.33030852994557 87.28977616454931
1723 1576 32 225.96634189548274 139.2223206377325 113.7245349867139
1197 1573 38 227.69449485783426 140.40955837870538 113.79128856624321
2024 1572 52 253.34555148283906 154.26891036321226 92.31356214595135
941 1566 12 187.21476510067114 182.70469798657717 128.93959731543623
895 1563 21 254.9092627599244 169.98487712665406 88.51228733459358
501 1563 28 225.19089900110987 137.9023307436182 112.75582685904551
1428 1557 34 118.90294351630868 143.06682577565633 101.09148766905331
1845 1555 26 224.5169385194479 137.6900878293601 112.93726474278543
1646 1550 37 200.22346736980882 109.62689518787079 96.13579433091627
1332 1549 29 186.7891231964484 182.8002219755827 126.4250832408435
1788 1547 26 198.5884567126725 108.93851944792974 95.8870765370138
1493 1544 24 227.59053833605222 140.2267536704731 113.95921696574226
660 1545 25 226.45416078984485 139.48377997179125 113.97179125528913
757 1541 26 199.32496863237137 109.49811794228356 96.02132998745294
583 1538 35 240.3241077931537 167.3867443554261 125.82957028404954
1574 1536 25 227.66290550070522 140.87447108603666 114.78702397743301
706 1534 15 240.8300395256917 169.4387351778656 128.36363636363635
365 1533 21 238.3553875236295 166.6351606805293 126.26465028355388
1074 1532 35 242.74071376547707 169.86307356154407 127.15149308084487
1017 1530 13 242.9695431472081 171.16243654822333 129.1725888324873
1262 1529 25 202.28067700987305 112.00846262341325 97.43441466854725
1376 1527 16 188.5646687697161 184.2744479495268 128.1514195583596
1142 1526 24 200.3278955954323 110.11256117455139 96.03915171288745
444 1524 29 224.0033296337403 137.02108768035515 111.96670366259711
912 1524 15 129.8893280632411 173.32411067193675 131.57312252964425
530 1519 13 240.6954314720812 169.16243654822333 127.9492385786802
967 1518 31 118.65279007971657 143.3153232949513 101.61647475642161
705 1517 7 210.28571428571428 157.36734693877548 136.51020408163265
838 1516 49 126.48041080258653 170.0003803727653 129.5127424876379
1936 1514 34 239.2068416865553 167.8178202068417 126.48289578361178
1532 1500 22 242.62948960302458 169.14177693761815 127.3421550094518
1821 1500 18 239.50132625994695 168.0053050397878 126.70557029177718
1672 1498 14 240.43654822335023 168.28934010152284 127.38071065989847
1409 1496 16 122.1955835962145 145.2397476340694 104.1577287066246
762 1496 17 241.48580441640377 169.46056782334384 127.6372239747634
1304 1495 16 253.02208201892745 168.58044164037855 91.71608832807571
2074 1494 33 223.87350835322198 138.34924423229913 113.66189339697694
1871 1495 24 199.3588907014682 110.39641109298532 97.04730831973899
1635 1493 14 242.05583756345175 169.9492385786802 128.8477157360406
1995 1491 24 253.07014681892335 167.21044045677 87.59380097879283
637 1492 23 202.57585644371943 111.36867862969005 97.4241435562806
1205 1488 35 242.96795338674437 169.91624180626366 127.1361981063365
703 1480 35 201.1048798252003 110.63947560087401 96.81864530225783
1470 1480 33 185.70564836913286 181.5505171042164 125.84327764518696
1743 1477 50 240.79900744416872 168.41935483870967 126.78624601205246
1266 1477 25 255.0 158.48095909732018 93.87023977433005
1353 1475 31 255.0 170.4207263064659 88.4517271922055
498 1476 35 197.60742898761836 107.97086671522214 95.21194464675892
388 1475 35 199.31828113619812 109.21340131099782 96.15586307356155
1034 1473 25 201.22849083215797 111.37658674188998 97.32863187588153
1589 1473 31 254.43932683790968 157.21523472099204 94.0859167404783
986 1468 15 227.43478260869563 142.53754940711462 116.80632411067192
572 1467 34 254.20206841686556 156.26968973747017 93.17342879872713
919 1466 30 184.8453914767096 181.08820614469772 125.80475718533201
2030 1454 22 238.43856332703214 167.7826086956522 126.945179584121
1660 1454 23 202.4061990212072 111.86949429037521 98.0326264274062
1527 1453 17 202.11041009463722 113.5173501577287 99.71293375394322
1212 1452 16 220.19242902208202 143.3533123028391 111.33438485804416
1116 1448 48 202.0300494484595 110.65462152909852 96.61544313427159
638 1446 24 226.58564437194127 140.2952691680261 114.58401305057097
1910 1444 28 199.92230854605992 110.29744728079912 97.2741398446171
1831 1443 36 224.502307185234 138.09096901779827 112.76796308503624
1976 1440 29 225.2186459489456 140.76248612652608 115.12541620421754
331 1438 20 197.75510204081633 110.00680272108843 97.36734693877551
773 1435 38 241.78705384150032 168.91046581972174 126.74531155474895
2095 1432 22 198.44423440453687 109.29300567107751 96.9905482041588
843 1431 26 120.1116687578419 144.33626097867 102.68757841907151
1217 1425 29 223.38623751387348 138.59600443951166 112.35405105438402
967 1425 24 118.6704730831974 143.1941272430669 101.65252854812398
445 1423 34 240.33174224343676 167.45743834526652 126.13603818615752
523 1422 24 254.20391517128874 156.50570962479608 94.02773246329528
685 1420 23 227.4094616639478 140.6394779771615 114.44535073409462
1489 1420 22 121.67863894139887 145.25897920604916 103.63516068052931
1024 1420 29 227.2219755826859 139.5593784683685 113.05660377358491
371 1417 20 225.0045351473923 138.91609977324262 113.82086167800453
1623 1415 22 254.82608695652175 169.703213610586 88.9773156899811
1306 1416 37 243.06789716545813 170.15952537903755 127.66051417270928
1407 1410 49 126.56104982883225 170.46291365538227 130.05895777862307
1173 1409 11 253.3020134228188 173.1744966442953 98.29530201342281
908 1406 22 184.531190926276 181.30812854442345 125.77504725897921
2039 1405 21 238.3194706994329 167.6351606805293 127.23818525519849
1560 1403 38 224.62613430127044 137.13248638838476 111.8475499092559
1771 1402 21 240.24952741020795 168.79584120982986 127.13421550094519
1725 1401 15 199.62450592885375 112.0395256916996 98.82213438735177
1676 1400 28 226.38068812430632 139.47502774694783 113.79245283018868
1934 1395 17 238.96529968454257 167.29337539432177 126.94952681388013
1877 1388 31 224.63153232949514 138.6767050487157 113.29672276350753
726 1384 27 254.91593475533247 158.5470514429109 94.55959849435382
320 1381 33 253.9777247414479 167.9156722354813 88.14160700079555
1056 1375 17 202.81703470031545 112.90536277602523 98.75078864353311
1102 1374 24 254.9967373572594 158.76182707993476 94.26427406199022
597 1373 50 201.02906770648707 110.55618574973414 96.70294221907125
393 1371 18 241.03713527851457 168.42175066312996 126.89389920424402
1983 1371 26 200.50313676286072 110.801756587202 97.1543287327478
1503 1370 22 128.0359168241966 172.00189035916824 130.85822306238185
1817 1369 26 199.96361355081555 110.4491844416562 96.73400250941029
859 1367 31 227.9849424269265 141.90699734278124 115.23472099202834
2095 1367 38 223.47489413188146 137.40713853599516 112.48033877797944
1236 1365 23 200.4257748776509 111.26590538336053 97.29853181076673
794 1364 25 200.16502115655854 110.78279266572638 97.00423131170663
674 1365 20 227.63038548752834 141.36507936507937 114.90702947845806
1162 1364 30 240.27651139742318 167.90981169474728 125.91179385530228
435 1363 18 200.87798408488064 111.11405835543766 97.36074270557029
1344 1357 20 201.75510204081633 113.09977324263039 98.5578231292517
953 1357 34 200.33969769291966 110.5035799522673 96.61256961018297
503 1357 37 224.43902439024387 137.3045484508899 112.04416611733684
1628 1354 26 201.9585947302384 111.84818067754077 97.7452948557089
331 1351 25 242.4330042313117 164.53596614950635 101.12834978843442
1742 1351 26 254.1229611041405 169.53199498117942 88.54328732747804
1289 1349 24 243.08972267536706 170.13703099510604 127.5236541598695
1686 1346 18 241.3236074270557 169.315649867374 127.9761273209549
2032 1343 23 238.67699836867865 167.54975530179445 126.83360522022839
1018 1337 30 254.99603567889 170.2735381565907 88.72348860257681
362 1329 34 249.12569610182976 153.95783611774067 92.69053301511536
1550 1327 26 201.10539523212043 111.52572145545795 97.29234629861982
751 1328 24 242.2088091353997 169.86460032626428 128.11745513866234
1393 1326 22 184.34404536862004 181.00756143667297 125.62003780718337
1921 1323 41 239.74145843957166 168.13513513513516 126.65017848036717
1459 1322 35 184.79024034959943 181.50546249089587 125.79606700655499
1073 1321 23 200.53507340946166 111.40293637846656 97.41598694942904
443 1319 24 224.08972267536706 137.86623164763458 112.91027732463296
1126 1318 22 254.9962192816635 170.81663516068053 89.47448015122873
549 1316 19 226.3023872679045 141.3129973474801 115.3050397877984
1185 1316 18 200.82493368700264 112.05039787798408 97.79840848806366
894 1312 27 227.4893350062735 141.05018820577163 114.8732747804266
1841 1311 29 225.3984461709212 139.10987791342953 113.64816870144284
1780 1312 23 240.75693311582384 169.30505709624796 127.38825448613377
1656 1311 15 201.67193675889328 113.47035573122528 100.14229249011856
753 1302 14 231.75126903553297 153.28426395939084 102.72588832487308
2022 1302 9 226.2469135802469 144.50617283950618 119.02469135802468
1980 1299 24 223.8548123980424 137.89559543230018 112.75203915171289
1243 1299 36 201.00791034937376 111.30125247198417 96.91496374423203
618 1299 18 240.47480106100795 169.23872679045093 127.57824933687002
309 1299 22 253.7788279773157 168.13232514177693 89.10396975425331
1517 1298 16 254.15457413249212 170.96845425867508 92.57097791798107
1328 1298 39 255.00000000000003 158.55474894131882 93.78100423472475
2056 1297 25 253.43582510578278 156.9478138222849 94.54160789844852
821 1295 38 201.2776769509982 111.22020568663038 97.13006654567454
684 1295 38 254.21355111917728 169.8699334543255 88.48154869933455
1604 1293 30 241.57978196233896 168.69871159563925 126.75421209117938
2121 1290 33 252.9021479713604 167.61734287987272 88.44152744630073
1710 1287 36 199.2808174027686 110.01252471984178 96.57877389584706
507 1285 24 240.48123980424145 168.8694942903752 127.12561174551387
960 1281 32 200.1169176262179 111.10008857395925 97.19751992914084
755 1279 26 247.14930991217062 154.50941028858216 93.68757841907151
398 1279 16 239.77287066246055 167.97791798107255 126.85488958990535
1876 1275 14 226.48730964467003 143.248730964467 117.44162436548223
1805 1273 14 227.16751269035532 142.62944162436548 117.27918781725887
1555 1274 16 241.8328075709779 169.90851735015772 128.08832807570977
1103 1270 22 199.71833648393195 111.55954631379963 97.2570888468809
1038 1270 32 227.25686448184234 140.511071744907 113.78387953941541
576 1265 33 240.6189339697693 169.06603023070804 127.18854415274464
1405 1264 29 118.99223085460599 144.39622641509433 102.7103218645949
1168 1262 36 227.57218193803558 141.09360580092286 114.47857613711271
1506 1257 22 118.83931947069944 142.3289224952741 101.49527410207939
1462 1256 17 254.06624605678232 170.69716088328076 91.19242902208201
848 1250 10 239.86725663716814 171.97345132743362 132.56637168141592
448 1247 35 197.08958485069192 108.50327749453751 95.3102694828842
2012 1246 25 198.9083215796897 109.53173483779972 96.90691114245416
1643 1245 23 201.29037520391518 111.31973898858075 97.4730831973899
1284 1243 22 241.98865784499054 170.10018903591683 127.73156899810965
2077 1241 24 252.9853181076672 168.23164763458402 89.3588907014682
697 1239 19 225.20424403183023 140.3448275862069 114.02387267904508
897 1235 35 241.80480699198836 169.76547705753825 127.3117261471231
1766 1235 29 240.4506104328524 167.93118756936738 126.87458379578247
1835 1234 29 227.33962264150944 141.24639289678134 115.32519422863486
1236 1231 22 242.57466918714556 171.09640831758034 128.2835538752363
735 1230 15 198.1897233201581 111.09486166007905 97.8893280632411
345 1230 50 239.98546614675647 167.7674583481035 126.39383197447714
512 1228 23 253.92659053833606 168.74877650897227 88.8858075040783
1694 1227 23 228.21696574225123 142.3458401305057 116.04241435562807
1371 1228 10 130.35398230088495 150.23893805309734 111.04424778761062
1332 1228 24 227.605220228385 141.8548123980424 114.88907014681892
1930 1222 50 198.96809641970933 109.08507621410847 95.98759305210918
1283 1220 11 206.48993288590603 138.53020134228188 111.61744966442953
2135 1219 30 238.17839444995045 167.25768087215064 126.90782953419227
990 1211 39 254.93950393224443 159.71929824561406 94.71929824561404
640 1210 36 199.45484508899142 110.54317732366512 96.66051417270928
446 1208 10 198.34513274336283 122.67256637168141 110.2566371681416
797 1204 51 226.36654448517163 140.37754081972676 114.01866044651783
572 1203 23 253.92822185970638 161.0505709624796 96.80750407830342
1568 1203 53 254.95730757245246 156.40916173262698 92.83016516048613
1467 1202 35 126.92425345957757 171.26511289147854 130.50546249089587
1402 1201 20 254.2562358276644 170.4467120181406 91.32879818594104
117 1199 2 158.4 156.4 156.60000000000002
1651 1195 22 240.92438563327033 168.37051039697542 126.8241965973535
1866 1191 14 201.13197969543145 113.44670050761421 100.15228426395939
446 1191 18 193.46153846153845 108.07427055702917 94.80636604774536
526 1188 16 199.0283911671924 112.8391167192429 98.98738170347004
1092 1188 49 241.55610498288323 170.14948649676683 127.4408520349943
2041 1186 35 238.40058266569557 166.80043699927168 126.3022578295703
1985 1184 13 226.25380710659897 143.30964467005074 119.01015228426395
1282 1182 36 199.3256427158866 110.89980224126565 97.12326961107448
714 1182 29 254.02330743618202 169.97336293007768 88.8157602663707
1192 1181 36 200.47462096242583 111.24060646011864 97.00791034937376
1733 1179 26 198.78419071518192 109.71267252195733 96.63111668757841
930 1176 18 228.56498673740052 144.3554376657825 117.04244031830238
402 1171 23 239.69983686786298 167.46655791190867 126.20065252854813
2290 1171 2 161.0 157.60000000000002 158.8
302 1171 17 197.0410094637224 109.64984227129337 97.31230283911671
1357 1170 30 128.94152626362734 172.45589692765114 132.95540138751238
1797 1169 30 241.06045589692764 169.41922695738356 127.84638255698711
1685 1168 15 240.96047430830038 169.22134387351778 128.01185770750988
878 1165 25 200.9379407616361 112.50634696755994 98.06770098730607
1865 1153 18 200.12201591511936 111.84084880636604 98.40318302387267
486 1152 36 224.9512195121951 139.52406064601186 113.63612392880685
555 1151 26 254.07402760351314 158.05018820577163 94.29987452948556
1911 1150 18 253.48010610079575 158.80901856763924 96.83819628647214
2111 1145 36 198.3968358602505 109.84970336189848 96.95451549110085
1020 1145 21 181.65217391304347 181.0945179584121 124.68052930056712
840 1143 12 241.50335570469798 172.65771812080536 131.06711409395973
434 1143 13 239.9695431472081 169.61421319796952 129.36548223350252
1473 1140 9 240.9753086419753 174.0 134.9753086419753
1231 1138 20 241.54421768707485 171.156462585034 128.09750566893425
674 1137 22 241.22495274102081 171.27599243856332 128.80718336483932
1418 1136 33 117.75497215592682 143.87589498806682 102.11137629276054
1968 1132 38 224.44343617664853 138.62310949788264 113.71869328493649
1759 1132 16 240.0788643533123 168.37223974763407 127.64668769716089
616 1130 27 199.05018820577163 111.17063989962358 97.37390213299874
1641 1129 37 227.40804218852998 140.38497033618984 114.32432432432431
1267 1129 15 226.66007905138338 144.75098814229247 117.8695652173913
1715 1127 21 199.44045368620039 110.94706994328922 97.95274102079395
2050 1126 20 225.03174603174602 141.63718820861678 116.3219954648526
1576 1126 18 253.9045092838196 169.2944297082228 90.37931034482759
348 1127 42 197.71035186129527 109.30290668026518 96.21621621621622
1139 1125 18 199.76392572944297 113.07161803713527 98.72679045092838
954 1125 32 126.40478299379983 172.09831709477413 130.76793622674933
1516 1125 29 201.01997780244173 111.842397336293 97.85127635960045
1186 1124 23 254.652528548124 160.84176182707995 95.95921696574226
1059 1123 12 121.60402684563758 147.10738255033556 105.02013422818791
1821 1122 14 253.36040609137055 170.2741116751269 92.85279187817258
737 1118 40 254.1846068042387 158.11991076408256 93.68934746235361
897 1115 12 199.49664429530202 113.80536912751677 100.42281879194631
411 1112 18 198.3554376657825 110.40053050397877 97.39257294429707
858 1110 18 240.41114058355436 169.9602122015915 127.88594164456232
808 1108 25 199.39774330042312 111.52891396332863 97.27644569816643
1468 1106 14 240.1725888324873 169.78172588832487 128.35532994923858
1101 1102 22 183.4328922495274 183.83175803402648 125.62759924385634
449 1100 17 198.81703470031545 111.11356466876971 97.84227129337539
482 1100 13 226.40609137055836 143.88832487309642 118.13705583756344
1918 1094 19 224.73209549071618 139.06366047745357 113.73209549071618
1863 1091 33 253.9992044550517 168.76292760540971 89.02386634844869
612 1089 12 225.16107382550334 142.83892617449663 117.48993288590604
2079 1087 19 238.23076923076923 167.48806366047745 126.86206896551724
1487 1084 13 230.37563451776649 148.66497461928932 121.86294416243653
1329 1084 49 182.74743248383416 181.69265880562952 124.75732217573223
663 1082 32 225.2559787422498 140.79805137289637 113.93534100974314
1232 1081 30 118.27353815659067 145.89791873141723 102.75718533201189
2127 1078 24 196.4437194127243 109.1468189233279 96.93148450244699
1696 1078 22 200.1984877126654 111.42533081285444 98.17391304347827
1778 1077 38 200.4615849969752 111.01512401693891 97.26920750151241
841 1077 12 240.15436241610738 172.66442953020135 131.68456375838926
2019 1075 28 197.78024417314097 109.73473917869035 96.75249722530522
1034 1074 37 117.47264337508238 146.03559657218193 102.14436387607118
1405 1073 19 254.68965517241378 171.2838196286472 91.05305039787798
1576 1071 29 241.67591564927858 169.91120976692565 127.9134295227525
1524 1071 13 200.93401015228426 114.97969543147207 101.44162436548223
545 1070 49 254.33701027006467 157.94560669456067 93.67402054012933
1155 1066 37 126.23269611074488 173.02900461437045 130.6453526697429
963 1064 22 117.29300567107751 144.93383742911155 102.1077504725898
1959 1062 20 240.0498866213152 168.68934240362813 127.65079365079366
386 1061 31 239.7050487156776 168.15589016829054 126.72807794508415
455 1061 26 224.40150564617312 139.09786700125468 113.44667503136762
321 1060 25 239.38928067700988 168.01410437235543 127.1509167842031
1648 1057 26 240.20953575909658 169.28356336260978 127.45796737766624
895 1056 36 239.7382992748846 169.49439683586024 127.25049439683585
784 1056 21 240.96219281663517 171.5179584120983 128.9224952741021
720 1050 21 253.89981096408317 171.57844990548205 89.89792060491493
1094 1046 17 253.77917981072554 171.6719242902208 91.80757097791798
1905 1042 27 254.00125470514428 157.50188205771641 94.41279799247177
618 1043 18 239.66312997347478 169.9045092838196 128.19098143236073
1722 1041 21 227.20415879017014 142.3062381852552 116.3289224952741
325 1039 16 219.88012618296528 148.5173501577287 114.49211356466877
1455 1035 36 241.43704680290045 170.15952537903755 128.00922874093604
830 1034 21 200.29867674858224 113.16824196597354 98.41965973534973
1270 1028 15 254.07509881422922 173.88537549407113 94.43083003952569
677 1028 13 239.95939086294413 172.4517766497462 130.27918781725887
1387 1026 25 254.95909732016923 159.33709449929478 94.71086036671367
957 1026 12 184.27516778523488 183.63087248322148 127.22818791946308
761 1024 12 197.25503355704697 114.42281879194631 99.50335570469798
1534 1022 26 199.6900878293601 111.069008782936 97.30614805520702
1057 1021 12 252.86577181208054 174.8791946308725 96.20134228187919
1680 1020 19 227.10875331564986 142.3580901856764 116.32891246684349
2084 1020 37 222.2544495715227 136.95847066578773 112.28081740276862
1217 1017 28 116.20421753607103 143.90344062153164 100.89567147613762
1838 1014 36 240.27224785761368 168.90375741595253 127.33618984838496
330 1014 26 220.07779171894603 138.0953575909661 112.35884567126725
1602 1011 27 201.26223337515682 111.15181932245922 97.8030112923463
592 1011 16 226.65615141955834 144.29337539432177 118.03470031545741
1994 1010 37 223.31048121292022 138.02504943968358 113.02570863546472
1005 1010 30 181.49554013875124 181.8830525272547 124.35777998017839
420 1010 21 196.19281663516068 109.11342155009451 96.19848771266541
1770 1007 25 240.48377997179125 168.99576868829337 127.3836389280677
1938 1005 13 197.68020304568526 112.64974619289339 99.37563451776649
1097 998 28 226.03773584905662 142.93340732519422 115.55826859045506
790 999 27 254.10664993726473 160.96361355081555 95.66750313676286
641 998 23 201.43066884176184 112.9494290375204 98.35399673735726
375 996 18 195.77984084880634 109.38992042440317 97.01591511936338
1049 995 9 127.86419753086419 151.09876543209876 110.86419753086419
1158 993 21 200.531190926276 113.72778827977316 99.1625708884688
1722 991 15 198.77470355731225 112.49802371541502 99.0
482 988 38 199.18511796733213 110.68118572292802 96.95099818511798
1561 987 12 240.98657718120805 171.81879194630872 131.20805369127515
942 987 22 227.00567107750473 144.2249527410208 116.35916824196597
871 985 33 224.63643595863167 139.97533810660303 113.31742243436754
719 986 38 253.8505747126437 169.9437386569873 88.26981246218996
1903 984 18 224.04509283819627 139.21220159151193 114.22546419098143
1309 979 36 201.92353328938694 113.30982201713908 98.28213579433091
1253 980 11 239.78523489932886 173.56375838926175 132.24161073825502
430 975 13 223.18781725888323 140.36040609137055 115.10659898477157
1442 971 21 241.27599243856332 170.76748582230624 128.79206049149337
823 967 14 253.58375634517765 162.05583756345177 98.91370558375634
1382 963 29 254.67591564927858 171.00998890122088 88.59822419533852
2103 960 13 198.71573604060913 114.95939086294415 101.80203045685279
1798 960 22 198.72589792060492 110.68052930056712 97.49338374291115
1664 960 39 254.85299455535392 157.86872353297036 94.44404113732608
1051 958 22 126.62381852551985 173.30245746691872 130.7750472589792
561 958 37 224.5781147000659 139.76664469347395 113.68226763348714
1510 957 37 226.81740276862226 140.89980224126563 114.50758075148318
397 956 23 239.85644371941274 168.80750407830342 126.52691680261012
625 952 18 199.15915119363393 112.71618037135278 98.45358090185675
1591 951 29 241.30299667036627 169.9933407325194 128.0643729189789
338 947 32 197.17626217891942 109.70150575730736 96.85296722763508
1254 946 15 199.32806324110672 113.05533596837944 98.40316205533597
1745 944 24 199.48613376835237 111.33605220228385 97.51223491027733
1143 945 11 239.38255033557047 171.82550335570468 131.25503355704697
1197 944 33 240.46539379474942 170.8027048528242 127.82975338106604
987 942 29 253.56603773584905 171.49389567147614 89.73917869034406
666 942 23 253.98368678629691 159.652528548124 95.59216965742252
1801 941 15 192.7786561264822 111.54545454545453 95.53359683794466
1948 938 33 197.85043754972156 110.17024661893397 96.97374701670645
1866 938 30 239.45688800792863 168.10307234886025 126.86818632309217
916 937 21 197.91493383742912 112.20982986767486 97.76937618147448
445 935 23 224.05709624796086 138.99673735725938 113.09461663947798
1100 933 22 240.3421550094518 171.20037807183365 128.51984877126654
500 921 23 198.82707993474716 111.70146818923328 98.0652528548124
2045 921 48 237.8333967287942 167.1677443895017 126.1787751996957
860 921 22 198.93950850661625 112.08695652173914 98.0
785 919 37 240.26170072511533 170.38958470665787 127.37903757415951
715 918 22 201.87901701323253 114.07372400756144 99.2703213610586
1805 910 32 221.92205491585474 137.43666961913198 112.13994685562444
1345 909 29 242.07436182019978 172.28856825749168 129.05105438401776
1558 907 18 228.09814323607426 143.76923076923077 117.26790450928381
624 906 21 240.01890359168243 169.82608695652175 127.65028355387524
1282 904 30 254.4479682854311 171.41427155599604 88.65510406342914
1646 901 13 240.51269035532994 170.68527918781726 129.43654822335026
1607 898 20 203.56462585034015 114.31519274376417 99.78231292517007
584 898 12 239.82550335570468 171.38926174496643 130.09395973154363
1907 895 19 200.64721485411138 112.47745358090185 98.657824933687
1866 893 9 238.3827160493827 172.44444444444443 135.01234567901233
385 893 31 253.99822852081488 171.40389725420727 90.48804251550044
1429 892 51 199.78873708763746 111.02299233588803 97.04865044985006
461 886 24 239.65742251223492 169.7699836867863 127.96900489396411
1222 885 30 254.30624380574827 158.605550049554 93.7195242814668
546 885 22 240.0491493383743 169.96030245746692 127.8506616257089
1973 883 22 237.80529300567107 168.34404536862004 127.66540642722117
1513 883 19 202.3633952254642 113.85145888594164 99.61538461538461
1868 881 4 239.23076923076925 191.0 163.84615384615387
1347 878 12 216.36241610738256 148.6711409395973 116.98657718120805
1046 879 49 125.1939901103081 172.56561430201597 130.31685051350323
946 878 37 240.54976928147659 170.84377059986815 127.77521423862886
1146 878 39 199.93647912885663 112.85117967332124 97.74470659407139
1279 873 12 231.4496644295302 156.48322147651007 92.90604026845638
505 873 16 201.82018927444796 114.18611987381703 99.94006309148264
878 871 22 198.75803402646503 112.30812854442344 97.70510396975426
1711 868 52 254.4188603798734 170.5098300566478 89.24225258247252
826 867 23 240.08809135399676 170.45513866231647 127.91353996737358
595 865 22 226.234404536862 143.5274102079395 116.63327032136107
1510 864 11 196.41610738255034 119.14765100671141 101.73154362416108
677 864 37 239.36849044166115 169.9696769940672 127.46077785102175
395 863 24 242.53344208809136 164.1761827079935 100.05709624796086
424 862 15 239.97628458498022 154.399209486166 94.41501976284584
1566 860 19 240.9363395225464 170.03183023872677 128.04509283819627
1934 854 23 253.30179445350734 157.90375203915173 95.66394779771615
1621 850 26 240.3324968632371 169.09284818067752 127.31618569636134
1803 845 21 239.58223062381853 168.89035916824196 127.45557655954632
1276 844 29 254.6093229744728 160.34628190899002 95.41953385127636
1869 842 37 239.25379037574157 168.4713249835201 127.03955174686881
1351 842 36 226.52208305866841 142.58734344100196 115.524719841793
387 841 24 238.9347471451876 154.95758564437196 93.82871125611746
1507 834 29 227.22086570477248 142.10432852386236 115.49056603773585
1981 833 23 251.88580750407831 169.65742251223492 90.37194127243067
2042 828 30 196.7175421209118 110.8840436075322 97.71060455896928
524 828 23 238.62479608482872 168.9021207177814 126.95595432300163
463 828 25 196.08744710860367 109.8589562764457 96.45133991537377
566 826 12 238.74496644295303 170.95302013422818 130.73154362416108
1118 825 18 181.65782493368698 182.66578249336868 124.57824933687002
1217 824 21 200.9508506616257 115.55765595463139 100.08884688090737
916 823 19 253.8806366047745 172.18302387267903 90.18037135278514
1164 821 18 225.47745358090185 143.6366047745358 116.11936339522546
761 817 52 197.51582805731422 109.99833388870377 95.838053982006
854 815 32 225.39503985828168 142.60318866253323 115.31975199291409
980 809 32 198.36581045172719 112.0354295837024 97.17449069973428
1615 804 12 253.36912751677852 172.53691275167785 95.0469798657718
1570 803 25 202.95345557122707 114.02397743300423 99.27785613540198
1654 802 21 253.66540642722117 169.7069943289225 90.05293005671078
618 798 38 200.140350877193 112.38656987295826 97.89836660617061
1448 798 31 198.84499557130204 111.48272807794508 97.19220549158548
1393 797 15 240.44664031620553 171.02766798418972 128.93675889328063
1249 795 18 118.50928381962864 147.0185676392573 103.33421750663129
1733 795 18 240.04509283819627 170.2758620689655 128.6127320954907
1921 794 28 225.19089900110987 141.9056603773585 115.6581576026637
1312 792 17 182.17981072555204 182.74132492113563 125.77917981072555
417 792 25 239.07475317348377 168.89562764456983 126.60789844851904
1787 790 27 199.63488080301127 112.04391468005018 98.27478042659975
683 787 26 225.17063989962358 141.32873274780425 114.79422835633625
554 784 17 196.13564668769715 110.70347003154573 96.89274447949526
1065 782 38 115.7307924984876 145.8638838475499 101.497277676951
1143 779 22 181.3742911153119 182.52551984877127 124.10018903591683
1198 776 22 126.18147448015124 174.05671077504726 130.77315689981097
1988 772 35 252.97669337217772 156.79825200291333 94.61179898033504
930 773 23 200.16802610114195 113.1305057096248 98.12234910277326
1010 771 13 239.63451776649745 172.84263959390861 130.76142131979694
1416 763 16 182.38801261829653 181.41640378548897 125.88958990536277
1849 761 34 198.98011137629277 111.17661097852029 97.88305489260144
1623 762 22 254.13043478260872 158.5897920604915 95.79584120982987
1514 760 35 240.36853605243994 169.4056809905317 127.44282592862346
1360 759 30 116.94945490584738 145.65510406342912 102.40535183349851
1575 757 14 240.4467005076142 170.34010152284262 129.00507614213197
1693 757 31 199.16209034543846 111.26395039858282 97.22852081488043
853 754 16 239.51735015772869 171.13249211356467 128.82649842271292
1110 751 13 251.66497461928932 164.45685279187816 102.87817258883248
483 750 52 223.41519493502167 139.53848717094303 113.33822059313563
573 748 26 253.77791718946045 159.2659974905897 95.435382685069
765 746 15 225.97233201581025 144.71936758893278 117.86166007905138
1457 743 18 128.82758620689654 174.3050397877984 132.11936339522546
807 741 23 198.21044045677 111.9673735725938 97.65905383360523
1027 737 15 225.36363636363635 144.63636363636363 117.40711462450592
973 736 34 254.1845664280032 160.206046141607 94.60620525059666
895 734 21 200.01134215500946 113.90359168241966 99.00756143667297
642 734 27 200.3525721455458 112.7590966122961 98.25972396486824
1909 733 20 200.28571428571428 113.73469387755102 99.96145124716554
1764 729 35 225.25200291332848 140.87108521485797 114.7334304442826
1593 727 15 201.86956521739128 114.66007905138339 100.07509881422924
1950 725 15 237.9881422924901 169.33201581027666 128.4387351778656
1272 722 52 181.27490836387872 182.7280906364545 124.00899700099967
1138 722 21 253.8015122873346 172.648393194707 90.65028355387524
1409 722 15 253.48221343873516 172.86956521739128 93.30039525691699
715 719 37 240.25313117996043 170.7771918259723 127.79894528675015
1191 719 22 254.17769376181477 174.11342155009453 92.16824196597354
1985 715 18 224.15649867374003 142.87002652519894 116.89124668435012
1080 713 31 179.13551815766166 180.58104517271923 122.86625332152347
605 708 13 238.27918781725887 170.0203045685279 128.4720812182741
643 705 10 187.44247787610618 114.57522123893806 100.76106194690266
1555 704 28 254.1509433962264 157.42397336293007 94.60710321864595
1822 702 15 200.47430830039525 114.48221343873517 100.47035573122528
790 701 19 253.74005305039788 171.9867374005305 90.79575596816976
1635 699 32 226.0115146147033 141.17094774136405 114.96368467670506
1865 698 24 225.19902120717782 141.60032626427406 115.6394779771615
1440 697 17 253.86119873817034 172.5930599369085 92.47634069400631
1025 696 13 240.03553299492384 172.21319796954313 129.98984771573603
1492 692 25 118.26375176304654 145.1833568406206 103.0394922425952
846 692 32 239.81842338352524 170.47652790079718 127.65367581930913
1704 691 26 198.03638644918442 110.63739021329987 97.12170639899622
1364 690 35 125.40713765477058 172.10924981791698 130.2585579024035
980 681 14 227.22842639593907 146.90862944162436 119.3248730964467
645 680 24 198.97879282218597 112.22349102773246 98.22185970636215
557 678 37 239.3342122610415 169.35662491760053 127.07778510217534
1929 674 32 238.29052258635963 168.8458813108946 127.62356067316209
919 674 38 224.48033877797945 141.41923774954628 114.23956442831216
1745 672 16 225.66246056782333 143.4479495268139 117.45425867507886
1054 670 8 248.20987654320987 180.50617283950615 113.66666666666666
1151 670 31 116.859167404783 146.6829052258636 102.44375553587246
1213 668 19 179.9602122015915 182.04774535809017 124.05570291777188
756 667 26 253.9987452948557 160.3048933500627 95.65621079046423
484 662 26 197.6047678795483 112.46047678795482 98.42032622333751
1592 660 17 253.60252365930597 171.2365930599369 92.38485804416403
1428 655 19 181.46419098143235 181.9973474801061 124.6366047745358
1857 650 16 201.88643533123027 116.17034700315457 102.30599369085174
804 650 18 226.9787798408488 145.40053050397879 117.6445623342175
1090 647 29 126.55493895671476 174.77580466148723 130.97114317425084
1313 647 21 253.74102079395087 174.86389413988658 93.2022684310019
1019 645 30 197.38057482656095 112.0822596630327 97.45589692765114
1474 643 18 118.9628647214854 146.16976127320953 104.05305039787798
1797 642 36 238.59459459459458 169.31509558338826 127.50889914304547
616 640 24 226.3572593800979 143.09298531810768 116.13376835236542
1680 636 22 239.2381852551985 169.74480151228735 127.82608695652175
696 632 37 253.9538562953197 171.9960448253131 89.68094924192485
517 631 14 238.4467005076142 170.4467005076142 129.37563451776649
1626 627 24 202.28874388254488 114.26916802610114 99.38009787928222
1539 628 35 181.08812818645302 181.34450109249818 124.5251274581209
1262 624 29 200.64816870144284 114.61376248612653 99.12874583795782
861 623 30 200.03468780971258 113.14767096134787 98.33795837462834
1888 621 23 252.0179445350734 170.50081566068516 91.93637846655791
1380 622 29 254.18867924528303 160.35294117647058 95.2219755826859
1734 620 21 239.17202268431004 169.76748582230624 128.24007561436673
952 614 18 239.41379310344826 171.54111405835542 128.82758620689654
1680 612 8 210.23456790123456 153.49382716049382 128.06172839506172
1133 613 16 240.0347003154574 172.94006309148264 130.01261829652995
914 608 13 236.96446700507613 169.65989847715736 128.48730964467003
1329 605 16 240.29337539432177 172.78864353312304 130.73817034700315
1194 603 38 253.71385359951606 159.2062915910466 94.36902601330914
640 597 17 227.3533123028391 146.2018927444795 119.66246056782335
564 593 36 197.0507580751483 111.25906394199076 97.36783124588001
1589 592 17 120.55205047318611 147.1135646687697 104.84227129337539
767 592 38 199.44585601935876 112.2474289171204 97.83000604960678
1842 589 26 224.76035131744038 142.24968632371392 116.17942283563362
997 585 24 198.70799347471453 113.26753670473084 99.01468189233279
829 585 13 239.92893401015226 172.05076142131978 129.7918781725888
1624 583 14 239.30456852791878 172.14213197969542 130.6751269035533
1678 578 32 224.73693534100974 141.53232949512844 115.47032772364925
678 571 17 199.006309148265 113.72555205047318 99.6403785488959
1448 568 51 224.73975341552816 140.58180606464512 113.86404531822726
1294 568 22 253.5897920604915 172.93005671077506 91.84877126654065
861 562 23 253.6199021207178 171.9804241435563 90.4110929853181
612 555 22 239.75614366729678 170.96030245746692 128.60680529300566
1152 554 18 224.0079575596817 142.9177718832891 115.50397877984085
1248 552 18 226.19098143236073 144.59946949602121 117.32891246684349
714 553 19 240.51724137931032 171.76923076923077 129.16445623342173
1074 551 54 253.98067933935806 172.71579931442815 89.92957307572452
937 550 38 199.71082879612825 112.62673926194799 98.0961887477314
1546 549 30 225.0029732408325 142.17046580773044 115.25966303270565
1356 548 32 199.977856510186 113.73604960141719 98.81310894596989
1209 545 14 239.8172588832487 173.91370558375633 131.9492385786802
1767 543 52 197.80906364545152 111.06764411862713 97.39086971009664
659 537 14 239.7664974619289 171.52791878172587 130.0710659898477
999 536 13 239.85279187817258 172.95939086294416 130.75634517766497
1621 534 24 239.17455138662316 170.4714518760196 128.42088091353997
809 530 28 203.3052164261931 115.0110987791343 99.84794672586015
751 524 21 198.9319470699433 112.67863894139887 98.84499054820417
1285 517 19 198.57559681697612 113.13527851458885 98.42705570291777
1230 513 13 239.71573604060913 173.21319796954313 131.23350253807106
1582 511 12 202.91946308724832 117.9463087248322 102.81208053691275
1504 510 14 198.16751269035532 113.36040609137055 99.42131979695431
629 509 22 225.54253308128546 142.23251417769376 115.87901701323251
1330 501 16 225.97160883280756 145.006309148265 117.33438485804416
1176 501 31 226.1452612931798 143.2161204605846 115.74756421612047
873 501 37 225.2498352010547 141.44627554383652 114.28015820698747
1680 501 31 200.64393268379098 113.57838795394154 98.96988485385297
1117 493 15 224.89328063241106 142.98418972332016 116.11857707509881
1540 490 18 227.2838196286472 146.80901856763924 119.631299734748
692 490 38 225.0344827586207 141.73442226255295 115.2008469449486
1003 487 31 224.87776793622675 142.13108945969884 114.87245349867139
1466 487 22 239.44801512287336 171.62948960302458 129.6124763705104
1602 484 25 253.45133991537375 158.45416078984485 95.62764456981664
1397 482 36 239.4759393539881 170.75016479894526 127.99208965062623
945 481 22 199.15879017013233 112.96597353497165 98.34593572778829
1296 479 13 239.6700507614213 172.7664974619289 130.15736040609136
1739 469 18 238.01856763925727 169.9973474801061 129.05039787798407
1245 465 30 240.41030723488603 171.8790882061447 128.88800792864222
1347 453 13 201.48730964467003 117.79695431472081 103.44670050761421
1501 452 17 203.08201892744478 116.61829652996845 101.53943217665615
1701 450 19 225.63660477453578 143.26790450928382 117.27055702917771
785 448 51 239.38587137620794 170.56481172942352 127.92435854715096
1143 447 22 199.30434782608697 113.39508506616258 98.79206049149339
917 446 14 228.13705583756342 147.05076142131978 119.25888324873095
1075 445 36 239.45154911008567 170.98549769281476 127.91628213579432
1191 441 15 199.25296442687747 114.60474308300394 100.23715415019763
1002 433 14 198.41624365482232 115.7715736040609 101.21827411167511
1641 432 33 251.94351630867146 170.97931583134448 91.03182179793158
1306 431 24 202.84176182707995 116.09461663947798 100.5889070146819
867 429 21 201.96975425330814 115.82608695652175 100.40264650283554
1556 424 36 238.5880026367831 169.99538562953197 127.84113381674356
963 421 22 239.5085066162571 170.6880907372401 128.25708884688092
1378 418 23 253.34584013050574 172.9200652528548 91.21696574225123
1261 417 12 239.69127516778522 173.00671140939596 131.2013422818792
1446 413 38 198.51482153660012 112.50332728372656 98.03811252268603
1025 406 14 202.63451776649745 116.01522842639594 101.67512690355329
1209 402 25 226.17348377997178 143.3808180535966 116.26798307475318
1155 395 22 200.33459357277883 114.5538752362949 99.56899810964083
907 395 33 253.48448687350836 160.80429594272078 95.56642800318218
1341 392 16 238.65930599369085 172.0725552050473 130.72555205047317
1605 391 15 201.42292490118575 116.53754940711461 101.8498023715415
844 382 27 252.6047678795483 172.00752823086574 91.18444165621078
1048 376 15 238.8379446640316 171.16600790513831 128.93675889328063
1451 373 14 199.72588832487307 122.61928934010152 102.64974619289339
1505 370 22 238.9640831758034 170.69376181474482 128.68052930056712
1549 367 14 204.48730964467003 119.8223350253807 105.26903553299492
1100 365 32 225.8945969884854 143.22852081488043 115.8768821966342
1454 356 20 210.90249433106575 133.87074829931973 109.6780045351474
981 355 38 198.28009679370842 112.43920145190563 98.05747126436782
1388 352 40 253.85499163413274 159.266034578918 95.09704406023425
1277 347 52 198.92935688103967 112.61846051316228 98.0439853382206
922 342 16 228.17665615141956 148.4858044164038 121.08201892744479
1180 325 37 239.5794330916282 170.66446934739616 128.07514831905075
1048 326 24 199.93800978792822 114.52854812398043 99.87438825448613
1114 308 22 240.3062381852552 171.77693761814746 129.2835538752363
1200 105 4 143.53846153846155 142.92307692307693 141.0769230769231
1209 102 2 162.60000000000002 165.60000000000002 163.60000000000002
