1199 2317 2 142.20000000000002 132.0 133.4
1211 2313 2 160.20000000000002 155.4 156.4
1207 2307 2 161.8 156.0 155.60000000000002
1199 2306 2 159.20000000000002 149.4 145.4
1293 2134 14 242.20304568527916 169.28934010152284 127.65989847715736
1199 2131 28 204.26526082130965 113.54716981132076 98.56492785793563
1337 2120 26 203.61606022584692 112.64868255959848 98.05144291091592
1058 2107 33 241.53937947494035 168.85123309466985 125.96579156722355
1403 2092 31 241.50310008857397 168.58458813108948 126.45792736935341
985 2086 28 202.93118756936738 112.62597114317425 98.04217536071032
1252 2083 37 254.74159525379036 157.69676994067237 93.3295978905735
1144 2075 50 242.0694789081886 168.69549805033677 126.03509393831975
1522 2071 17 224.37854889589906 137.18611987381703 111.9968454258675
918 2068 28 254.10210876803552 155.2364039955605 92.5449500554939
1330 2059 26 254.34253450439144 168.01631116687577 87.34629861982434
1470 2053 33 254.29116945107398 168.170246618934 87.05727923627686
846 2048 23 224.7846655791191 138.29853181076672 112.64763458401306
1057 2032 34 204.43357199681782 112.64598249801114 97.77247414478919
1613 2029 22 240.9092627599244 167.7296786389414 126.40642722117202
993 2028 23 223.97716150081567 136.02610114192495 110.38009787928222
1550 2023 32 254.73427812223207 157.7581930912312 93.80248007085918
950 2019 18 240.67374005305038 168.04509283819627 126.43501326259947
1289 2019 30 254.7215064420218 159.42814667988108 94.48761149653122
1212 2003 38 225.08348457350274 136.4573502722323 110.71385359951604
890 2001 32 254.01682905225866 166.66696191319753 85.74224977856511
794 2000 39 200.90623109497884 110.81790683605567 96.45856019358743
1390 1998 53 205.9149267684637 112.61763789342474 97.96790277344967
1486 1996 26 242.06273525721454 167.78920953575908 125.82057716436637
1667 1983 38 223.5662431941924 134.90320629159106 110.10465819721719
1627 1983 9 206.23456790123456 139.0864197530864 110.71604938271604
1610 1982 16 234.3186119873817 163.88012618296528 123.66876971608832
1135 1979 33 225.87430389817027 137.3070803500398 111.37231503579953
939 1974 17 205.6372239747634 114.78548895899053 99.5205047318612
732 1969 24 199.79934747145188 110.88254486133769 96.88907014681892
1071 1964 23 254.82218597063624 169.56933115823819 86.88743882544861
998 1964 37 241.84706657877388 168.2722478576137 125.5036255767963
681 1960 12 238.0939597315436 166.86577181208054 127.44295302013423
851 1959 18 241.19628647214853 167.26525198938992 125.58885941644562
1742 1951 19 253.9363395225464 156.70822281167108 94.59151193633951
1459 1950 16 254.39432176656152 159.1198738170347 96.47634069400631
1496 1948 16 226.56151419558358 139.3564668769716 114.1198738170347
1562 1942 37 254.9538562953197 168.2610415293342 86.16479894528675
1305 1939 32 254.9672276350753 168.55181576616476 86.17714791851196
1631 1936 17 241.99053627760253 168.6813880126183 127.06940063091483
1180 1937 19 204.0 112.94164456233422 98.07957559681697
1239 1927 30 243.5272547076313 170.56788899900891 127.75817641228939
1384 1927 9 241.76543209876542 170.92592592592592 130.60493827160494
1692 1925 22 240.93950850661628 167.1568998109641 125.87145557655955
702 1925 23 240.73083197389886 167.6215334420881 125.67699836867864
1125 1916 20 242.81179138321997 169.43537414965988 126.9092970521542
834 1915 18 241.00795755968167 167.0185676392573 125.56498673740053
642 1911 28 199.0033296337403 109.73806881243064 96.36403995560488
1058 1909 34 254.0755767700875 156.69371519490852 91.59984089101034
904 1909 51 223.86604465178274 135.19693435521492 109.71042985671443
1733 1907 16 240.29968454258673 168.1608832807571 127.19242902208201
764 1908 38 254.42649727767696 156.17483363581368 91.94857834240776
1425 1896 38 225.6569872958258 136.55293405928614 111.22141560798549
1506 1894 26 254.90589711417815 167.16060225846925 86.34253450439147
1356 1893 26 242.59347553324966 168.22835633626096 126.02007528230865
990 1889 27 254.59974905897113 167.51568381430363 86.09661229611041
1645 1887 29 224.86903440621532 136.10432852386236 111.08213096559379
684 1886 13 239.9441624365482 167.1979695431472 125.50253807106598
1781 1883 35 202.22505462490898 110.46831755280408 96.81136198106337
1171 1879 31 225.67316209034544 136.82285208148804 111.07351638618246
1105 1879 9 241.77777777777777 170.96296296296296 130.8148148148148
1229 1873 16 243.05993690851733 169.33123028391168 127.198738170347
1286 1863 39 206.20568663036903 113.10707803992742 98.23411978221417
1573 1862 37 205.3117996044825 112.21357943309162 97.87277521423862
1712 1856 35 240.5797523670794 166.80043699927168 125.54989075018209
1428 1856 9 210.72839506172838 144.8641975308642 114.9753086419753
829 1856 30 224.40931615460852 135.5599603567889 110.02973240832507
593 1856 39 253.7598306110103 166.5523290986086 85.75075620084695
719 1846 25 199.92242595204513 109.93229901269393 95.88716502115656
1847 1846 30 239.85629335976213 167.22299306243806 126.1199207135778
664 1841 23 223.57911908646005 135.99347471451875 110.9004893964111
1429 1837 18 241.8859416445623 168.3368700265252 126.53846153846153
1039 1838 28 205.96670366259713 113.63817980022198 98.70477247502775
772 1836 23 254.2120717781403 157.3393148450245 92.9004893964111
1492 1834 39 242.475499092559 167.9328493647913 125.994555353902
539 1832 14 239.84263959390861 167.01522842639594 126.10659898477157
1643 1829 27 240.6612296110414 167.49435382685067 126.10790464240903
957 1828 37 203.55438365194462 111.36651285431772 97.02570863546472
1221 1824 21 201.78638941398867 111.10964083175804 97.14366729678639
1366 1822 38 242.79370840895345 168.02177858439202 125.97459165154265
1111 1820 36 254.97429136453525 168.4838497033619 85.73302570863545
1175 1819 20 243.16326530612247 169.34013605442178 126.87074829931973
1305 1808 15 240.9288537549407 168.02766798418972 126.98418972332016
1544 1805 16 203.71293375394322 111.89589905362776 97.43217665615141
1262 1805 16 226.88958990536278 138.65930599369085 113.25236593059937
883 1805 36 254.60580092287407 157.20105471324982 92.5583388266315
572 1796 24 253.85644371941274 155.26590538336052 91.64600326264275
513 1792 24 239.52691680261012 165.163132137031 124.42577487765091
1902 1791 33 253.24423229912492 167.47812251392205 86.82577565632458
814 1791 25 254.9153737658674 167.73906911142453 86.07475317348378
1438 1790 22 254.82230623818526 157.39319470699434 93.5406427221172
1020 1790 17 226.38170347003154 138.17350157728706 112.43217665615141
1070 1789 15 242.57312252964425 168.0790513833992 125.63241106719367
1640 1783 10 202.8849557522124 115.61061946902655 101.92035398230088
1688 1780 33 224.54097056483693 136.9307875894988 111.90612569610184
1780 1779 51 200.87204265244918 109.13428857047651 95.81406197934022
1593 1780 33 225.5791567223548 137.47653142402547 112.08035003977726
639 1780 37 254.30982201713908 155.18457481872116 91.3618984838497
720 1775 36 254.31970995385626 166.00329597890573 84.70468029004614
777 1768 13 200.30456852791878 112.27411167512689 99.53807106598984
1856 1763 17 253.4321766561514 156.5552050473186 95.44794952681387
1131 1762 23 177.63621533442088 174.23980424143556 121.99021207177815
976 1761 31 254.93091231178033 158.08945969884854 92.837023914969
1311 1754 38 254.99939503932245 159.30187537810045 93.82879612825167
1933 1752 15 238.95256916996047 166.81422924901185 126.35968379446639
1375 1752 25 202.84485190409026 110.33145275035261 96.52186177715092
1209 1742 50 179.0421836228288 176.1460475008862 121.86246012052463
554 1741 23 201.12398042414355 109.79119086460034 96.04078303425776
1636 1738 20 240.7278911564626 167.1609977324263 126.01587301587301
835 1737 31 225.32860938883968 136.0992028343667 110.76350752878653
602 1735 15 241.1897233201581 167.7312252964427 126.13833992094861
1044 1735 34 201.60143198090694 109.65871121718378 95.82975338106604
476 1733 37 223.22083058668423 135.0145023071852 110.38628872775213
1674 1731 11 239.35570469798657 168.59731543624162 129.37583892617448
1513 1731 51 254.76041319560147 167.03298900366545 85.04998333888705
1429 1729 25 254.78138222849083 167.40479548660085 86.08039492242595
769 1730 23 242.46166394779772 166.3768352365416 124.80750407830344
912 1726 36 254.93539881344756 167.54185893210283 85.51219512195121
1834 1724 15 225.1581027667984 140.04347826086956 115.54150197628458
1109 1714 25 255.0 169.1410437235543 86.8885754583921
1956 1712 26 195.94981179422834 107.01129234629862 94.85069008782935
1890 1711 35 238.43044428259287 164.60087399854334 124.2993445010925
1720 1706 35 254.05389657683907 156.190823015295 92.35178441369266
986 1704 22 242.93005671077506 167.82797731569 125.22117202268431
1266 1702 13 123.23350253807105 143.7969543147208 105.12690355329948
1665 1698 16 239.82965299684543 166.17981072555204 125.79495268138801
1792 1695 22 253.5803402646503 166.71833648393195 87.00945179584122
538 1690 24 240.77161500815663 166.2120717781403 124.85970636215335
1369 1687 36 227.17996044825313 137.92617007251152 111.66249176005273
870 1687 21 254.8695652173913 155.8733459357278 92.54631379962193
1332 1686 10 212.3716814159292 140.94690265486724 110.4424778761062
597 1686 26 254.24592220828103 167.4341279799247 85.67126725219573
1954 1684 12 193.45637583892616 113.91946308724832 97.11409395973155
1308 1684 23 242.76508972267538 167.93637846655793 125.90538336052202
689 1685 55 224.26312701672046 134.80991493106484 109.57524200645351
1593 1681 38 200.69328493647913 109.13127646702965 95.53962492437992
1050 1682 15 242.399209486166 167.59288537549406 125.8695652173913
1156 1671 34 126.19570405727924 170.64439140811456 129.25139220365952
483 1670 16 224.29022082018926 137.58675078864354 112.43217665615141
929 1669 24 201.31973898858075 109.34094616639479 95.5399673735726
1448 1669 34 254.98329355608593 156.26252983293557 92.09546539379475
2010 1662 16 251.82965299684543 156.6750788643533 96.08832807570978
1761 1661 17 239.8769716088328 166.5583596214511 125.32807570977917
1825 1658 23 253.85318107667212 157.86460032626428 94.55138662316477
1090 1659 25 126.58533145275035 171.1932299012694 129.22849083215797
1234 1657 33 126.24264120922832 171.02704852824186 129.39379474940336
1951 1650 33 222.8098647573588 136.51233094669848 111.67859984089101
1654 1650 25 200.27362482369534 108.99294781382228 95.950634696756
797 1651 51 199.47384205264913 107.68310563145619 94.48850383205598
426 1649 37 197.92485168094922 108.06526038233355 95.06657877389584
1876 1647 19 252.56233421750662 164.9310344827586 86.87002652519894
1402 1646 12 253.40268456375838 161.82550335570468 98.8993288590604
618 1645 15 224.3675889328063 136.66007905138338 111.96837944664031
569 1645 13 201.2182741116751 112.08629441624365 98.69543147208121
1331 1642 15 201.0079051383399 110.43083003952569 96.71541501976284
1523 1637 38 241.9195402298851 167.1445856019359 125.38233514821538
891 1631 31 242.47652790079718 166.97608503100088 124.74136403897255
522 1631 29 240.43285238623753 165.9100998890122 124.91453940066593
1293 1629 23 242.21859706362156 167.61011419249593 125.42251223491029
1000 1624 49 242.84518828451883 167.46291365538227 124.65348041080259
1191 1623 15 122.57707509881422 146.0316205533597 104.08300395256916
1781 1620 23 197.652528548124 107.91190864600327 95.13213703099511
1714 1619 35 240.46030589949018 166.18863801893664 125.13255644573927
1126 1616 23 177.815660685155 175.78140293637847 122.05546492659055
1601 1614 29 226.29855715871255 137.3007769145394 112.12652608213097
1458 1611 15 241.81027667984188 167.3478260869565 125.72332015810275
2009 1607 25 252.6685472496474 164.69252468265162 86.29055007052186
1900 1605 27 198.63989962358843 108.91718946047678 95.83437892095357
1072 1603 16 179.2807570977918 175.94637223974763 122.90536277602523
660 1604 25 254.39210155148095 155.9083215796897 92.54866008462623
935 1602 12 241.86577181208054 167.81879194630872 127.20134228187919
387 1598 24 239.768352365416 165.34910277324633 125.05546492659055
1370 1597 35 200.93299344501094 109.68317552804079 96.03423160961398
593 1595 34 241.18297533810662 165.87748607796343 124.54733492442324
1956 1594 18 238.14323607427053 165.55437665782492 125.23342175066313
1657 1591 21 240.63327032136107 166.16257088846882 125.33270321361059
462 1590 23 226.0146818923328 138.2756933115824 113.2283849918434
1836 1590 33 224.86953062848053 137.87828162291171 112.46221161495625
728 1586 39 241.670296430732 166.25468844525108 124.80883242589233
1557 1585 18 227.84084880636604 139.6472148541114 114.13527851458885
845 1582 24 227.64926590538337 138.71451876019577 112.7194127243067
1176 1580 24 254.74225122349105 169.65905383360524 86.97879282218598
1313 1579 21 242.81852551984878 168.531190926276 125.98298676748583
1197 1579 14 201.53807106598984 149.8984771573604 84.7258883248731
1481 1578 20 227.25850340136054 139.14512471655328 113.64172335600907
1236 1578 36 117.35662491760051 142.84772577455504 100.35596572181937
2044 1576 18 236.59946949602121 163.26525198938992 124.22546419098143
1430 1575 21 229.68241965973536 142.79395085066162 116.04158790170132
1758 1575 22 225.93005671077506 139.00756143667297 113.3194706994329
1457 1574 4 236.76923076923077 174.23076923076923 153.76923076923077
793 1568 24 224.7699836867863 136.25774877650898 110.61174551386624
964 1559 13 226.1928934010152 139.58883248730965 113.95431472081218
519 1554 35 197.93809176984706 107.12818645302258 93.71449380917699
1109 1553 37 118.27092946605141 143.5009887936717 100.77916941331574
1921 1552 25 195.65021156558532 106.81100141043723 94.35119887165021
1033 1549 26 254.73651191969884 157.44291091593473 93.15307402760351
1988 1547 33 237.4526650755768 164.7422434367542 124.1607000795545
908 1548 37 199.57877389584706 108.64864864864865 95.17798286090968
1607 1546 33 201.83054892601433 110.44073190135244 96.6793953858393
1407 1545 17 242.82965299684543 168.403785488959 126.29968454258675
1696 1543 35 226.74654042243264 138.6219956300073 112.6096139839767
617 1543 15 240.0474308300395 165.97628458498022 125.78260869565217
1353 1536 23 228.62805872756934 140.93637846655793 114.26264274061991
666 1537 31 200.11071744906997 108.92825509300266 95.45792736935341
1530 1530 35 202.03495994173343 109.9497450837582 96.26438455935907
1462 1529 28 242.6992230854606 167.66148723640399 125.90788013318536
1863 1523 33 198.96420047732698 108.58154335719969 95.60938743038982
986 1524 20 242.95238095238096 167.859410430839 125.56235827664399
575 1523 20 224.14739229024943 136.40136054421768 111.41723356009071
408 1523 50 240.4324707550514 164.89259127968805 123.89861751152074
1070 1518 13 226.248730964467 140.4213197969543 114.3502538071066
809 1517 24 200.1941272430669 108.82218597063623 95.4078303425775
2056 1514 36 196.48121292023728 107.57547791694132 94.98681608437705
1285 1513 38 254.81306715063522 167.44162129461586 85.51905626134302
483 1510 13 241.0659898477157 169.85786802030455 129.82741116751268
905 1508 9 212.23456790123456 146.25925925925924 117.53086419753086
338 1506 21 253.98865784499054 166.90359168241966 88.66729678638941
1782 1501 50 240.29457639135057 165.97731300957108 124.811768876285
861 1500 15 203.2885375494071 112.35573122529644 98.6403162055336
1187 1499 50 126.00354484225451 170.85820630981922 129.22119815668202
745 1500 38 254.34482758620692 166.39080459770116 84.9122807017544
1653 1498 25 254.27362482369534 156.73342736248236 93.64033850493652
1938 1495 28 224.1842397336293 137.73251942286348 112.2031076581576
1345 1492 16 228.47318611987382 140.90536277602524 114.33753943217665
689 1490 16 241.48895899053628 167.28706624605678 125.5583596214511
1405 1489 33 243.18695306284806 168.1225139220366 125.85282418456643
903 1487 20 242.07709750566895 166.70521541950114 125.43083900226758
648 1485 18 240.54111405835542 166.15649867374003 125.80371352785146
1101 1484 25 178.76304654442876 176.6191819464034 122.01692524682652
1707 1482 17 199.74763406940062 110.23028391167192 97.17034700315457
1031 1480 33 204.53062848050917 112.36515513126493 97.70326173428799
525 1476 35 254.12454479242535 155.42898761835397 91.3634377276038
2094 1468 17 236.86119873817034 163.0378548895899 124.09779179810725
2000 1467 32 222.022143489814 135.89105403011516 111.28786536758193
960 1466 32 201.46855624446414 109.6696191319752 96.12400354295838
1583 1465 41 254.4268230494646 166.2978072412035 85.08057113717491
593 1466 33 196.6961018297534 106.50596658711218 93.86555290373907
464 1462 23 224.90538336052202 136.67862969004895 111.91517128874389
1682 1452 20 254.27891156462584 167.53061224489795 87.11337868480726
820 1452 38 226.46763460375078 137.02843315184515 111.23593466424683
352 1452 37 254.03493737640076 155.15622940013182 92.80751483190507
886 1449 16 241.60883280757096 167.26498422712933 125.86750788643533
1878 1448 37 253.58998022412655 166.32366512854315 86.47857613711271
1313 1447 32 254.98405668733392 158.5155004428698 93.26572187776794
1486 1445 51 228.38853715428192 139.2925691436188 113.00399866711096
1940 1441 20 239.11791383219955 165.61678004535148 124.98866213151928
1252 1440 24 254.8499184339315 168.41435562805873 87.10114192495922
754 1438 21 225.44045368620039 136.41020793950852 111.34404536862004
1366 1437 16 203.33438485804416 112.05993690851734 98.12618296529968
1072 1433 20 227.91156462585036 140.57823129251702 113.96598639455783
922 1433 13 241.2944162436548 167.20812182741116 126.41624365482232
1185 1428 14 253.97969543147207 169.55837563451774 90.0203045685279
1743 1424 31 254.0487156775908 156.6164747564216 93.03188662533215
1408 1424 24 227.4910277324633 138.59543230016314 112.25774877650898
1128 1424 32 177.1124889282551 174.9185119574845 121.49689991142604
1813 1419 31 226.19220549158547 139.42869796279894 113.46412754650133
677 1416 51 198.12329223592135 107.52949016994336 94.59546817727424
1693 1413 10 240.13274336283186 167.61061946902655 128.36283185840708
1637 1411 34 254.71360381861575 156.115354017502 92.51073985680192
501 1410 23 254.26916802610114 157.02610114192495 93.59706362153345
945 1407 12 241.01342281879195 167.7248322147651 126.93288590604027
430 1407 36 254.01384311140407 165.75807514831905 85.85168094924192
1973 1402 26 197.4065244667503 108.19196988707652 95.30740276035131
2066 1401 51 237.21692769076975 162.7947350883039 123.2215928023992
574 1394 39 240.41379310344828 165.45251058681188 124.3200241984271
759 1390 24 242.22349102773248 167.278955954323 125.74551386623165
1282 1389 26 254.98117942283562 159.45169385194478 94.22710163111668
1006 1387 49 254.9383796120198 157.74438950171168 92.60707493343477
1560 1385 36 198.8991430454845 108.33091628213579 95.15227422544496
887 1384 38 200.78221415607987 109.48275862068967 95.9080459770115
1441 1382 19 242.70026525198938 167.45888594164455 125.51193633952253
816 1382 27 199.7854454203262 109.13801756587202 95.69636135508155
1085 1381 26 201.49560853199498 110.80552070263488 96.65872020075281
1213 1381 36 118.64930784442979 143.9835201054713 101.27092946605141
1917 1377 34 238.76610978520287 164.31980906921243 124.08114558472555
1855 1377 20 239.15419501133786 165.77777777777777 125.24943310657596
1764 1375 13 239.7664974619289 166.69035532994923 126.03045685279187
625 1373 12 252.18120805369128 157.04697986577182 96.67785234899328
323 1374 35 195.66642388929353 107.1864530225783 94.55280407865988
1354 1371 40 254.99442275515898 167.3212493028444 85.18795315114335
1801 1363 16 196.40694006309147 108.8359621451104 95.89274447949526
1707 1363 31 241.26749335695305 166.5022143489814 125.24357838795395
1147 1362 23 253.9477977161501 166.98368678629691 86.94290375203916
1994 1358 24 252.91027732463297 155.2805872756933 93.58075040783035
943 1356 17 242.1230283911672 167.66561514195584 126.12302839116718
1494 1354 34 242.25059665871123 166.96420047732698 125.28639618138425
386 1351 23 241.373572593801 165.78140293637847 125.02773246329528
675 1344 21 240.94706994328922 166.50661625708887 125.22684310018904
501 1342 32 197.32772364924713 107.77590788308238 95.06643046944198
1297 1339 17 227.06624605678232 140.10410094637223 113.74132492113564
2122 1338 17 237.77287066246055 163.94006309148264 124.72239747634069
437 1336 22 253.98487712665408 166.4858223062382 86.72967863894141
1634 1335 29 254.59045504994452 167.03884572697004 85.37513873473918
847 1333 20 226.08163265306123 137.9591836734694 112.16326530612245
1766 1331 24 225.7047308319739 138.8825448613377 113.33605220228385
796 1332 20 204.156462585034 113.4875283446712 99.46031746031747
1951 1329 18 223.48275862068965 136.50928381962865 112.10610079575596
1246 1329 23 178.815660685155 177.12071778140293 122.07993474714519
555 1325 14 224.11675126903552 138.61421319796952 113.4720812182741
736 1323 38 241.91833030852996 167.15063520871144 125.32244404113733
1419 1322 32 199.54827280779452 109.01240035429583 95.6917626217892
2072 1319 25 223.6558533145275 137.34414668547248 112.52750352609308
1088 1317 32 254.82728077945086 167.16031886625333 85.44464127546502
613 1316 38 224.03387779794315 136.86630369026014 111.74228675136116
1183 1313 32 117.38618246235608 143.185119574845 100.61027457927369
1906 1311 21 239.29111531190927 164.91493383742912 124.48015122873346
1830 1310 39 198.17846339987904 108.4367816091954 95.3750756200847
1720 1311 16 200.16403785488959 111.41324921135646 97.73186119873817
1365 1308 21 242.66540642722117 168.06805293005672 126.21928166351607
1029 1308 18 227.64721485411138 140.24137931034483 113.25198938992042
976 1307 23 254.64437194127245 167.23327895595432 87.04730831973899
1564 1306 39 226.10949788263764 138.00483968542045 112.39806412583182
2019 1305 24 253.30016313213704 165.68352365415987 86.70636215334422
1141 1305 15 237.80237154150197 167.54545454545453 126.62450592885375
1312 1303 18 199.81432360742704 111.26259946949601 97.86206896551724
911 1302 35 242.20611798980337 167.2301529497451 125.1988346686089
1679 1301 23 253.815660685155 157.48287112561175 94.07014681892333
459 1296 23 201.0146818923328 110.0163132137031 96.65905383360523
511 1294 13 238.741116751269 165.9238578680203 125.78680203045684
312 1290 39 223.06291591046585 135.27707199032065 110.86025408348458
975 1285 12 215.3020134228188 135.48322147651007 84.39597315436241
396 1285 35 254.0327749453751 154.1143481427531 91.61981063364895
551 1283 21 240.42911153119093 166.4990548204159 125.59357277882798
679 1283 23 197.09135399673735 108.6867862969005 95.98531810766721
2071 1280 10 236.929203539823 165.8230088495575 127.87610619469027
1493 1280 30 241.94152626362734 167.04459861248762 125.27353815659067
1963 1280 28 239.02441731409544 164.9467258601554 124.60599334073252
824 1278 38 241.74410163339385 166.480943738657 124.9739866908651
2118 1275 33 252.7183770883055 153.78997613365155 92.78918058870326
1434 1274 14 204.3451776649746 113.497461928934 99.20304568527918
1914 1273 14 238.6497461928934 165.0 125.39086294416242
1401 1272 15 242.24110671936756 168.12252964426875 126.67193675889327
1634 1271 21 241.3251417769376 166.2476370510397 124.88090737240076
1046 1261 32 254.77236492471215 157.32329495128434 92.81665190434013
1759 1261 38 253.9630973986691 166.7489413188143 85.88021778584393
1179 1254 17 126.67192429022082 171.82965299684543 130.22397476340694
509 1254 18 225.16180371352783 138.6206896551724 113.3103448275862
1252 1250 50 176.40092165898616 175.6309819213045 121.17050691244239
1594 1247 20 241.22902494331066 166.41043083900226 125.31746031746032
1120 1247 33 254.50914876690535 158.9307875894988 93.99204455051711
972 1246 36 200.3803559657218 110.67237969676994 96.614370468029
626 1247 24 223.21533442088094 136.13376835236542 111.6215334420881
2033 1244 33 223.32299124900558 136.7239459029435 112.33174224343676
1346 1244 34 226.7931583134447 138.7024661893397 112.40731901352427
751 1244 29 201.59711431742508 111.1842397336293 97.44839067702553
105 1244 4 126.61538461538463 117.46153846153847 118.53846153846155
1693 1243 23 199.04241435562807 109.61990212071778 96.12398042414357
457 1242 30 240.54311199207135 165.92368681863232 125.06442021803765
879 1241 21 197.9867674858223 109.06805293005671 96.1625708884688
286 1236 17 224.08201892744478 137.57097791798108 112.60252365930599
106 1235 2 126.4 117.80000000000001 119.0
97 1235 2 131.6 124.80000000000001 128.20000000000002
1927 1235 16 223.39432176656152 137.39432176656152 112.97791798107255
412 1234 10 239.61946902654867 167.35398230088495 128.46902654867256
1396 1232 9 240.53086419753086 171.41975308641975 132.4074074074074
1859 1226 49 254.01293267402056 156.03879802206163 92.99467478128567
1443 1225 32 227.7555358724535 140.4561558901683 113.91054030115147
218 1223 2 238.60000000000002 186.8 159.4
685 1221 34 240.40811455847256 165.65393794749403 124.38743038981703
1974 1214 28 196.89678135405106 107.826859045505 95.48834628190899
559 1212 38 196.77555958862675 108.33575317604357 95.34603750756202
2269 1209 2 134.0 123.60000000000001 125.80000000000001
1785 1210 14 239.93908629441623 166.00507614213197 125.85786802030456
1643 1206 38 254.1978221415608 156.9189352692075 92.89957652752572
2259 1200 2 141.20000000000002 131.6 130.6
2269 1199 4 147.84615384615387 144.0 148.0
499 1200 19 241.3633952254642 167.69496021220158 126.26790450928381
1529 1198 51 199.65111629456848 108.80406531156281 95.13762079306898
353 1198 51 240.2022659113629 165.4835054981673 124.75874708430524
914 1196 31 199.13197519929142 109.97077059344554 96.23294951284323
1167 1193 31 226.54827280779452 140.07794508414526 113.2028343666962
630 1192 20 253.99773242630386 157.41496598639455 94.21768707482994
756 1191 13 223.99999999999997 139.07614213197968 113.80203045685278
2093 1191 41 194.88220295767468 106.72972972972974 94.4176440591535
1727 1189 36 240.9189189189189 166.3829927488464 125.1628213579433
976 1181 23 225.7520391517129 139.32952691680262 112.8678629690049
1382 1179 33 226.6117740652347 138.89101034208434 113.04295942720765
1047 1179 39 241.26073805202662 167.68663036902603 125.49243799153057
825 1178 51 224.569476841053 137.04431856047984 111.40186604465178
1111 1176 22 226.124763705104 140.0170132325142 113.72022684310019
1926 1173 25 224.80535966149506 137.2792665726375 112.52045133991537
1790 1172 17 240.83596214511041 166.0410094637224 125.44794952681387
442 1169 34 200.00318217979316 110.31742243436754 96.92044550517105
1305 1167 34 126.33333333333334 171.8933969769292 130.38186157517902
1232 1165 31 118.68821966341896 145.45084145261293 102.26572187776794
528 1164 14 253.41116751269033 167.71573604060913 88.85786802030456
2015 1161 34 237.83532219570407 163.20763723150358 123.42959427207637
1825 1159 14 239.92893401015226 165.9746192893401 125.43147208121826
661 1156 20 240.69614512471657 167.32426303854876 125.80045351473923
1454 1149 35 242.39257101238167 167.7742170429716 125.94610342316096
720 1145 40 254.04740658114892 157.17902955939766 93.18851087562744
1591 1142 29 201.26526082130965 110.66925638179801 96.84905660377359
989 1142 13 199.80710659898475 112.84263959390861 98.36548223350253
397 1141 13 239.81218274111674 166.9441624365482 127.53807106598984
2116 1138 14 236.7918781725888 164.53299492385784 125.45685279187816
1759 1137 15 198.699604743083 109.95652173913042 96.76679841897233
1870 1135 35 197.70648215586309 108.01747997086672 95.42243262927896
1183 1136 23 241.33605220228387 168.72267536704732 126.96411092985319
438 1133 14 188.75126903553297 105.25380710659897 92.497461928934
1959 1129 24 238.90864600326265 164.64926590538337 124.69983686786297
933 1129 34 241.01431980906924 167.69689737470168 125.46141607000796
1506 1129 16 225.83596214511041 139.0441640378549 113.73817034700315
1668 1128 37 226.44957152274225 138.17007251153592 112.36980883322346
502 1127 29 223.16315205327413 135.7968923418424 110.90788013318536
1398 1123 17 226.01577287066246 140.3123028391167 114.17981072555204
2070 1121 26 222.24341279799245 135.7703889585947 111.56587202007528
1802 1115 27 200.70639899623586 110.3513174404015 96.9284818067754
1356 1115 20 254.01133786848072 168.7482993197279 87.41496598639456
871 1114 21 198.6540642722117 110.57844990548205 96.42911153119093
780 1114 18 240.70822281167108 167.68169761273208 125.83023872679044
587 1114 51 254.053982005998 167.04498500499835 85.43052315894703
1249 1113 17 254.01577287066246 168.24290220820188 88.3596214511041
1550 1112 19 241.87267904509284 167.57824933687002 125.946949602122
298 1110 34 199.60620525059667 110.90533015115355 97.64518695306285
362 1098 29 222.96115427302996 136.06326304106548 111.61487236403995
1014 1095 36 224.50362557679628 138.43836519446273 112.15952537903756
1481 1093 18 201.17241379310343 111.70026525198938 98.15119363395225
433 1093 38 198.77253478523897 109.39140955837871 96.313369630974
1106 1092 51 200.95634788403865 111.65544818393869 96.89903365544819
823 1092 28 199.9322974472808 111.49056603773585 97.20976692563818
1434 1085 21 254.296786389414 159.31190926275994 95.73345935727788
1297 1083 35 176.74289876183542 176.69774217042973 121.5768390386016
1860 1082 18 239.74801061007958 165.48275862068965 125.10344827586206
1612 1082 29 241.5260821309656 166.9167591564928 125.23751387347392
1387 1082 13 177.23857868020303 175.43654822335023 122.74111675126903
670 1083 30 195.92566897918732 109.07135777998018 95.61446977205154
2008 1079 41 222.60938296787356 136.3131055583886 111.75420703722591
1737 1080 36 254.02504943968356 166.57415952537903 85.52735662491759
1524 1078 17 241.7665615141956 167.72555205047317 126.17350157728706
1915 1073 35 198.16970138383104 108.7130371449381 95.73634377276038
1201 1071 38 199.82395644283125 111.11857229280098 96.80217785843921
1354 1069 15 127.23320158102766 172.14229249011856 130.47826086956522
881 1064 23 125.6884176182708 170.42088091353997 129.38009787928223
517 1061 34 240.65314240254577 166.57517899761336 124.64757358790773
590 1060 14 228.59390862944161 156.06091370558374 106.19289340101523
1672 1055 24 254.1125611745514 157.64110929853183 94.02446982055466
2088 1055 31 237.17626217891942 163.66430469441985 124.08945969884854
747 1052 38 253.92558983666063 166.70235934664248 85.16696914700545
945 1050 36 117.96967699406723 145.3843111404087 101.91628213579432
1560 1049 22 223.08884688090737 135.59924385633272 110.60113421550095
590 1046 19 223.8992042440318 154.9098143236074 112.25464190981432
331 1046 28 253.99001109877915 158.9100998890122 95.18534961154273
1804 1044 38 222.90744101633396 135.4010889292196 110.55716878402905
1258 1044 20 223.3151927437642 137.39002267573696 111.53061224489797
1870 1040 18 239.20424403183023 165.6153846153846 124.91777188328912
1154 1036 16 200.0347003154574 112.86750788643533 98.40378548895899
1919 1034 10 188.141592920354 106.14159292035399 93.29203539823008
1484 1034 33 241.0533015115354 167.44550517104219 125.64598249801114
398 1034 30 239.6422200198216 165.8820614469772 125.08622398414272
1064 1028 19 253.9867374005305 168.9946949602122 87.18567639257294
835 1026 35 240.10050983248362 166.86890021849965 124.61107064821559
1404 1025 36 116.93473961766644 143.14765985497692 100.63348714568225
458 1024 27 220.41405269761606 133.8419071518193 109.47051442910914
1338 1023 21 116.03213610586012 142.593572778828 100.43478260869566
1205 1020 12 238.27516778523488 167.66442953020135 126.18120805369128
639 1021 33 221.6332537788385 135.5043754972156 110.46221161495625
1614 1019 22 254.02457466918716 165.87712665406428 86.3062381852552
1978 1019 22 237.9773156899811 163.90737240075615 123.8506616257089
1013 1017 26 223.20326223337514 137.19824341279798 111.2107904642409
1922 1010 22 199.73913043478262 110.30245746691872 96.81663516068053
1656 1010 13 253.28426395939084 160.05076142131978 97.11167512690355
1107 1009 27 253.86449184441653 160.04516938519447 94.1254705144291
900 1002 26 253.99999999999997 167.21706398996236 86.59222082810538
967 999 12 128.60402684563758 174.55704697986576 131.4295302013423
702 998 25 254.00282087447107 167.31734837799718 86.0098730606488
556 997 30 198.6808721506442 109.33795837462834 95.57086223984143
1308 994 20 240.6780045351474 168.07709750566895 125.99092970521542
1725 988 50 240.08649415101027 165.95285359801488 124.67812832328961
1170 985 30 241.0495540138751 168.71060455896927 126.41328047571854
1554 984 34 221.76770087509945 134.0063643595863 109.56881463802705
1869 983 32 239.0132860938884 165.4490699734278 124.51372896368468
1246 984 34 254.1614956245028 167.90771678599842 85.95385839299921
501 981 23 240.57911908646005 166.55954323001632 125.00978792822187
1803 979 23 201.28384991843393 111.5057096247961 97.40130505709625
1365 978 21 253.99054820415878 167.17202268431004 86.82230623818526
1499 975 14 202.36548223350252 113.34010152284263 98.89340101522842
346 976 35 253.91769847050256 166.41806263656227 86.16897305171159
771 974 40 254.00000000000003 157.56441717791412 92.69548243167876
2042 974 51 195.69843385538155 107.42085971342885 94.28857047650783
667 973 11 238.61073825503354 168.71140939597316 128.2281879194631
1628 963 32 254.04605845881312 156.2046058458813 92.5792736935341
885 962 13 220.85279187817258 136.90862944162436 112.25380710659897
1957 962 31 253.25686448184234 157.82993799822853 94.13463241806909
841 954 24 220.96900489396413 135.64600326264275 110.61337683523655
1044 954 37 253.96769940672377 168.52406064601186 86.34014502307184
434 950 40 253.8148354712772 156.34857780256553 92.48410485220302
611 947 37 199.0744891232696 110.25906394199076 96.82267633487145
1114 943 28 199.4173140954495 112.13429522752497 97.41398446170922
1208 943 18 240.72413793103448 169.85411140583554 127.27851458885941
699 942 27 198.55834378920952 109.85069008782935 96.55583437892095
1435 942 50 125.66111308046791 171.534916696207 130.06806097128677
536 940 26 221.9836888331242 134.8155583437892 110.4930991217064
1321 937 35 254.08885651857247 159.61689730517116 93.9104151493081
1166 935 13 240.82233502538068 170.60406091370558 128.13197969543145
1866 931 15 239.46245059288535 166.798418972332 125.97628458498023
1520 931 18 241.65517241379308 169.21485411140583 127.26525198938991
948 931 49 176.4864967668315 177.35222518067707 121.41650817801445
1258 929 21 253.99810964083176 159.00756143667297 94.41587901701324
1904 925 19 253.05039787798407 165.25464190981432 86.18832891246684
1813 924 30 221.94747274529237 134.9603567888999 110.41724479682854
1567 921 22 223.7750472589792 136.28922495274102 111.46691871455577
1867 916 8 216.85185185185185 151.5185185185185 110.67901234567901
737 912 12 239.36241610738256 167.8523489932886 126.65771812080537
359 911 29 197.13096559378468 109.10876803551609 96.42175360710323
1677 911 31 241.25952170062 167.87865367581932 126.04162976085031
1936 903 17 197.3123028391167 110.0788643533123 97.15141955835962
866 904 21 196.30812854442345 110.90926275992439 96.77126654064273
1987 900 25 238.71932299012693 166.3413258110014 125.41607898448518
1619 899 19 198.24668435013263 109.40583554376657 96.15915119363395
562 898 23 239.89559543230018 166.86460032626428 125.28874388254486
1137 896 19 253.9549071618037 168.2864721485411 87.18832891246684
1373 895 17 202.64984227129338 115.2018927444795 99.9968454258675
2042 894 25 198.42031029619181 110.3244005641749 96.91255289139633
1088 891 20 115.70521541950113 143.30385487528346 99.9297052154195
1022 891 21 124.945179584121 171.29489603024575 129.49338374291116
496 891 34 198.01988862370726 109.98886237072395 96.49005568814638
620 888 15 253.27667984189722 167.01976284584978 88.29644268774703
1749 884 39 199.60798548094377 109.78221415607986 96.07743496672717
1244 883 15 120.92094861660078 147.42687747035572 104.50592885375494
788 883 41 198.56348801631822 110.71596124426314 96.90311065782764
1869 883 32 253.95925597874225 156.02745792736937 92.57395925597875
1188 881 30 118.2804757185332 146.98116947472744 102.57779980178394
1286 875 20 175.72108843537416 176.8843537414966 121.59183673469389
1496 865 36 176.17336849044165 175.93935398813446 121.59986816084376
685 865 51 239.75941352882373 166.41652782405865 124.53648783738754
1058 863 12 252.2013422818792 169.40939597315435 91.6241610738255
1813 859 23 239.79608482871126 167.13703099510604 126.13213703099511
1573 854 34 198.64757358790771 109.72155926809866 96.42322991249006
1347 854 25 126.27503526093089 173.30324400564174 131.09308885754584
903 854 34 220.92680986475736 135.02943516308673 109.57915672235482
1642 852 30 221.6838453914767 134.6045589692765 109.90683845391476
1421 848 34 115.9928400954654 143.55926809864758 101.2068416865553
415 846 51 220.67244251916028 134.31822725758082 109.80273242252582
1238 845 19 253.9575596816976 170.05305039787797 87.28381962864721
595 844 33 253.96499602227527 159.0151153540175 94.22752585521083
530 842 22 239.72211720226844 166.59924385633272 125.14933837429112
840 839 18 240.8859416445623 168.89655172413794 126.50928381962864
1939 838 37 253.05471324983517 165.479894528675 85.89123269611073
981 833 36 114.93408042188528 143.73302570863547 100.27554383651943
752 834 16 199.34384858044163 112.7192429022082 98.47003154574132
1703 832 25 240.82228490832156 168.0126939351199 126.46967559943582
1199 833 15 252.90118577075097 169.19367588932806 90.4901185770751
1045 827 19 174.55437665782492 176.76392572944297 121.17771883289124
2024 825 42 237.99541050484447 165.85211626721062 125.28301886792454
1532 819 14 253.25888324873094 168.61421319796952 90.38578680203045
1119 818 50 124.5122297057781 172.48599787309465 129.71712158808933
1289 813 34 114.60540970564837 143.20843277645187 99.6571201272872
1852 811 32 197.41452612931798 109.14968999114261 96.05668733392383
1809 810 7 235.22448979591834 171.40816326530611 136.0408163265306
1762 808 33 221.2203659506762 134.21797931583134 109.74144789180589
1616 809 14 241.11675126903552 168.51269035532994 127.10659898477157
938 806 16 238.60567823343848 168.10410094637223 126.23028391167192
1655 802 16 199.64668769716087 112.39116719242902 98.21135646687696
735 802 13 239.99999999999997 167.77664974619287 127.09137055837563
1560 798 14 128.4720812182741 173.0659898477157 131.30456852791878
634 797 19 199.66312997347478 111.73209549071618 98.23872679045093
798 796 35 254.03350327749456 167.07574654042244 85.55935906773489
872 794 21 253.95274102079395 159.73724007561438 94.73534971644612
1476 788 39 125.59709618874774 171.670296430732 130.08590441621297
1705 786 15 239.7075098814229 167.92490118577075 126.96047430830039
490 786 39 239.34482758620692 166.69207501512403 125.03508771929826
559 785 22 193.96975425330814 108.85444234404537 96.08695652173914
1589 775 20 196.66666666666669 109.44897959183673 96.30839002267574
1217 775 36 176.8503625576796 178.9835201054713 122.07251153592615
1378 772 49 175.75503993914037 176.69836439710917 121.2320273868391
1042 770 31 114.90256864481843 144.19929140832596 100.2931798051373
985 769 22 124.96597353497165 172.9640831758034 129.97920604914935
751 766 11 239.85906040268455 169.16107382550337 127.83221476510067
689 762 40 219.4010039040714 133.36252091466815 108.8605688789738
1291 758 18 253.48275862068965 162.84615384615384 97.9655172413793
1999 757 21 252.9508506616257 166.62759924385634 88.41209829867675
415 757 29 196.70921198668148 110.9245283018868 97.28856825749168
1735 754 20 240.31972789115648 168.27437641723355 126.93650793650794
1658 751 35 253.99635833940278 157.6533139111435 93.58048069919884
1162 751 19 253.17506631299733 169.17241379310343 88.05835543766578
1540 750 27 126.83437892095357 171.92597239648683 130.72898368883313
1809 748 35 197.60087399854334 109.24544792425347 96.0233066278223
615 747 28 253.94117647058823 159.08102108768037 94.43840177580466
1919 747 53 219.30663758180117 133.57494546587722 109.55749454658772
924 747 33 253.9992044550517 167.35481304693715 85.54017501988862
1041 737 9 165.79012345679013 129.8641975308642 102.0
1499 735 13 240.5431472081218 169.2690355329949 127.53807106598984
847 735 39 241.00483968542048 168.51724137931035 125.60798548094375
1597 731 23 240.89559543230018 168.61174551386625 126.59216965742252
776 731 22 240.0907372400756 166.86389413988658 125.30812854442344
1452 728 25 254.02538787023977 166.52750352609308 86.32299012693935
1099 728 32 239.37821080602305 168.02480070859167 125.60318866253321
550 726 27 253.9548306148055 166.62484316185694 85.5621079046424
1213 726 14 239.5228426395939 170.32994923857868 128.1776649746193
1251 723 20 199.80498866213154 113.33560090702949 98.52607709750568
734 723 10 239.1858407079646 168.8495575221239 128.76106194690266
1382 721 13 196.84771573604058 158.16243654822333 115.61421319796953
1040 719 19 215.81167108753314 134.26790450928382 109.01591511936338
982 708 33 253.9769291964996 159.1909307875895 93.43436754176611
1700 706 18 199.71618037135278 111.76657824933686 98.6631299734748
1316 706 36 220.45814106789715 135.06064601186551 109.87870797626894
1852 704 20 239.08163265306123 167.28571428571428 126.64625850340137
478 703 36 253.82135794330915 158.4785761371127 94.76137112722478
1383 697 25 235.0070521861777 165.70380818053596 123.64315937940762
1165 697 30 197.7680872150644 111.78790882061446 96.80773042616451
1498 694 24 222.25774877650898 136.02446982055466 111.12887438825449
1758 691 37 239.66446934739616 167.9353988134476 126.2847725774555
663 687 31 253.77059344552703 166.23914968999114 86.1302037201063
1563 681 33 254.00715990453463 157.1837708830549 93.26650755767702
1953 679 19 237.2758620689655 165.59416445623341 125.6790450928382
591 678 31 195.75730735163862 109.43932683790966 95.9317980513729
736 675 33 253.8178202068417 158.27287191726333 93.82338902147971
537 672 22 253.34404536862004 158.96975425330814 95.12854442344046
1436 664 34 195.46937151949086 108.91567223548131 95.48210023866349
1112 664 26 220.0401505646173 135.53199498117942 109.81304893350062
1246 661 34 240.35242641209229 168.85123309466985 126.10023866348449
813 660 34 196.62848050914877 109.93317422434367 96.05727923627686
1647 658 51 253.93468843718762 166.22059313562147 85.28623792069311
1046 658 34 254.0318217979316 168.47096260938744 85.54972155926811
904 656 49 253.9882084442754 159.0528718143781 93.66260935717003
1824 651 32 219.1036315323295 133.91674047829937 109.77945084145261
1302 651 10 238.47787610619469 168.91150442477877 127.82300884955752
983 650 18 198.42970822281166 112.83819628647214 98.01591511936338
1348 646 28 195.97558268590456 109.28967813540511 95.69589345172031
1900 645 36 197.1179960448253 110.11865524060646 96.97231377719181
1718 644 17 219.57413249211356 133.94321766561515 110.08832807570978
1181 637 25 220.52750352609308 136.55571227080395 110.89703808180536
1399 637 11 238.63758389261744 169.84563758389262 129.51677852348993
1144 637 10 239.54867256637166 169.56637168141592 128.2566371681416
1506 629 35 240.7101238164603 168.68681718863803 126.6380189366351
623 625 28 239.65482796892343 166.83573806881245 124.97780244173141
762 622 12 239.29530201342283 168.53691275167785 127.52348993288591
682 620 31 194.34455270150576 108.76262178919399 95.55801594331267
1761 610 31 197.61558901682906 110.11780336581046 96.67670504871568
793 607 16 220.33123028391165 135.22082018927443 110.97791798107255
1578 604 30 198.0515361744301 110.87115956392468 96.90188305252725
553 602 41 253.64405915349312 166.2580316165222 85.97042325344212
1812 600 11 200.2013422818792 115.44295302013423 102.18791946308724
1849 598 20 237.89795918367346 167.46938775510205 126.79138321995465
1041 598 21 253.93761814744803 168.82041587901702 87.1304347826087
1706 597 22 239.28544423440454 167.80907372400756 126.5179584120983
1295 595 37 239.64337508239944 167.85102175346077 125.48714568226762
970 595 32 253.99291408325954 167.06111603188663 85.90434012400354
1106 594 36 253.89716545814105 159.61832564271586 93.87211601845748
1887 591 13 236.62944162436546 166.23350253807106 126.50761421319795
1450 586 28 253.83240843507215 159.06326304106548 94.9211986681465
1533 585 10 220.61946902654867 139.46017699115043 114.929203539823
844 583 32 254.01948627103633 168.32683790965456 86.48361381753764
1378 582 35 219.52585579024037 134.02257829570286 109.40713765477058
734 578 28 239.59933407325195 166.85127635960043 125.31298557158713
1009 567 10 237.20353982300884 169.8849557522124 129.53097345132744
790 567 17 253.88012618296528 165.9211356466877 85.66561514195584
1743 562 13 252.11675126903552 166.90862944162436 89.98477157360405
1648 562 37 218.38826631509556 132.76137112722478 108.89123269611073
1194 556 51 196.20426524491836 109.8330556481173 95.62745751416195
1803 548 38 252.89231699939506 158.30066545674532 94.37205081669693
913 548 36 240.5346077785102 168.02043506921555 125.28806855636122
1053 544 31 254.0044286979628 159.98848538529674 94.18866253321524
630 538 51 196.3635454848384 109.30556481172943 95.9943352215928
1508 537 35 253.81063364894393 165.46758922068463 85.30954115076476
1579 536 28 239.97780244173143 168.0976692563818 126.14095449500554
1326 530 25 197.02820874471087 110.57545839210155 96.8885754583921
1275 531 23 239.22512234910278 167.77487765089722 125.66231647634585
842 529 17 199.09148264984228 112.62145110410094 98.53627760252365
730 529 10 239.01769911504425 168.5486725663717 128.75221238938053
1383 526 18 218.86737400530504 134.53315649867372 109.84615384615384
1437 524 28 253.9356270810211 160.74250832408435 95.46392896781354
1120 524 24 240.28711256117455 168.68189233278957 126.03915171288745
1724 518 38 253.25771324863885 156.83484573502724 93.63762855414399
981 519 30 199.0009910802775 111.83746283448959 97.43706640237859
786 512 35 220.14056809905318 134.3430444282593 109.90240349599418
1668 504 13 238.97969543147207 168.21319796954313 127.53807106598984
1241 502 12 239.26845637583892 169.35570469798657 127.32885906040268
1168 498 12 239.0738255033557 168.81879194630872 127.73154362416108
1778 490 16 238.70031545741324 168.18611987381703 127.59621451104101
1617 486 30 201.42715559960357 113.37462834489594 99.25867195242814
705 486 29 195.7602663706992 109.91786903440622 96.77358490566039
1355 486 23 238.9820554649266 167.20391517128874 125.09624796084829
870 481 33 254.00397772474145 160.75099443118538 95.40095465393796
1406 479 20 239.69614512471657 168.40136054421768 126.14965986394559
1553 474 28 193.73584905660377 108.2142064372919 95.41842397336293
656 470 20 238.7981859410431 166.04308390022675 124.94104308390023
1205 467 27 253.8306148055207 167.08657465495608 86.09535759096612
1285 466 32 219.38795394154118 134.39061116031888 109.57484499557131
940 463 34 219.94669848846462 134.3914081145585 109.36276849642006
1125 461 28 197.79134295227524 111.51054384017758 97.45615982241954
1684 454 32 239.3153232949513 167.85651018600532 126.83790965456156
1040 450 51 253.98400533155615 166.9310229923359 84.92969010329891
1633 443 13 237.59390862944161 167.74111675126903 127.44162436548223
1473 439 52 220.07497500833057 134.85338220593135 109.96701099633457
716 437 19 253.19628647214853 159.49336870026525 96.36339522546419
1317 426 8 195.9753086419753 115.87654320987653 102.76543209876543
781 426 39 239.28372655777378 165.78886872353297 124.3448275862069
1554 425 16 196.57728706624604 110.41640378548895 97.46687697160883
1597 421 23 218.64763458401305 134.7504078303426 110.63458401305057
845 420 16 253.30599369085172 166.13564668769715 86.85804416403785
1372 416 41 194.65221825599184 108.90515043345232 95.13258541560428
1107 414 15 239.5296442687747 168.08695652173913 126.26086956521738
892 413 26 194.85947302383937 109.32622333751567 95.93977415307403
1238 412 28 197.10654827968924 110.8945615982242 97.15094339622642
978 410 23 240.0783034257749 167.4763458401305 125.12234910277326
1165 406 35 219.78077203204663 134.43044428259287 109.64166059723235
1642 400 21 193.73724007561438 109.79206049149339 96.95841209829868
1305 382 30 239.0426164519326 166.56888007928643 124.9177403369673
1544 372 33 239.06603023070804 167.02307080350042 126.3134447096261
848 373 27 253.603513174404 165.79799247176913 86.76160602258469
1113 370 21 192.95841209829868 108.2022684310019 95.23062381852552
1354 364 11 238.18120805369128 169.79194630872482 129.63758389261744
1252 361 18 221.75862068965517 137.9257294429708 112.40053050397877
1484 359 22 238.98298676748584 166.54253308128546 125.56332703213612
1208 352 22 253.95841209829868 167.61814744801512 87.76181474480151
932 351 41 196.27231004589495 109.82610912799592 96.15349311575727
1036 345 51 240.23092302565811 167.6461179606798 125.2272575808064
1413 339 41 193.79551249362572 108.57368689444162 95.34166241713412
1340 321 31 253.87599645704165 160.5066430469442 95.43932683790966
1151 322 34 253.98965791567224 160.65155131264916 95.39618138424821
1272 311 28 253.5338512763596 166.3118756936737 86.23862375138735
1097 305 15 239.8893280632411 168.0909090909091 126.85375494071145
1210 303 24 194.87275693311582 109.52202283849918 96.46982055464927
1183 143 2 130.8 123.60000000000001 120.4
1174 143 2 131.8 128.8 127.60000000000001
1175 139 2 136.4 133.4 131.6
1183 133 2 125.60000000000001 119.60000000000001 118.0
1171 133 2 131.20000000000002 129.0 128.6
