1218 2279 2 153.8 149.6 149.6
1212 2279 2 150.0 145.6 147.20000000000002
1205 2277 2 155.4 149.20000000000002 152.0
1213 2273 3 150.92307692307693 144.0 141.15384615384616
1205 2269 2 163.4 155.4 153.0
1217 2099 39 255.00000000000003 161.48336358136723 94.92921960072596
1327 2086 52 243.75041652782406 169.5561479506831 126.4368543818727
1128 2085 39 255.00000000000003 168.6454930429522 86.48396854204478
1035 2071 50 242.9078341013825 169.2545196738745 126.35873803615739
1536 2067 22 243.72400756143668 171.41020793950852 129.28544423440454
1448 2054 55 205.56409504253446 112.8920504546788 98.17189791727779
1256 2053 18 208.22546419098143 115.78779840848806 99.9496021220159
937 2053 37 225.83124588002636 137.57152274225444 111.71852340145023
983 2020 9 241.12345679012344 171.14814814814815 130.679012345679
1106 2016 26 225.84441656210788 137.00376411543286 111.38017565872019
1644 2012 24 227.00163132137033 137.768352365416 112.6231647634584
1188 2011 48 227.14225941422595 137.72384937238493 111.52377329783188
1572 2007 38 255.00000000000003 168.6128251663642 87.00786448880824
1533 2004 11 221.0939597315436 143.13422818791946 95.03355704697987
761 2004 17 227.89589905362774 141.48895899053628 115.6372239747634
1277 2003 32 244.0398582816652 169.40035429583702 126.62267493356953
1513 2001 20 222.47392290249434 135.5374149659864 109.75283446712018
1363 2001 28 205.71476137624862 112.86126526082131 99.03107658157603
1055 1996 17 207.70347003154575 116.29652996845425 100.67192429022082
931 1990 16 243.62776025236593 171.21766561514195 129.11356466876973
844 1990 57 203.92524137931036 112.15751724137931 97.50537931034484
1412 1957 31 244.23117803365813 169.26395039858284 126.8281665190434
999 1950 50 226.9078341013825 137.19390287132222 111.20524636653668
1549 1949 20 243.6122448979592 169.39002267573696 126.90022675736962
1484 1945 37 206.19907712590637 112.55636123928807 98.13447593935398
1097 1942 40 205.2738427216955 112.7685443390965 98.0111544896821
1603 1940 33 205.41686555290374 112.23945902943517 97.8933969769292
667 1941 19 241.85676392572944 169.27320954907162 127.10344827586206
1699 1940 55 243.42035787621003 169.2021120563215 126.61689645057201
731 1939 39 254.99939503932245 168.7543859649123 86.26073805202662
921 1939 17 205.51104100946372 114.00946372239747 99.01892744479495
788 1939 10 241.7433628318584 172.30973451327432 132.26548672566372
1167 1937 15 243.86166007905138 170.01581027667984 127.74703557312252
1226 1925 37 205.2386288727752 112.09162821357943 97.85431773236651
1327 1923 50 227.49982275788727 137.45338532435306 111.6214108472173
1783 1910 24 227.56443719412727 138.82381729200654 113.5562805872757
789 1890 31 242.99291408325954 168.96457041629762 126.162976085031
1615 1887 16 206.24290220820188 114.28706624605678 99.99369085173501
641 1885 36 225.64007910349372 137.4812129202373 111.87013843111403
874 1883 46 244.013860578883 169.4235629841011 126.32123929881777
705 1881 22 202.70510396975425 111.32703213610586 97.1304347826087
1544 1876 40 204.10373675404352 111.33240379252649 97.54991634132739
1832 1873 20 202.97052154195012 113.12925170068027 98.79818594104309
581 1868 15 225.23715415019763 138.07509881422925 113.60474308300394
960 1867 32 227.28520814880426 138.60407440212578 112.71922054915855
1431 1866 45 243.91743119266056 168.74137177806904 126.30406290956749
1045 1865 40 205.65978806469604 112.33742331288344 97.54378137200224
1712 1862 12 242.95302013422818 171.31543624161074 130.2013422818792
1151 1858 52 255.0 160.3728757080973 93.88070643118961
1361 1852 16 205.53627760252365 113.71608832807571 99.54574132492114
1256 1842 40 204.1706636921361 111.34021193530397 97.24484104852203
1768 1841 39 202.87416817906836 111.2183908045977 97.3036902601331
1322 1840 18 206.01591511936337 113.0053050397878 98.88063660477454
817 1831 21 204.2476370510397 112.34026465028356 98.03213610586012
1583 1830 14 228.35532994923855 141.23350253807106 116.02538071065989
1653 1827 49 224.71624191707875 135.51806770635224 110.53480410802587
660 1819 22 241.87901701323253 168.87712665406428 126.57088846880907
744 1818 44 203.11268269684112 110.72890146157472 96.58462989156058
924 1815 18 202.604774535809 111.84880636604774 97.75596816976127
1866 1808 47 254.6795760293518 158.44027721157767 93.83856502242152
1499 1807 27 254.99999999999997 159.66624843161856 95.1116687578419
1806 1800 12 241.18791946308724 168.69127516778522 127.56375838926174
1071 1799 24 228.1305057096248 138.64437194127242 111.99836867862969
1442 1797 14 205.35532994923855 113.6446700507614 99.63451776649745
574 1797 47 241.94863432531594 167.79494496534855 125.49898083978802
1126 1788 17 231.01892744479494 143.09148264984228 116.23659305993691
870 1787 38 227.3436176648518 137.6509376890502 111.55595886267393
1725 1784 22 242.37051039697542 168.28544423440454 126.43856332703214
807 1784 18 225.9628647214854 138.0079575596817 112.23076923076923
1276 1782 15 243.7470355731225 169.2806324110672 127.3399209486166
989 1779 48 254.68961582350704 168.43856979840243 85.40167364016736
1368 1775 46 255.0 168.71871178149206 85.93681206685692
1197 1757 48 204.516546215291 111.32559908710536 96.88284518828452
1568 1755 53 204.27235899033965 111.1670302274852 97.18136491118729
929 1756 15 230.0474308300395 141.67193675889328 115.14229249011856
681 1752 38 226.3762855414398 137.502722323049 111.6842105263158
622 1746 13 225.5177664974619 138.78680203045684 114.13197969543147
1861 1742 12 239.69127516778522 168.36912751677852 127.88590604026845
1455 1739 38 227.134906231095 137.42649727767696 111.9328493647913
1091 1730 43 244.97972654408298 168.6944837340877 125.28995756718528
555 1731 12 240.8724832214765 168.58389261744966 127.46308724832214
1791 1727 52 225.2762412529157 136.24625124958348 111.13695434855049
1675 1728 40 254.92080312325712 167.2052426101506 85.72559955382042
1934 1725 52 198.3578807064312 107.87704098633789 94.7344218593802
1293 1721 38 227.25408348457353 137.18753781004236 111.43375680580763
493 1721 42 200.98470168281492 109.69811320754718 96.25548189699134
774 1716 48 243.47356409281096 167.68657284138456 125.12095853936859
1386 1708 22 243.96030245746692 168.31947069943288 125.98676748582231
869 1708 32 204.59167404782994 111.77767936226749 97.71833480956599
1013 1701 31 228.79007971656333 138.58547387068202 112.01594331266608
941 1701 32 255.0 159.49069973427814 94.35783879539416
1509 1697 21 200.99432892249527 110.73913043478261 97.4366729678639
1722 1692 16 205.62776025236593 114.13249211356467 100.03154574132492
1863 1690 16 224.17665615141956 137.00946372239747 112.80441640378548
1998 1688 14 223.84263959390861 138.57868020304568 114.10152284263958
697 1686 23 227.41598694942905 138.38825448613377 112.32137030995106
1244 1682 15 244.03557312252963 169.96047430830038 127.54150197628458
604 1678 48 203.8276911373146 111.21148725751236 97.09775580068468
1569 1675 19 201.2758620689655 110.9761273209549 97.6392572944297
1688 1672 13 206.14213197969542 114.97969543147207 100.37563451776649
529 1664 19 242.41114058355436 168.3713527851459 126.6286472148541
1092 1657 21 204.4328922495274 111.82041587901702 97.49527410207939
1905 1654 12 239.59731543624162 167.71812080536913 127.85234899328859
1793 1649 11 239.37583892617448 168.95302013422818 130.55704697986576
1177 1650 51 244.24758413862045 168.46317894035323 125.07830723092303
1434 1647 41 127.64507904130546 172.64303926568078 130.4589495155533
1630 1640 43 255.0 158.87458745874588 94.06459217350306
1338 1634 47 178.9311047696698 176.6045658377497 121.90786791683652
668 1632 20 179.04535147392292 175.11791383219955 122.82766439909297
1512 1631 37 117.83849703361898 143.02570863546472 101.01911667765326
461 1632 47 254.92050550346514 156.6938442723196 92.70444353852426
1259 1631 23 179.7830342577488 177.2936378466558 122.66068515497554
932 1628 27 128.31367628607276 172.84441656210788 130.3074027603513
1854 1624 38 200.2873563218391 109.52752571082881 96.10102843315185
1731 1623 42 241.6603773584906 167.24018357980623 125.556858745538
1967 1619 50 240.0950017724211 166.85997873094647 125.24707550514002
2041 1618 11 238.49664429530202 168.6241610738255 128.8993288590604
1024 1615 49 255.0 160.24572080639027 94.13389121338912
841 1615 49 179.62076835298592 176.49980981361736 122.21148725751236
734 1614 43 118.47807637906648 142.62564827911362 100.96699669966996
1075 1612 10 225.26548672566372 154.28318584070797 108.03539823008849
1098 1612 21 243.64650283553877 167.74480151228735 125.1398865784499
1797 1610 15 253.8181818181818 161.6482213438735 99.01185770750988
398 1609 12 240.85906040268455 167.48993288590603 127.2214765100671
620 1606 17 242.10725552050474 167.993690851735 126.17665615141955
1570 1605 16 180.3564668769716 176.65930599369085 123.90536277602523
551 1592 42 226.4008159102499 137.4416114227435 111.97297297297298
960 1587 17 243.9495268138801 168.7097791798107 126.26182965299684
668 1581 21 118.0 141.4328922495274 100.60869565217392
1463 1580 23 118.47797716150082 142.8548123980424 101.4730831973899
2047 1577 24 196.92985318107668 109.05872756933117 96.48939641109298
1601 1574 16 178.70662460567823 175.5520504731861 122.76656151419559
1664 1572 23 255.0 167.81239804241437 86.81402936378467
1074 1568 14 230.53299492385784 144.40609137055836 117.14213197969542
913 1567 28 205.85127635960046 112.06215316315206 97.45394006659268
1297 1564 24 121.58075040783035 146.10603588907014 103.90701468189233
1886 1563 23 225.15823817292008 138.23980424143556 112.89233278955955
1750 1562 12 240.53691275167785 168.61073825503357 129.2281879194631
1226 1560 38 117.93163944343618 143.03387779794315 100.88142770719904
1806 1556 36 224.9861568885959 136.57218193803558 111.35728411338167
1137 1554 40 202.98215281650866 111.72058003346348 97.06971556051312
1935 1551 13 201.51269035532994 113.07106598984771 99.51269035532994
775 1551 29 127.82352941176471 171.89012208657047 130.06659267480578
1394 1546 48 244.38569798402435 169.1065043742868 125.99695701787752
398 1545 38 254.7900786448881 166.4258923169994 85.90925589836661
1537 1544 45 178.5744866754041 175.74442988204456 121.90869375273046
624 1543 30 255.0 166.34985133795837 85.76610505450941
1473 1538 10 181.76991150442478 176.8495575221239 125.95575221238938
1978 1537 23 223.89396411092986 136.53344208809136 111.71125611745515
857 1532 26 179.97365119196988 176.92471769134252 122.60602258469258
482 1531 37 201.49505603164138 109.87409360580091 96.27290705339485
1472 1529 7 160.46938775510202 140.0 106.48979591836734
1326 1527 11 243.4295302013423 172.09395973154363 131.16107382550337
1068 1522 24 201.8352365415987 110.93148450244699 96.80424143556282
1615 1519 32 126.87245349867139 170.93534100974315 129.56687333923827
1855 1518 15 240.88142292490116 167.94466403162053 126.82608695652173
571 1516 27 254.89209535759096 158.0840652446675 94.02132998745294
991 1515 47 228.8532409294741 139.62657969832858 112.96983285772524
916 1512 19 229.01856763925727 140.09283819628646 113.6525198938992
704 1513 47 243.1398287810844 167.94985731757032 125.70892784345699
1273 1511 23 127.78466557911909 172.71288743882545 130.59706362153344
2042 1505 37 253.8668424522083 165.73500329597888 86.05009887936717
367 1503 14 241.78680203045684 166.95939086294416 125.95431472081218
1786 1501 14 225.34010152284262 138.7258883248731 114.06598984771573
1706 1502 52 201.50616461179607 109.45118293902033 95.89136954348551
1470 1491 37 203.97824653922214 111.57218193803558 97.57415952537903
1190 1490 32 255.0 168.32506643046943 85.73339238263951
1918 1490 45 240.478374836173 166.53342070773263 124.9908256880734
1136 1487 14 254.83756345177662 163.89340101522842 98.83248730964466
429 1484 31 227.29140832595218 138.2825509300266 112.68999114260407
1334 1482 28 244.50832408435073 169.3085460599334 127.05105438401776
800 1481 40 117.46848856664808 142.56051310652538 100.59453430005578
872 1480 23 119.10929853181078 143.84339314845025 101.75693311582383
1523 1477 14 202.10152284263958 112.56852791878171 98.93908629441624
621 1472 31 202.11160318866254 110.62533215234721 97.00531443755536
2096 1465 23 197.29037520391518 108.30342577487765 96.2773246329527
934 1457 20 244.08163265306123 168.59183673469389 126.71428571428572
1192 1456 8 147.9506172839506 136.33333333333331 93.48148148148148
1830 1454 37 254.7732366512854 166.95978905735 85.89255108767303
1575 1453 37 126.70599868160842 171.13843111404086 129.86222808174026
1991 1450 28 199.29966703662598 109.97114317425084 96.69700332963374
1193 1448 10 121.53097345132743 129.1946902654867 92.929203539823
1012 1448 15 202.16600790513831 112.26482213438734 98.36363636363636
357 1449 33 199.74065234685762 109.46618933969769 96.381861575179
1084 1443 49 244.17154811715483 168.00950931913275 125.266260935717
528 1443 52 227.89503498833722 139.1839386871043 113.28723758747084
746 1442 22 255.0 159.57277882797732 95.11909262759924
1254 1437 44 180.3993399339934 178.37199434229137 122.77746346063178
1401 1433 44 226.992927864215 137.47571900047149 111.96181046676097
1640 1431 29 118.4694783573807 142.83351831298557 101.40510543840178
1880 1429 14 198.1218274111675 109.81725888324873 97.3502538071066
1771 1427 24 254.42577487765092 158.46492659053834 94.67862969004895
1160 1426 24 255.0 167.8221859706362 86.49592169657423
2118 1420 15 239.02766798418972 165.29644268774703 126.26482213438734
609 1416 23 200.1615008156607 109.78466557911909 96.60032626427406
684 1412 38 255.00000000000003 168.35511191772537 86.3696309739867
792 1411 23 180.73898858075043 177.97063621533442 123.43066884176183
1327 1405 24 226.72920065252856 137.9168026101142 112.12071778140294
2056 1402 42 240.32789393166752 166.12799592044877 125.18357980622132
1713 1400 35 242.65841223597963 167.34814275309543 125.40786598689003
868 1399 49 127.37732978318753 172.44617725370864 130.68847470521112
1502 1397 50 228.19071251329316 138.53704360155973 112.33250620347394
427 1396 45 242.56225425950197 166.70074268239406 125.19440803844473
1853 1389 27 201.0552070263488 110.83186951066499 97.24592220828104
747 1389 18 254.68435013262598 169.06366047745357 88.6366047745358
976 1387 47 228.52792498980838 139.75866286180187 113.28821850794945
1580 1386 26 118.63864491844416 142.82434127979923 101.70138017565871
575 1381 13 242.23857868020303 167.55837563451774 126.69543147208121
331 1381 34 227.0469371519491 138.97931583134448 113.57120127287192
1941 1379 50 224.41084721729882 136.55015951790145 111.86281460475008
1432 1377 12 243.59060402684563 170.7785234899329 129.31543624161074
1049 1376 16 228.78233438485805 141.54574132492112 115.32492113564669
490 1376 13 241.8984771573604 167.4263959390863 126.73096446700507
1193 1374 32 117.90434012400355 143.53675819309123 101.54827280779452
2121 1371 17 239.16403785488959 165.35015772870662 126.06309148264984
794 1370 18 224.289124668435 138.3766578249337 112.93899204244032
1643 1362 31 254.99291408325954 157.72807794508415 93.99645704162977
1126 1361 31 204.92914083259524 113.08060230292294 98.81753764393268
1276 1350 37 126.91760052735661 172.43309162821356 130.58141067897165
1785 1347 40 198.47796988287786 109.00836586726157 95.83602900167318
634 1344 42 254.9831718510964 158.9265680775115 94.14227434982152
1856 1342 15 224.7786561264822 138.52569169960472 114.55335968379445
1453 1339 13 227.43147208121826 140.05583756345177 115.07106598984771
2017 1336 24 199.56933115823819 109.95758564437195 97.35236541598695
539 1337 36 242.14634146341461 167.022412656559 125.43243243243242
464 1326 24 200.6215334420881 109.92985318107668 96.72267536704732
310 1326 17 240.73501577287067 166.06940063091483 125.48580441640378
1379 1325 52 202.18693768743753 110.61712762412529 96.63678773742086
1558 1324 30 255.0 166.96333002973242 85.90981169474728
735 1324 44 200.74493163602074 110.1984912776992 96.57850070721358
828 1322 29 118.68368479467259 144.18645948945615 102.20754716981132
907 1320 31 127.40566873339239 172.40832595217006 130.9512843224092
1149 1319 13 242.57360406091368 168.2741116751269 126.41624365482232
1703 1312 34 254.98647573587908 167.58790771678602 86.6793953858393
984 1311 24 201.7177814029364 111.68189233278956 97.70962479608484
591 1303 11 241.57718120805367 169.50335570469798 129.30872483221475
1066 1296 52 203.44218593802066 112.134955014995 97.56981006331223
2092 1296 52 199.61679440186606 109.46051316227924 96.61079640119961
1889 1296 35 241.510560815732 167.075018208303 125.6205389657684
388 1295 52 199.00699766744418 108.47150949683439 95.5304898367211
1489 1293 39 244.11373260738054 169.11917725347854 126.41802782819117
1209 1293 40 126.30786391522588 172.50139431121028 130.45454545454547
307 1283 16 241.22082018927443 167.14826498422713 126.4384858044164
1621 1282 42 127.43906170321266 172.09535951045385 130.7149413564508
1756 1279 19 202.25994694960212 111.88328912466842 98.29442970822281
1974 1277 43 225.13719943422913 137.02357378595002 111.8029231494578
1288 1277 29 116.91897891231964 143.5560488346282 101.0299667036626
793 1276 22 254.99810964083176 160.75614366729678 97.06616257088847
1145 1272 22 229.2249527410208 142.37618147448015 115.46691871455577
946 1264 24 255.0 168.39641109298532 86.9673735725938
575 1265 28 199.93007769145393 109.90677025527192 96.23196448390678
492 1264 39 225.61947973381731 137.5523290986086 112.05202661826982
1816 1261 35 255.0 159.74945375091042 95.53168244719592
2036 1259 13 222.83756345177665 138.13197969543145 113.90862944162436
736 1258 15 228.82213438735175 141.59288537549406 115.22529644268774
1550 1254 23 127.18760195758566 171.97063621533442 130.59216965742252
1424 1254 24 225.97063621533442 137.48776508972267 112.01305057096249
867 1249 46 178.59478189971463 177.26049735018344 122.32205462698737
997 1248 23 243.25448613376835 168.60032626427406 125.76508972267537
433 1247 11 239.74496644295303 167.03355704697987 127.56375838926174
659 1243 52 241.87737420859713 167.4721759413529 125.47950683105631
1916 1238 19 223.88594164456234 136.56498673740052 112.06366047745358
1234 1232 17 179.4794952681388 178.94637223974763 123.55520504731861
1492 1229 18 201.3050397877984 111.82228116710874 97.9920424403183
1196 1229 13 122.93401015228426 145.63451776649745 104.25888324873095
2073 1229 11 239.55704697986576 169.5704697986577 130.86577181208054
1350 1227 38 179.94857834240776 178.3974591651543 123.02782819116759
1779 1224 12 228.14093959731542 141.46979865771812 117.03355704697987
1860 1221 18 241.23607427055703 166.12466843501326 125.6286472148541
1706 1220 47 226.77945373012636 137.79657562168774 112.50183448838158
319 1219 37 200.57152274225444 110.06064601186551 96.89848384970335
1083 1217 20 201.34240362811792 112.21768707482994 98.4875283446712
1282 1216 24 255.0 167.46329526916804 86.83360522022839
541 1215 20 199.55102040816328 110.57369614512471 97.13151927437642
1953 1214 12 197.70469798657717 110.43624161073825 98.16107382550335
456 1214 14 201.30456852791878 111.36040609137055 98.34010152284263
1210 1205 9 181.0864197530864 179.82716049382714 126.12345679012346
776 1203 40 255.00000000000003 167.82208588957056 86.38315672058003
2118 1203 37 197.27158866183254 108.21292023731047 95.92748846407382
117 1202 4 155.92307692307693 153.6923076923077 155.15384615384616
1150 1202 40 242.82933630786394 168.228667038483 125.66369213608478
1615 1200 28 118.34073251942287 143.01664816870144 101.70921198668147
941 1199 33 118.9315831344471 145.70007955449483 102.44470962609388
399 1200 38 241.69147005444648 166.8342407743497 125.22383545069572
2018 1197 44 240.05044790193304 164.8929750117869 124.34889203206035
113 1192 2 143.0 138.4 141.20000000000002
830 1190 11 242.00671140939596 171.41610738255034 130.28859060402684
1026 1185 38 226.60556563823354 139.63399879007866 113.19419237749547
1814 1182 33 242.35481304693715 166.96022275258554 125.45902943516309
1445 1183 38 118.33333333333334 143.99939503932245 101.90502117362372
1539 1181 42 179.67567567567568 177.3059663437022 122.74910759816422
594 1182 32 225.34632418069089 138.1257750221435 112.47475642161206
1305 1176 18 178.72944297082228 177.48275862068965 123.12732095490716
714 1174 22 254.99810964083176 168.765595463138 86.81663516068053
870 1172 21 177.96975425330814 177.4196597353497 122.51228733459358
2287 1168 3 143.0769230769231 135.84615384615384 136.15384615384616
1339 1166 10 182.47787610619469 180.84070796460176 126.83185840707965
494 1162 44 201.981612446959 111.26119754832627 97.41489863272041
1378 1160 23 118.04241435562807 143.5073409461664 101.70962479608484
1910 1154 54 199.99719538797132 109.11062636335306 96.25054534122779
1242 1154 42 117.49311575726671 145.0362060173381 101.53493115757267
1197 1154 9 174.39506172839506 131.2716049382716 105.65432098765432
1189 1155 11 183.74496644295303 125.91275167785234 102.80536912751677
1653 1150 25 254.94358251057827 158.3088857545839 94.86741889985896
787 1148 16 242.3596214511041 169.97160883280756 127.54889589905362
1092 1144 27 242.76411543287327 169.73776662484315 126.77917189460476
2058 1143 16 223.60567823343848 137.37539432176655 113.85804416403785
557 1143 13 225.25380710659897 139.90862944162436 114.7715736040609
981 1138 14 130.1979695431472 176.08629441624365 132.6954314720812
1598 1137 22 227.56899810964083 139.41776937618147 113.56143667296787
663 1135 39 202.56926799758017 112.74410163339384 97.78281911675742
397 1134 18 201.74535809018568 111.45358090185675 97.75066312997347
331 1132 44 241.5742574257426 167.33569071192832 125.53795379537954
1689 1130 13 202.10659898477155 113.92385786802029 100.14213197969542
920 1126 37 126.48187211601845 173.3441001977587 130.7771918259723
1750 1124 44 255.0 168.04526166902406 86.10985384252712
1481 1124 23 127.43556280587276 172.15171288743883 130.326264274062
1038 1122 18 242.63395225464188 169.9045092838196 127.01326259946948
1427 1121 17 178.81703470031545 177.33438485804416 122.91167192429022
2117 1120 37 222.84838497033618 135.99406723796966 111.65919578114699
741 1119 31 254.49689991142606 160.1780336581045 94.7971656333038
1313 1115 34 126.73269689737471 173.35003977724742 130.83850437549722
840 1112 41 202.254462009179 112.883222845487 98.13513513513514
1156 1112 34 200.80827366746223 111.8926014319809 97.10501193317423
2006 1108 37 240.64337508239944 166.7000659195781 125.84772577455503
1829 1107 28 200.24639289678134 110.28745837957825 96.99445061043285
1382 1108 24 243.2267536704731 169.7243066884176 127.10603588907016
1212 1101 17 242.1135646687697 168.73186119873816 126.13564668769716
509 1099 17 226.61829652996846 139.92429022082018 114.16719242902208
1543 1087 37 254.99999999999997 168.49505603164138 86.75477916941331
441 1087 39 224.8560193587417 137.10284331518451 111.77495462794919
1876 1086 13 224.44162436548223 138.23350253807106 114.19289340101523
988 1086 29 255.0 169.8645948945616 86.63817980022198
2064 1080 17 198.77287066246055 110.37854889589904 97.74132492113564
1260 1080 24 255.0 169.25122349102773 86.52202283849918
783 1078 18 242.23076923076923 169.3633952254642 126.946949602122
658 1076 13 226.68020304568526 141.91370558375633 115.34517766497461
585 1070 52 254.76307897367545 167.89536821059647 85.8607130956348
1730 1069 12 242.16778523489933 168.78523489932886 128.29530201342283
1652 1066 54 242.97288875038953 167.62854471798067 125.71392957307572
306 1066 18 199.57029177718832 111.9973474801061 98.9946949602122
1933 1061 38 225.2474289171204 137.26618269812462 112.43738656987297
1780 1060 20 200.3560090702948 111.22448979591837 97.59183673469389
1074 1060 43 202.009900990099 112.9104196133899 97.88543140028288
1137 1053 13 254.28426395939084 161.74111675126903 97.82741116751268
1579 1051 14 203.10152284263958 113.61421319796953 99.72081218274111
502 1051 25 200.49929478138222 110.84626234132581 97.51904090267983
2111 1050 26 253.84818067754077 166.45671267252195 87.96235884567126
906 1049 32 118.0992028343667 145.47652790079718 102.8086802480071
1447 1046 55 203.09298914637725 112.17043121149898 97.6342035787621
647 1039 13 225.07614213197968 139.88324873096445 114.25380710659897
365 1038 40 254.86893474623537 167.42108198549917 86.25822643614055
716 1036 48 241.97109166983645 168.7873716241917 125.88398630658045
1841 1033 38 241.74107683000608 167.1814882032668 125.87537810042349
1335 1030 46 177.6865063187933 177.94170403587444 122.09661638809621
1198 1029 46 254.7297187117815 160.5972278842234 94.1320831634733
1263 1022 16 127.81703470031546 174.0283911671924 130.5552050473186
1736 1019 30 225.13379583746283 137.01783944499505 111.73934588701685
1894 1015 11 239.78523489932886 167.48993288590603 127.76510067114094
830 1015 48 224.9273488018258 138.4069988588817 112.27615062761507
2034 1009 52 253.892035988004 158.24258580473176 94.39686771076308
454 1008 34 254.77486077963405 159.04057279236278 94.79077167859984
985 1003 49 177.75161658425256 178.87067325979461 122.00228223659187
1124 999 28 254.3951165371809 167.62486126526082 85.74361820199778
1550 997 44 254.99198491277699 158.4983498349835 93.45544554455445
1951 994 23 201.51386623164765 111.72267536704732 98.18597063621534
319 993 17 225.64668769716087 139.0410094637224 113.99053627760252
1619 992 13 242.27411167512687 168.40609137055836 126.96954314720811
2108 989 20 253.88208616780045 167.20181405895693 89.06575963718821
907 988 22 179.48015122873346 180.00189035916824 123.43478260869566
531 986 40 242.23424428332405 168.38036809815952 125.9871723368656
1247 983 12 226.81879194630872 143.40939597315435 116.79865771812081
621 982 40 254.92693809258228 160.22643614054658 95.01728945900726
1167 978 9 224.91358024691357 142.55555555555554 116.82716049382715
1397 974 21 254.92816635160682 167.5765595463138 86.5179584120983
1676 973 36 201.69281476598547 111.49373764007909 97.89980224126565
1832 970 15 179.74308300395256 177.71541501976284 124.3201581027668
1778 970 23 118.69494290375205 143.28711256117455 102.41435562805873
1065 971 27 241.8306148055207 168.45169385194478 125.94981179422835
756 968 22 118.0132325141777 145.40831758034028 102.50661625708885
714 966 12 240.55704697986576 168.86577181208054 127.00671140939598
680 966 13 225.45685279187816 140.41624365482232 114.81725888324873
1283 965 24 116.75203915171289 143.87765089722677 101.20717781402936
1895 958 35 199.8244719592134 110.67297887836854 97.2490895848507
1477 952 35 202.15586307356156 112.21121631463949 97.66278222869629
1209 951 26 200.15809284818067 112.53199498117941 97.84190715181931
2090 948 24 239.3752039151713 166.1810766721044 125.6541598694943
1604 949 25 225.1283497884344 137.00846262341327 111.86741889985896
882 946 25 203.25387870239774 114.99435825105783 99.99576868829337
385 944 53 198.32689311311935 109.54004362729822 96.36272982237458
1973 935 35 222.5906773488711 135.73051711580482 111.32774945375091
476 932 25 200.2595204513399 111.27080394922426 97.61495063469675
1415 932 21 179.2117202268431 178.72211720226844 123.18714555765595
1344 932 39 116.1058681185723 144.1470054446461 101.00907441016335
746 929 10 182.0796460176991 181.41592920353983 126.99115044247787
642 927 12 240.3288590604027 168.8523489932886 127.86577181208054
941 927 26 126.82434127979924 174.57214554579673 131.7314930991217
1134 925 44 224.23479490806224 137.55162659123056 111.23290900518623
526 921 16 222.65299684542586 136.41009463722398 112.12618296529968
1729 918 32 126.39858281665191 171.50044286979627 130.55447298494244
803 913 42 126.37684854665987 174.09841917389087 131.06323304436512
1922 911 13 224.99999999999997 139.89340101522842 115.46192893401015
1011 908 39 117.11191772534787 146.05989110707804 101.98790078644889
1885 905 9 239.62962962962962 170.58024691358023 131.45679012345678
697 904 38 200.79128856624322 111.73381730187539 97.67392619479735
1815 903 47 176.80758255197716 175.54626987362414 121.96779453730126
866 904 13 177.38071065989845 178.2182741116751 123.13197969543147
1193 902 10 242.6283185840708 172.28318584070797 130.05309734513276
1391 899 9 177.98765432098764 178.03703703703704 124.24691358024691
589 900 41 223.90821009688935 137.23100458949517 111.81081081081082
1542 894 45 242.86719091306247 168.1817387505461 125.58409785932722
1072 892 15 201.48221343873516 114.24110671936758 99.30434782608695
2046 887 39 253.9921355111918 165.85359951603147 86.13672111312765
1262 884 52 254.94235254915029 168.92302565811397 85.66644451849383
750 884 14 241.243654822335 168.7664974619289 126.67512690355329
899 883 23 116.12887438825449 144.70962479608482 101.74714518760196
961 881 16 254.1135646687697 169.8769716088328 90.18296529968454
432 882 15 222.24505928853753 137.88537549407113 113.94071146245058
1650 880 45 224.74530362603758 136.91044124071647 111.71559633027523
645 879 10 240.7433628318584 171.23008849557522 131.15929203539824
1984 878 14 222.18274111675126 136.88324873096445 112.71573604060913
357 870 17 224.81703470031545 139.31545741324922 114.21451104100946
1101 868 13 241.0456852791878 169.4720812182741 126.92385786802029
1720 865 16 223.8738170347003 138.801261829653 114.04731861198738
1359 864 25 125.88152327221438 173.29760225669958 130.67983074753172
1436 860 43 126.08062234794907 173.05044790193304 130.52805280528054
492 860 40 241.7590630228667 168.3904071388734 125.89235917456777
1755 858 16 120.98422712933754 145.27129337539432 104.27129337539432
731 853 12 242.08053691275168 170.59731543624162 128.93288590604027
1047 849 22 125.54442344045368 173.17958412098298 130.56143667296786
852 848 29 117.56714761376249 145.42952275249723 102.37513873473918
1907 845 46 240.6306563391765 166.97635548308193 125.32898491642887
1003 843 15 116.82213438735177 145.36363636363635 102.12252964426877
1174 843 38 254.59709618874774 160.46218995765275 94.73260738052028
1578 838 15 199.75494071146244 112.3794466403162 98.5691699604743
2059 829 17 203.1955835962145 114.04100946372239 100.42271293375394
1495 829 20 119.14739229024944 145.4126984126984 103.33786848072563
405 825 40 222.33463469046293 135.81873954266592 110.95036252091468
2001 821 35 195.75455207574655 108.54552075746541 95.72833211944648
1813 817 30 126.31417244796829 171.15758176412288 130.3607532210109
1102 815 29 200.68923418423975 113.39733629300777 98.503884572697
569 815 33 200.09864757358793 111.57120127287192 97.9474940334129
1324 813 35 201.1238164603059 112.61107064821559 97.80480699198836
941 812 47 177.5495311863025 179.2083163473298 122.02242152466367
668 813 53 242.3483951386725 169.11062636335308 126.34216266749766
783 811 42 254.73839877613463 167.5313615502295 85.66190719020908
1608 811 20 127.19274376417233 172.6530612244898 130.59637188208617
1392 806 23 177.82055464926592 178.40293637846656 122.55464926590538
1733 798 39 117.46884452510588 143.81790683605567 101.87053841500304
1664 798 25 127.53032440056417 173.38504936530325 131.65444287729196
1246 793 38 223.3478523895947 138.29038112522687 111.88384754990926
1027 792 29 178.26415094339623 180.51276359600445 122.62819089900111
1456 781 28 117.49722530521643 144.50721420643728 101.96004439511654
1366 777 9 241.0 171.6543209876543 130.8395061728395
1542 772 47 178.48878923766816 177.67183041174073 122.74031797798614
1924 770 21 240.42533081285444 167.40264650283555 126.16635160680529
861 771 38 254.91107078039929 169.47368421052633 86.45009074410164
1080 769 13 128.63959390862942 176.11167512690355 132.6243654822335
1798 769 19 179.9522546419098 178.53315649867372 123.87533156498674
487 766 43 240.97972654408298 168.16360207449316 125.72041489863273
1859 760 35 198.0480699198835 109.73925710123817 96.89220684632193
418 761 18 201.9071618037135 114.85941644562334 100.9496021220159
1403 757 22 241.9413988657845 168.72400756143668 126.234404536862
1985 750 34 220.68894192521878 135.20843277645187 111.03261734287987
1156 748 52 241.89736754415196 169.24391869376876 125.63178940353215
1626 744 34 178.27287191726333 177.34924423229913 122.77724741447892
980 743 28 115.7103218645949 144.77580466148723 101.10099889012209
1742 743 10 131.9203539823009 173.90265486725664 133.7787610619469
642 740 12 241.06711409395973 170.16778523489933 129.25503355704697
678 737 10 241.43362831858406 171.89380530973452 130.61061946902655
581 735 40 223.5175683212493 137.51031790295596 111.92191857222532
740 734 42 223.40336562978075 136.50688424273332 111.04334523202448
1699 731 24 118.33442088091354 144.07340946166394 102.40456769983687
921 730 28 254.87014428412874 162.53274139844618 96.38290788013319
1325 726 46 198.19649408887076 110.78760701182226 96.54504688136976
814 722 23 203.10766721044047 114.89885807504079 99.63132137030996
1053 719 38 125.43254688445252 173.69147005444648 130.794313369631
1247 718 22 254.67674858223063 162.31190926275994 96.15689981096409
451 706 17 240.6813880126183 169.13249211356467 127.10410094637224
1582 704 19 199.18567639257293 112.40583554376657 98.54111405835543
1542 701 17 224.1577287066246 137.29337539432177 112.34069400630915
1787 698 46 241.06033428454953 168.00203832042396 125.9653485527925
1464 696 50 223.33995037220845 136.44594115561858 110.97802197802197
1390 697 13 241.7664974619289 171.39086294416242 129.93401015228426
1977 690 11 238.14093959731542 168.63758389261744 129.37583892617448
1722 691 13 224.0406091370558 139.35532994923858 115.06091370558374
655 687 33 200.0684168655529 112.26889419252188 98.15513126491648
1666 680 35 223.6897305171158 136.76110706482157 111.72978878368536
1905 678 53 197.2726706138984 109.32190713617949 96.24088501090682
714 670 14 242.70558375634516 170.63959390862942 128.5431472081218
507 665 46 197.42030167142275 110.38565022421524 96.49735018344884
781 664 28 255.0 169.4017758046615 87.44950055493896
1340 664 9 240.9506172839506 172.37037037037035 132.45679012345678
989 664 42 200.42223355430903 112.84242733299338 97.91636919938807
871 661 52 223.70043318893704 137.91636121292902 111.98333888703766
1207 658 43 200.1980198019802 112.52946723243753 97.55869872701555
1114 657 38 222.39382940108894 136.7791893526921 110.66485178463401
590 656 24 200.51386623164765 112.01305057096249 98.08482871125612
1728 650 19 241.6180371352785 168.9575596816976 127.19363395225463
1518 645 16 224.0283911671924 138.52365930599368 113.30599369085174
1835 642 12 241.1208053691275 171.4429530201342 130.65771812080536
1292 642 34 221.9013524264121 135.95226730310264 110.55131264916469
680 640 14 200.88832487309642 114.48223350253807 99.55329949238578
1051 638 12 240.10738255033556 168.69127516778522 126.48322147651007
1587 635 43 199.2159358793022 110.69825553983969 97.04809052333805
1388 627 41 254.8572157062723 168.16879143294238 85.88985211626722
938 622 12 253.84563758389262 171.26845637583892 93.02684563758389
802 615 14 243.46192893401013 171.5685279187817 128.39086294416242
1788 606 35 254.075018208303 160.84850691915514 96.09759650400584
966 605 11 252.95973154362414 172.39597315436242 94.9261744966443
1184 604 9 240.60493827160494 171.85185185185185 130.76543209876542
734 603 46 254.88544639217284 161.05992662046475 95.110884631064
1338 602 10 241.94690265486724 172.8849557522124 131.52212389380531
633 597 46 241.6526701997554 169.0823481451284 126.46066041581737
1869 586 36 253.88595912986156 167.0659195781147 87.31773236651284
1685 586 52 222.19926691102967 135.6704431856048 110.91036321226258
874 585 14 201.29949238578678 114.51269035532994 99.88324873096445
548 585 31 254.34455270150576 168.16917626217892 87.2577502214349
1021 583 42 241.41560428352884 168.9449260581336 125.7802141764406
1548 581 12 240.24161073825502 169.751677852349 128.84563758389262
1303 581 22 254.83175803402648 163.28922495274102 96.85255198487712
1476 577 48 254.75047546595664 168.4788893115253 85.6504374286801
1227 567 38 254.60919540229887 161.54083484573505 95.17543859649123
929 567 35 254.84559359067737 162.3430444282593 95.42243262927896
1128 560 52 221.7784071976008 136.04998333888705 110.35388203932023
826 555 36 199.93869479235332 111.70072511535925 97.31773236651284
1759 552 15 240.07114624505928 167.53754940711462 126.53359683794466
1369 541 46 241.37301263758664 168.59233591520587 125.64288626172034
1594 540 38 254.64307320024201 160.4301270417423 95.01028433151846
1058 537 9 240.76543209876542 170.4074074074074 129.37037037037035
1533 537 15 241.85375494071144 170.19367588932806 127.70355731225295
715 534 19 198.2997347480106 111.71883289124668 97.49602122015915
982 529 14 242.53299492385784 170.10659898477155 127.25888324873095
884 528 16 254.17665615141956 169.33753943217664 89.34384858044164
1816 527 36 253.95451549110084 166.07119314436386 86.1081081081081
1292 524 25 254.8067700987306 168.79125528913963 86.32722143864598
593 523 24 254.12398042414358 161.91843393148451 96.76019575856444
764 520 24 254.50407830342579 169.00489396411095 87.00815660685156
1191 518 16 224.02523659305993 139.85488958990535 113.51104100946372
1443 516 18 254.59416445623341 163.04774535809017 97.15915119363395
1661 502 25 198.81241184767276 111.262341325811 98.14809590973202
663 500 40 241.6865588399331 168.78750697155607 126.5978806469604
1313 493 12 200.248322147651 115.22818791946308 100.2751677852349
1612 491 9 240.2716049382716 171.3827160493827 130.82716049382717
1037 489 42 223.11269760326365 137.02345741968384 111.12136664966854
1498 486 34 199.21081941129674 111.53858392999204 97.4272076372315
831 482 31 223.76970770593445 137.7511071744907 112.32949512843224
1737 482 47 195.9233591520587 108.95311863024868 95.88218507949449
1104 479 14 241.55329949238578 169.70558375634516 127.47715736040608
1568 477 19 198.14588859416443 111.24668435013263 97.72148541114058
1421 474 24 221.7830342577488 136.44698205546493 110.7862969004894
929 475 51 200.64178607130958 112.22025991336221 97.73208930356549
1157 471 30 197.60852329038653 110.38949454905847 96.66402378592666
1243 466 46 241.7859763554831 168.5976355483082 125.62372604973501
747 444 47 254.75458622095394 167.88463106400326 85.96901752955564
864 440 13 241.0710659898477 169.56345177664974 127.80203045685278
1351 438 46 198.8401956787607 111.33550754178557 97.15083571137383
1544 432 24 222.27079934747147 137.0636215334421 111.87928221859707
999 426 23 222.53670473083199 137.20717781402936 111.37357259380099
1705 424 14 239.05076142131978 168.20812182741116 127.45177664974618
1630 423 53 239.91710813337488 166.9392334060455 125.11093798691181
1505 422 8 237.87654320987653 173.0 135.7037037037037
1046 420 13 240.72588832487307 168.3451776649746 126.53299492385786
1105 415 36 198.91232696110742 111.15359261700725 96.9637442320369
886 411 14 241.09137055837562 169.2944162436548 127.37563451776649
1179 405 33 221.45346062052508 135.0381861575179 109.94431185361974
948 403 13 241.09137055837562 168.45685279187816 126.73096446700507
1448 400 46 240.87647778230738 167.2152466367713 124.78760701182226
1288 393 21 220.80340264650283 135.5274102079395 110.72211720226844
825 393 38 196.0042347247429 109.91167574107683 96.20992135511193
1241 393 18 198.10344827586206 111.78514588859416 98.0
1381 371 20 223.0748299319728 138.156462585034 112.32879818594104
967 371 10 240.63716814159292 171.38053097345133 131.50442477876106
1326 367 16 241.22397476340694 168.4353312302839 126.32492113564669
1540 363 38 220.68058076225046 134.45916515426498 110.13188142770721
911 358 38 222.40048396854206 136.24258923169995 111.12280701754386
1032 347 51 241.41919360213262 167.62812395868045 124.76374541819393
1146 335 34 199.05011933174225 111.56324582338902 97.65871121718378
1477 331 24 195.15660685154975 109.68515497553018 96.45024469820555
959 321 17 241.16088328075708 168.34384858044163 126.19242902208201
1418 321 28 240.7214206437292 167.5482796892342 125.24195338512764
1251 320 51 222.27724091969344 136.50116627790737 111.01266244585139
1346 309 38 254.58620689655174 162.52873563218392 96.54990925589837
1100 295 17 254.54574132492112 169.31545741324922 89.74447949526814
1179 281 18 254.2864721485411 168.6259946949602 89.78779840848806
1204 111 2 149.0 147.20000000000002 142.8
1195 110 3 136.46153846153848 133.92307692307693 132.23076923076923
1204 103 2 137.4 136.6 134.8
