1215 2291 2 130.20000000000002 118.2 121.2
1224 2290 2 129.8 120.4 123.2
1215 2285 2 138.20000000000002 127.0 124.4
1225 2282 3 135.76923076923077 124.46153846153847 125.30769230769232
1214 2281 2 138.20000000000002 127.4 125.0
1255 2134 16 239.52681388012618 166.5930599369085 126.23343848580441
1197 2110 42 195.32381438041816 106.27995920448751 93.51657317695054
1098 2105 42 223.86231514533404 136.01784803671598 110.45588985211627
1420 2088 36 240.38760711931442 165.7587343441002 124.33816743572841
1319 2086 54 254.07478965409786 167.5412901215332 85.38828295419134
986 2076 55 253.7233792901144 166.62334995599883 83.9803461425638
888 2070 28 196.43507214206437 107.49833518312985 94.08879023307436
1251 2068 12 240.38926174496643 168.79194630872482 127.26845637583892
1508 2052 50 253.91527827011697 152.90393477490252 90.45657568238214
1145 2051 26 199.28230865746548 108.55708908406524 95.12923462986197
1590 2036 26 197.33626097867 107.42785445420326 94.70890840652446
1380 2032 26 197.92346298619822 107.80928481806775 94.47176913425345
1437 2030 16 241.3249211356467 166.94637223974763 125.64984227129337
1284 2018 20 227.24036281179139 139.34013605442178 112.8843537414966
1215 2015 41 225.16063233044366 136.83579806221317 111.15400305966344
818 2008 54 253.92302898099095 153.32253038329696 90.0243066375818
915 2006 32 240.67139061116032 166.54827280779452 124.40921169176262
1334 2002 17 202.45110410094637 111.1198738170347 98.45425867507886
1150 2001 13 241.1218274111675 169.47715736040607 128.31472081218274
1073 2000 54 241.14552820193205 166.94421938298535 124.65503272047367
984 1991 25 200.46967559943582 109.40197461212976 95.51198871650212
1646 1990 38 253.81548699334544 167.06775559588627 86.35692679975803
1706 1977 16 240.09779179810724 166.6782334384858 126.20504731861199
716 1975 43 194.2809995285243 105.36727958510137 92.37105139085337
1488 1975 19 195.9840848806366 106.9549071618037 94.34482758620689
1557 1973 38 197.66969147005446 106.80701754385966 94.26134301270419
1416 1965 41 225.22947475777667 135.85364609892912 110.83222845486998
1224 1951 12 240.45637583892616 168.53020134228188 127.98657718120805
1290 1950 42 198.43600203977564 107.32279449260582 94.1254462009179
1758 1947 19 224.20159151193633 137.3342175066313 112.6631299734748
1356 1948 12 242.18120805369128 170.08053691275168 129.6778523489933
872 1939 20 223.66666666666669 135.75736961451247 110.47619047619048
1160 1939 41 241.79806221315656 167.95512493625702 125.49617542070374
944 1929 41 225.84854665986742 137.44110147883734 111.24681285058644
789 1928 20 198.3106575963719 109.23809523809524 95.6780045351474
1635 1926 17 240.88958990536275 167.08201892744478 125.99369085173501
1095 1924 18 225.8965517241379 138.2811671087533 111.89655172413792
1025 1923 28 198.73362930077693 109.15982241953385 95.76803551609324
1702 1919 32 254.11780336581046 154.18157661647476 91.9052258635961
1231 1920 11 241.74496644295303 171.0201342281879 130.35570469798657
1583 1907 25 200.78138222849083 109.00705218617772 96.07193229901269
632 1905 43 253.01367279585102 165.1763319189062 84.30315888731731
1496 1897 49 224.0642829973374 135.0574362875618 110.12438189425637
1373 1895 32 241.94331266607617 167.84233835252437 126.20194862710363
1283 1881 21 200.7296786389414 109.80907372400756 96.47448015122873
834 1875 40 253.99498047964306 166.4701617401004 84.85499163413274
733 1873 51 198.61979340219926 107.55148283905365 93.93235588137289
1424 1872 17 200.20504731861197 109.63091482649843 96.60567823343848
1046 1873 12 241.04697986577182 168.1275167785235 126.48993288590604
1788 1871 54 196.0364599563727 106.49766282330944 93.73948270489248
1213 1867 37 200.65985497692813 109.37969676994067 95.5036255767963
907 1866 24 254.41761827079935 153.20554649265907 91.163132137031
1645 1858 44 241.06647807637907 168.14804337576615 126.7887788778878
1564 1854 21 225.31758034026467 136.9413988657845 111.6257088846881
1339 1854 11 240.91275167785236 169.63087248322148 129.6510067114094
989 1853 38 254.30308529945555 154.33998790078647 91.35148215366002
1713 1845 14 239.42639593908626 167.78680203045684 127.28426395939086
1116 1846 49 199.93343476607075 108.8406238113351 95.2510460251046
1870 1841 28 253.0299667036626 166.04994450610434 86.88457269700334
1451 1835 14 241.55837563451774 168.28934010152284 127.07106598984771
655 1833 26 200.37515683814303 109.85445420326222 95.8444165621079
854 1821 10 201.65486725663717 112.9646017699115 99.14159292035399
559 1814 56 239.41655172413795 166.04551724137932 124.63255172413794
1393 1812 41 198.73941866394696 107.80979092299847 94.93268740438552
1497 1805 33 199.89578361177408 108.95863166268894 95.81543357199682
1293 1802 50 225.21269053527118 136.24069478908189 110.71712158808933
801 1794 42 241.3146353901071 166.86129525752168 124.97246302906682
1787 1793 13 238.89340101522842 167.96446700507613 127.98477157360405
1195 1788 34 242.07398568019093 168.58472553699283 126.52267303102626
1655 1786 16 240.1514195583596 167.28391167192427 126.08832807570978
485 1786 14 238.30456852791878 166.7208121827411 126.57868020304568
639 1785 15 222.3794466403162 135.23715415019763 110.49802371541502
1726 1780 42 253.6445690973993 166.7781744008159 86.25344212136666
1577 1781 42 253.9607343192249 167.32636409994902 86.48903620601735
915 1780 55 199.7037254326782 108.45262540334409 94.98826635376943
1038 1778 41 242.76389597144316 168.3885772565018 125.97603263641
1852 1770 46 222.7007745617611 135.22421524663676 110.39258051365675
706 1769 44 224.52286657237153 136.68363979255068 111.01367279585101
1931 1767 25 239.42736248236952 167.20592383638927 126.54583921015515
1123 1755 33 225.98329355608593 137.3914081145585 111.59904534606206
1523 1753 12 240.7785234899329 168.4429530201342 127.77852348993288
846 1746 11 240.15436241610738 169.05369127516778 128.81208053691276
1977 1739 16 237.19242902208202 166.1514195583596 126.4384858044164
1366 1733 38 226.55474894131882 138.43254688445253 112.52026618269814
1640 1730 32 253.99911426040745 153.1674047829938 90.9185119574845
1461 1730 46 241.87117814920506 168.09417040358744 126.2005707297187
1308 1724 11 241.25503355704697 169.19463087248323 128.08724832214764
1257 1721 26 201.38770388958594 110.14178168130489 96.68632371392722
1698 1721 17 240.1198738170347 167.3249211356467 126.32807570977917
506 1720 47 224.73420301671422 137.1312678353037 111.57317570322054
1590 1718 12 239.79194630872482 167.78523489932886 127.38255033557047
987 1717 28 254.19200887902332 167.84017758046616 86.32852386237514
1549 1708 26 226.03764115432872 138.05144291091594 112.61355081555834
616 1708 51 197.8833722092636 107.57914028657115 94.5518160613129
1187 1707 37 200.90112063282794 109.87277521423862 96.00197758734343
1136 1707 11 241.49664429530202 170.7248322147651 130.20805369127515
940 1702 12 241.65771812080536 168.3020134228188 126.8255033557047
806 1700 42 224.78837327893933 136.02906680265173 110.51963284038756
2003 1698 25 195.41607898448518 107.1805359661495 94.89703808180536
1845 1695 16 238.24921135646687 166.6750788643533 126.61514195583595
1772 1694 48 198.402434385698 108.23659186002283 95.12362114872576
728 1694 23 240.55138662316477 166.85318107667212 125.3915171288744
1921 1683 51 238.04631789403533 165.44985004998335 124.88570476507832
1508 1674 21 198.4536862003781 109.68809073724007 96.27410207939509
1241 1673 14 186.2944162436548 181.32487309644668 126.0203045685279
1079 1671 53 254.57650358367093 154.88220629479588 90.93518229978186
891 1671 37 254.06526038233352 154.02043506921555 91.08899143045484
428 1671 28 197.01997780244173 108.24306326304107 95.37180910099889
693 1669 15 127.32411067193675 167.14624505928853 128.38735177865613
1693 1665 26 253.20200752823084 166.13048933500627 86.42409033877038
1402 1660 36 126.75016479894528 169.52010547132497 129.42847725774553
1464 1656 15 122.31225296442688 144.71146245059288 104.1699604743083
1158 1654 16 204.54889589905363 114.00946372239747 99.02839116719242
1307 1653 44 185.2164073550212 181.37623762376236 125.3936822253654
1609 1645 50 225.04998227578872 136.84509039347748 111.49805033676002
1847 1645 22 223.18714555765595 137.54631379962194 112.77693761814746
975 1644 42 227.10198878123407 138.2218255991841 111.81896991330954
1733 1638 13 238.30456852791878 166.19289340101523 126.14213197969542
541 1634 37 222.80751483190505 135.6453526697429 110.61964403427817
609 1634 21 224.92060491493385 137.5406427221172 112.14933837429112
471 1632 22 197.9867674858223 108.20982986767486 95.4593572778828
2013 1628 38 222.07138535995162 136.4107683000605 112.04839685420448
663 1620 32 116.36758193091231 139.79716563330382 99.66873339238265
751 1619 44 182.78877887788778 178.02828854314004 124.4120697784064
1141 1615 19 119.50928381962864 142.66047745358088 101.55968169761273
1030 1614 11 241.93959731543623 170.86577181208054 129.8791946308725
1211 1613 40 117.45789180145009 143.11712214166204 100.64807585052985
1943 1610 15 198.74308300395256 110.75098814229248 97.37549407114624
1794 1601 38 253.63339382940111 153.2032667876588 91.38596491228071
1363 1600 20 118.71882086167801 142.9637188208617 102.04761904761905
1514 1600 45 184.02359108781127 180.28877238968983 125.30755788553954
1098 1599 13 242.20304568527916 169.73096446700507 128.6954314720812
2056 1596 11 235.81208053691276 167.1275167785235 129.06711409395973
913 1595 25 226.9971791255289 138.68970380818052 112.72919605077574
840 1595 41 241.22386537480878 167.50433452320246 125.40795512493627
1427 1592 29 126.00887902330744 169.43396226415095 129.50055493895672
1700 1590 38 198.2159709618875 108.39745916515427 95.40290381125227
1329 1590 10 240.36283185840708 169.79646017699116 129.49557522123894
1877 1583 37 223.94858272907052 137.66578773895847 112.55965721819379
407 1574 55 239.8166617776474 166.47257260193606 125.33323555294808
983 1573 20 254.01814058956916 169.8140589569161 87.41723356009071
507 1572 28 240.29855715871255 167.36182019977804 126.42619311875694
1644 1567 15 253.4901185770751 155.26482213438734 94.06719367588933
1281 1563 37 225.7297297297297 137.95715227422542 111.82135794330915
608 1556 46 225.57236037505095 137.81451284141866 112.05870362821035
1045 1555 40 242.06246514221976 168.6787506971556 126.08087005019522
1585 1555 34 117.67462211614956 142.115354017502 100.74622116149563
1131 1550 37 254.03295978905732 169.00131839156228 87.10349373764008
1964 1541 51 196.63645451516163 107.64478507164279 94.43018993668777
2061 1540 36 236.9215557020435 165.30982201713908 125.41067897165458
702 1535 39 253.59830611010287 167.66666666666669 86.80399274047187
1836 1530 23 252.98368678629691 167.28221859706363 88.79282218597064
1203 1529 36 119.24917600527355 144.48714568226762 101.77455504284772
790 1529 31 183.36846767050488 178.96014171833482 124.65987599645705
1893 1526 11 237.8926174496644 169.85906040268455 131.03355704697987
1512 1526 16 253.391167192429 169.5646687697161 90.74447949526814
1455 1524 32 226.19574844995572 138.58724534986715 112.87156775907883
1664 1522 27 126.16060225846925 168.61480552070262 129.07402760351317
1363 1522 50 201.15739099610067 110.13895781637717 96.03225806451613
852 1521 24 241.4437194127243 168.19249592169658 126.14029363784667
458 1520 13 225.243654822335 141.35025380710658 116.90862944162436
936 1513 51 201.11529490169943 109.77640786404532 95.69276907697434
1752 1508 50 240.19071251329316 167.59517901453384 126.17830556540234
1547 1505 22 118.82797731568998 142.58601134215502 101.8601134215501
1014 1500 19 253.9920424403183 157.3793103448276 93.94429708222812
512 1500 38 199.32667876588025 109.145795523291 95.9177253478524
1082 1498 23 227.815660685155 141.3278955954323 114.64600326264275
344 1496 33 223.76849642004774 136.60143198090694 111.85202863961814
742 1490 18 116.59416445623341 140.3129973474801 100.08222811671087
572 1488 15 227.93675889328063 142.7786561264822 116.94071146245058
1818 1487 10 238.63716814159292 169.858407079646 129.6283185840708
2027 1485 13 237.18274111675126 167.4467005076142 127.85786802030456
820 1479 22 116.71266540642722 141.4234404536862 100.60869565217392
1276 1478 41 183.87863335033148 180.532891381948 124.88526262111168
1872 1475 38 238.75680580762253 167.2280701754386 126.26073805202662
703 1472 21 126.75236294896031 169.35160680529302 129.62948960302458
872 1469 17 242.05362776025237 169.22712933753942 127.13880126182966
1687 1468 20 253.26757369614512 168.68480725623584 89.39455782312925
1215 1466 14 183.4213197969543 180.51269035532994 125.7005076142132
1148 1463 45 126.66666666666667 170.85976408912188 129.99650502402795
631 1462 43 200.012729844413 109.35407826496936 95.97029702970298
424 1461 46 199.4170403587444 108.98328577252344 95.86220953933959
1931 1460 15 237.6561264822134 166.9169960474308 126.67193675889327
1989 1457 28 196.73140954495005 108.24306326304107 95.21198668146504
1610 1454 48 181.8512742487638 178.38493723849373 124.53023963484215
2094 1452 49 220.06390262457208 133.9090909090909 110.05439330543933
1807 1448 22 197.63705103969755 108.648393194707 96.13232514177695
1500 1448 43 241.5148514851485 168.3022159358793 126.41018387553041
318 1447 14 239.27411167512687 167.1522842639594 127.2233502538071
1078 1445 22 228.75614366729678 142.4820415879017 115.41776937618148
1419 1445 33 254.17263325377886 170.34128878281624 88.68973747016707
562 1440 24 240.3458401305057 168.2430668841762 126.70146818923328
1741 1433 16 238.92744479495266 167.05362776025237 126.10094637223975
1006 1432 42 254.03926568077512 169.21621621621622 86.69148393676696
761 1429 41 116.94033656297808 141.9933707292198 100.36409994900562
912 1426 33 200.02863961813844 110.09148766905331 96.21002386634845
841 1420 28 254.00110987791342 169.26748057713652 87.24195338512764
2020 1417 15 236.61264822134385 166.4901185770751 126.699604743083
1276 1411 13 253.54822335025378 170.78172588832487 91.04568527918781
1688 1410 33 118.82179793158313 143.73110580747812 101.89896579156724
1224 1410 27 126.8431618569636 170.534504391468 129.9874529485571
1851 1406 30 253.33894945490584 153.61446977205154 91.798810703667
1343 1402 46 254.12841418671016 169.7635548308194 87.6803913575214
504 1402 41 253.74196838347783 167.90973992860788 86.81540030596635
1165 1395 14 121.1218274111675 143.93401015228426 103.88832487309644
1560 1386 24 240.52039151712887 168.31484502446983 126.77650897226754
1778 1385 37 197.2524719841793 108.54449571522741 95.22478576137112
433 1385 23 226.9853181076672 140.4388254486134 114.67373572593802
693 1380 33 253.8941925218775 153.442322991249 91.44152744630073
1508 1379 19 199.53050397877982 110.6366047745358 97.27320954907161
351 1378 51 253.5034988337221 167.5178273908697 87.01732755748084
1440 1372 40 254.21249302844396 154.4612381483547 91.30117122141662
1938 1371 57 238.76358620689655 166.7903448275862 125.73793103448277
2122 1370 26 195.03387703889584 107.89084065244667 95.49937264742785
2047 1371 32 196.56953055801594 108.04960141718335 95.36846767050487
1024 1368 15 204.59683794466403 113.9090909090909 99.02371541501975
883 1368 27 126.63864491844416 169.63488080301127 130.10288582183185
1093 1366 50 254.24884792626727 154.51683800070896 90.98971995746189
602 1357 51 224.8373875374875 137.99033655448184 112.5298233922026
1277 1354 25 201.9873060648801 111.90973201692525 97.78984485190409
961 1352 43 241.58462989156058 168.6963696369637 126.44035832154644
1631 1346 45 125.17955439056357 168.43119266055047 129.0183486238532
1848 1344 25 224.3935119887165 138.89703808180536 113.60225669957687
807 1342 43 182.1848184818482 179.63366336633663 124.9071192833569
1718 1340 31 125.78476527900797 168.60761736049602 129.35341009743135
1378 1332 28 254.31742508324083 154.39289678135407 91.39622641509435
1802 1326 15 239.42687747035572 167.69169960474306 126.71146245059288
1200 1325 50 226.89932647997165 139.7093229351294 112.85005317263382
515 1323 32 200.16563330380868 109.79096545615589 96.30469441984057
662 1318 12 224.7785234899329 139.55704697986576 114.63087248322148
2026 1317 15 237.77075098814228 166.86561264822134 126.72727272727272
1467 1316 12 241.01342281879195 169.95302013422818 128.80536912751677
1889 1315 10 238.84070796460176 169.38938053097345 130.05309734513276
438 1313 41 253.82865884752678 152.91024987251404 90.59816420193779
1538 1309 49 199.8623050589578 109.82807151007988 96.18143780905288
371 1307 13 239.80710659898475 168.57868020304568 127.79695431472081
1428 1301 21 242.3251417769376 169.96219281663517 127.81474480151229
721 1298 44 253.97265440829798 152.94295143800093 90.68694012258369
1765 1297 25 253.50775740479548 169.04513399153737 88.52891396332863
1031 1295 37 254.02439024390242 155.32234673698088 91.83388266315094
888 1288 43 181.2984441301273 178.98868458274399 123.996699669967
2098 1282 56 237.4857931034483 165.85379310344828 125.58234482758621
1316 1280 43 242.2993870815653 169.95049504950495 127.24280999528524
310 1278 45 198.04761904761904 109.41764962865881 96.24421144604631
1918 1275 20 252.55328798185943 169.3469387755102 89.82312925170068
1473 1274 12 252.7785234899329 173.40268456375838 95.14765100671141
779 1274 10 241.1150442477876 171.04424778761063 130.68141592920352
1984 1270 42 197.4655787863335 107.94900560938298 95.11983681795003
1390 1271 18 253.86737400530504 171.53315649867372 90.3050397877984
649 1271 28 253.0710321864595 169.0821309655938 88.19755826859046
1846 1270 46 253.3334692213616 152.48389726865062 90.5972278842234
817 1266 23 253.9461663947798 170.44535073409463 88.78792822185972
966 1264 26 253.84943538268504 169.92095357590964 88.48055207026349
1120 1262 44 253.86610089580387 170.52050919377652 87.8934464875059
1255 1261 17 253.61829652996843 172.1135646687697 91.92429022082018
487 1258 23 253.0783034257749 168.1484502446982 88.15334420880914
386 1258 26 201.14554579673776 111.34378920953576 97.61480552070263
1679 1255 46 180.15735833673054 177.46229107215655 123.55238483489605
1595 1253 25 118.63469675599436 143.56840620592382 102.05077574047955
1433 1249 27 226.1831869510665 139.9134253450439 113.70138017565871
567 1248 49 199.00912894636744 109.28642069227844 95.51768733358692
1208 1240 28 253.9966703662597 157.2974472807991 93.05549389567148
695 1238 18 224.9920424403183 139.49867374005305 113.71883289124668
1552 1233 15 239.82213438735175 168.82608695652172 127.21739130434781
1497 1230 29 254.03218645948945 155.05438401775805 92.27746947835739
631 1230 9 237.679012345679 170.72839506172838 132.06172839506172
1765 1229 37 253.11470006591955 168.05603164139748 87.69874752801582
132 1214 2 125.80000000000001 115.80000000000001 117.80000000000001
861 1213 27 253.36762860727728 169.08657465495608 88.16938519447929
133 1210 2 127.60000000000001 117.2 118.60000000000001
2038 1209 31 237.33658104517272 165.38795394154118 125.27723649247122
1977 1208 13 237.30456852791878 166.7715736040609 126.78680203045684
928 1206 36 116.44166117336849 143.54976928147659 100.64864864864865
1908 1205 37 222.7112722478576 135.95253790375742 111.28213579433091
124 1203 2 130.20000000000002 119.80000000000001 122.4
1375 1202 38 125.27223230490019 168.98245614035088 129.29582577132487
133 1202 2 138.20000000000002 128.20000000000002 129.0
121 1202 2 133.4 123.60000000000001 127.4
358 1202 34 253.46937151949086 154.9315831344471 92.72394590294353
2302 1199 2 139.0 128.6 130.6
2296 1199 2 150.4 139.0 136.8
2292 1200 2 175.4 168.4 165.60000000000002
1548 1198 15 127.3280632411067 169.23715415019763 130.0395256916996
1441 1197 18 119.79575596816976 144.3899204244032 102.79575596816976
1103 1197 14 239.8984771573604 169.4720812182741 127.497461928934
1025 1196 49 225.51007987828072 139.6158235070369 112.76607074933435
1715 1195 15 240.47430830039525 168.92490118577075 127.4782608695652
298 1195 19 239.41379310344826 168.23342175066313 127.55437665782493
767 1193 57 199.29710344827586 109.9136551724138 96.15806896551724
450 1192 50 225.23076923076923 138.72527472527472 112.8213399503722
2291 1191 2 150.20000000000002 141.20000000000002 143.4
2291 1187 2 138.4 127.80000000000001 131.6
530 1186 16 225.8328075709779 141.993690851735 116.10094637223975
1602 1184 37 117.80619644034277 143.21226104152933 101.49967040210942
1279 1185 45 226.1813018785496 139.85757972913936 113.3390126692879
655 1182 37 239.49439683586024 167.547132498352 125.89584706657877
1668 1180 20 182.41723356009072 179.02947845804988 125.21768707482994
884 1178 11 129.26845637583892 170.88590604026845 131.06711409395973
1765 1175 10 238.35398230088495 168.05309734513273 127.95575221238938
1825 1173 41 198.7373788883223 109.70372259051506 96.44263131055584
2112 1167 45 221.3049366535605 136.00174748798602 111.85845347313237
588 1163 24 253.1451876019576 153.15008156606854 91.43719412724307
1167 1161 49 199.6508178014454 111.09623430962344 96.4678585013313
1094 1159 14 241.20304568527916 171.5431472081218 129.43147208121826
2050 1156 9 235.72839506172838 166.46913580246914 128.8641975308642
1564 1152 12 182.51677852348993 179.43624161073825 126.14093959731544
391 1151 13 238.78680203045684 167.75634517766497 127.65482233502537
1498 1150 45 181.16207951070336 178.86282219309743 123.97029270423766
1419 1147 22 116.83931947069944 142.6389413988658 101.19470699432893
1984 1140 49 196.0414606314188 107.391403575504 94.56104982883225
699 1141 15 201.97628458498022 113.52173913043478 99.14229249011856
854 1131 37 225.15820698747527 139.79762689518785 113.4179301252472
1368 1130 21 240.7618147448015 169.06805293005672 127.24007561436673
1889 1129 31 239.32152347209922 167.54295837023915 126.49689991142604
1642 1129 21 240.04725897920605 168.5274102079395 126.80718336483932
1721 1124 49 224.45682769113733 137.40091289463675 111.80106504374287
536 1124 36 253.2201713909031 169.5062623599209 87.82465392221489
1027 1122 22 126.9905482041588 173.0812854442344 130.9092627599244
951 1123 45 125.3739624290083 171.34906072520752 130.1655744866754
475 1115 19 225.85411140583554 141.54641909814322 115.27320954907161
2060 1114 20 220.9387755102041 136.14739229024943 111.70748299319729
331 1113 51 253.0446517827391 168.34321892702434 88.50949683438854
1237 1113 23 253.5725938009788 170.70146818923328 89.41435562805873
1798 1111 17 226.29022082018926 140.9148264984227 115.5205047318612
796 1107 16 197.41640378548897 110.85173501577287 97.70977917981072
2147 1105 17 220.38801261829653 135.9179810725552 112.46687697160883
417 1102 27 199.8143036386449 111.36135508155583 97.58720200752822
1580 1098 37 125.502307185234 169.21226104152933 129.4067237969677
1086 1099 35 240.44282592862348 169.91187181354698 127.14202476329207
739 1098 34 198.16308671439938 110.5425616547335 96.5194908512331
1307 1089 45 226.22280471821756 140.6168632590651 113.80034949759721
1150 1085 18 253.17771883289123 157.86472148541114 94.43501326259947
1506 1076 21 225.70132325141776 140.44234404536863 114.72589792060492
887 1077 13 196.11167512690355 113.71573604060913 100.26395939086294
639 1076 56 239.45324137931036 168.56772413793104 126.32055172413794
1920 1074 25 223.52327221438645 138.1410437235543 112.99153737658673
1967 1070 12 238.04026845637583 168.33557046979865 127.93959731543625
1650 1068 33 116.6189339697693 142.79474940334129 100.82100238663485
556 1066 18 199.49336870026525 112.12466843501326 98.37400530503979
1844 1063 41 253.62162162162164 153.6032636409995 92.10096889342172
2017 1061 23 251.76345840130506 167.70146818923328 89.76345840130506
1770 1059 23 239.4763458401305 168.12561174551388 126.94290375203916
1415 1059 55 200.61894983866236 111.17043121149898 96.91962452332062
2095 1044 49 236.81970330924307 166.2354507417269 125.79954355268163
1022 1041 43 179.64639321074964 179.997642621405 123.0961810466761
484 1040 47 253.75173257236037 153.7708927843457 91.25845902975948
392 1040 32 200.31798051372897 111.36758193091231 97.50310008857396
818 1038 46 224.23440684875663 139.62291072156543 113.24704443538525
1208 1038 48 240.59756561430203 170.50057055914797 127.58729554963865
1126 1033 26 198.90338770388956 112.89209535759096 97.96486825595984
1591 1031 24 117.9657422512235 142.9477977161501 101.99184339314846
1281 1028 16 253.17350157728706 157.13564668769715 94.48895899053628
317 1024 33 238.72951471758157 167.78281622911695 126.65552903739062
920 1019 43 239.86232909005187 169.45120226308345 126.88684582743988
2025 1014 15 235.80237154150197 165.72332015810275 126.02766798418972
723 1015 39 252.82214156079857 169.11615245009077 87.4821536600121
569 1011 32 252.96545615589017 169.91762621789195 88.98405668733393
1959 1007 43 252.33946251768035 167.37529467232437 87.55917020273456
1722 1005 47 179.2922951487974 177.2066856909906 123.21565430085609
1521 1005 41 240.11626721060685 168.8128505864355 126.82559918408975
1648 1003 21 126.0132325141777 168.53497164461248 129.68998109640833
1078 1003 18 116.6631299734748 144.9867374005305 102.11936339522546
1330 1002 35 240.62636562272397 169.9198834668609 127.3401310997815
1882 998 25 238.92242595204513 168.1805359661495 126.90267983074753
1582 992 12 225.38255033557047 142.11409395973155 116.63758389261744
1460 992 14 239.45177664974617 169.5177664974619 128.35532994923858
1810 991 31 224.21700620017717 138.73516386182462 113.08503100088575
437 988 13 227.76142131979694 144.94416243654823 118.49238578680202
654 987 28 253.13984461709214 154.64483906770255 91.65371809100999
1124 982 14 239.46192893401013 170.05583756345177 128.09137055837562
2116 973 15 234.97628458498022 165.08695652173913 125.90118577075098
863 974 22 225.07750472589794 141.02835538752365 114.68431001890359
981 972 26 199.40276035131743 113.49686323713927 98.55959849435382
535 965 18 253.06631299734747 156.44562334217505 94.07427055702917
781 964 34 197.60063643595865 111.00318217979316 96.57120127287192
1179 959 28 253.11542730299666 171.45394006659268 89.40399556048835
1657 956 15 239.4584980237154 169.2490118577075 128.14229249011856
1261 955 37 253.56493078444296 171.38497033618984 88.50823994726433
1054 952 30 116.51040634291377 145.3548067393459 101.72646184340931
1056 950 30 117.0 145.0 102.0
1410 950 45 180.06290956749672 179.37396242900832 123.61642638706859
1484 949 20 118.70748299319729 144.47392290249434 102.82993197278911
1978 947 17 238.78233438485805 168.7223974763407 127.20504731861199
1935 946 16 221.36593059936908 138.05678233438485 113.29022082018928
1603 944 31 239.86005314437557 168.47652790079718 126.92028343666962
1327 945 15 241.1383399209486 171.22529644268772 128.62450592885375
479 944 35 223.82520029133286 138.76911871813547 113.5061908230153
2053 944 47 220.68446799836934 136.3403995108031 111.57766000815329
370 942 58 198.6763560861666 110.00051907604463 96.40929146119906
1123 936 22 252.94328922495274 170.37051039697542 89.15689981096409
916 937 31 199.19043401240037 112.1762621789194 97.42781222320637
1540 931 24 202.38172920065253 113.1957585644372 98.79282218597064
596 929 44 197.36775106082035 110.31683168316832 96.82602545968882
703 928 42 116.34115247322795 144.64660887302398 101.26007139214687
1770 925 39 124.64549304295222 167.8638838475499 128.92740471869328
1694 927 27 118.15307402760351 144.2358845671267 102.2383939774153
1868 907 50 197.82736618220488 109.54519673874512 96.19000354484226
1311 907 23 224.81892332789562 141.72593800978794 114.8678629690049
529 904 16 201.41955835962145 114.17981072555204 100.25552050473186
1208 901 30 253.19326065411298 157.1149653121903 92.59762140733399
1356 901 14 118.91370558375634 145.19289340101523 103.03553299492386
439 900 13 222.994923857868 140.5685279187817 115.54314720812182
1262 900 14 239.78680203045684 170.5177664974619 128.06091370558374
1064 899 18 118.27586206896551 146.70822281167108 103.39787798408487
989 898 45 223.92048929663608 139.3577981651376 112.59589340323285
838 895 47 253.5067264573991 155.12270688952304 91.49938850387281
1963 893 31 237.62621789193977 167.2028343666962 126.08414526129319
1646 893 23 200.30505709624796 112.59216965742252 98.70636215334422
1480 886 37 117.92353328938694 145.45418589321028 102.47923533289386
2093 885 12 236.5234899328859 169.43624161073825 129.75838926174495
768 881 19 126.35809018567639 172.15915119363393 130.6074270557029
2009 875 12 236.3288590604027 168.20805369127515 128.49664429530202
471 873 18 195.46419098143235 110.15649867374005 97.11405835543766
1341 870 11 238.74496644295303 171.00671140939596 129.54362416107384
356 868 11 237.91275167785236 171.5436241610738 131.7718120805369
1135 866 46 125.08724011414594 172.31634732980024 130.2221769262128
1967 863 14 223.56345177664974 148.75634517766497 103.41116751269034
917 864 26 238.99999999999997 169.19196988707654 126.93475533249685
2052 857 26 250.8143036386449 167.76913425345043 89.67001254705144
1794 858 28 117.11875693673696 143.88457269700334 101.91231964483907
1576 857 47 224.7301263758663 139.1190379127599 113.08071748878923
649 857 33 252.8170246618934 170.18933969769293 89.10182975338107
1401 851 41 125.19479857215707 170.55940846506886 130.01223865374808
723 851 25 125.83638928067701 172.05782792665727 130.58956276445699
1911 849 15 236.5296442687747 166.93280632411066 126.5494071146245
1716 848 47 178.70525886669384 177.16958825927435 122.98532409294741
591 846 20 225.26984126984127 141.57142857142858 114.66439909297053
523 844 38 223.28251663641865 138.8614640048397 113.14035087719299
1209 843 17 251.95899053627758 171.92744479495266 91.05362776025237
1051 843 29 124.69589345172031 171.7558268590455 130.21531631520534
1512 836 13 224.13705583756342 141.2690355329949 116.01522842639594
1462 834 11 128.84563758389262 172.28187919463087 131.95973154362414
414 826 48 239.12704450361355 168.8782807151008 126.82693039178395
1642 823 19 197.81962864721484 111.24933687002653 97.42970822281167
1282 822 55 198.5198005280141 111.62892343795835 96.71428571428572
1971 815 47 252.3126783530371 152.87077048512026 91.09131675499388
875 815 29 179.55382907880133 180.72364039955605 123.3118756936737
2045 809 17 236.41324921135646 166.94006309148264 126.76971608832807
1858 806 42 197.95155532891383 110.41611422743499 96.70474247832739
1788 806 19 126.72148541114058 170.18037135278513 130.17771883289123
968 805 40 114.36419408812047 144.49525934188512 100.47573898494144
784 800 45 178.11751856705985 178.94495412844037 122.55919615552644
686 791 31 225.31443755535872 141.94331266607617 115.36492471213464
1360 790 22 253.20604914933838 156.2646502835539 92.78260869565217
484 788 19 199.0106100795756 113.10610079575596 98.49071618037135
1417 786 19 120.28381962864721 147.6366047745358 104.93633952254642
1124 786 15 252.3083003952569 173.17786561264822 91.97233201581027
1187 783 40 115.57055214723927 145.9051868377022 101.23926380368098
529 782 14 238.08121827411165 169.26395939086294 127.86294416243653
1581 777 26 126.94479297365119 171.6775407779172 130.45922208281053
1493 774 46 179.87892376681614 178.99021606196493 123.46432939258051
848 768 16 178.85804416403784 179.6435331230284 123.3217665615142
725 768 11 181.37583892617448 180.25503355704697 127.00671140939598
1779 768 10 223.97345132743362 142.7079646017699 116.78761061946902
1068 767 35 178.714493809177 180.6642388929352 123.1893663510561
847 766 16 179.0 180.0 123.0
2029 764 22 222.70132325141776 140.90737240075615 115.66918714555766
1331 764 13 239.2233502538071 170.14213197969542 128.43147208121826
600 763 48 239.11259033853176 169.21491061240016 126.94408520349943
1650 763 38 116.33091349062312 143.20145190562616 100.86206896551725
1912 759 22 224.20604914933838 140.08695652173913 114.68431001890359
401 760 13 237.3197969543147 169.75634517766497 129.6751269035533
1732 759 36 252.51746868820038 169.92419248516808 89.16875411997363
1247 758 13 239.1928934010152 172.01522842639594 129.2994923857868
1441 737 11 239.30872483221475 172.64429530201343 132.0201342281879
683 738 13 238.11675126903552 168.66497461928932 126.97969543147207
452 733 38 199.1500302480339 112.58439201451907 98.55535390199638
906 732 46 124.71830411740726 171.58703628210355 130.16021198532408
714 732 13 238.4720812182741 170.2741116751269 128.98477157360406
523 731 23 225.01957585644374 142.35073409461666 115.69168026101143
1816 728 37 223.01120632827948 138.33487145682267 112.53065260382333
1554 727 18 179.87267904509284 178.74535809018568 124.12732095490716
999 725 31 114.96634189548273 145.20106288751109 101.42161204605846
1601 725 20 126.42857142857143 170.9047619047619 130.687074829932
758 724 21 116.60491493383743 144.99432892249527 102.02079395085066
1225 723 25 125.74188998589563 173.13399153737657 130.71509167842032
1135 724 29 178.62486126526082 180.33296337402885 123.09433962264151
1384 721 41 253.1621621621622 171.46251912289648 89.13615502294748
1291 721 37 239.61700725115358 170.3058668424522 127.15227422544494
1973 716 41 250.80316165221828 168.28811830698623 88.99745028046915
1693 715 12 224.61744966442953 142.06040268456377 116.70469798657717
821 708 34 252.83532219570407 170.46778042959428 89.21320604614161
1517 707 13 238.492385786802 170.01015228426394 128.46700507614213
560 706 13 199.11167512690355 114.248730964467 100.36548223350253
1886 702 31 237.41009743135518 168.0 126.8547387068202
1058 698 20 252.95691609977325 171.64625850340136 90.45351473922902
733 690 13 235.05583756345175 169.65989847715736 129.60913705583755
1464 683 36 239.0916282135794 169.49176005273566 127.0408701384311
1249 684 12 239.26174496644296 172.06711409395973 129.0268456375839
675 682 36 199.3157547791694 112.32630191166776 98.1964403427818
1185 681 27 224.30238393977413 142.71643663739022 115.02258469259723
1645 678 37 197.8543177323665 110.5807514831905 96.73566249176004
958 678 20 224.76190476190476 142.6825396825397 115.6281179138322
598 676 30 224.2715559960357 141.28444003964321 114.8017839444995
1739 664 46 238.0892784345699 168.19894007337953 126.6049735018345
1945 663 13 235.28426395939084 168.45685279187816 128.88324873096445
1327 661 20 252.71428571428572 171.00680272108843 90.72789115646259
1013 656 29 200.480577136515 113.85793562708102 98.43396226415095
1822 655 28 197.57269700332964 110.9966703662597 97.15649278579356
509 654 42 252.2906680265171 170.48342682304948 89.5757266700663
1558 653 46 198.1875254790053 110.7431716265797 96.67019975540155
866 649 32 239.3348095659876 169.76527900797166 127.3303808680248
1109 638 50 252.9379652605459 171.29776674937966 88.43459766040411
1183 631 13 238.57868020304568 171.18274111675126 128.82741116751268
640 629 13 237.36040609137055 169.5685279187817 128.75126903553297
778 625 54 224.09379869118104 140.22717357432222 113.44562168899968
1395 622 48 239.0878661087866 169.51616584252568 126.68200836820084
1253 619 45 225.44517256443862 142.2175622542595 114.33158584534732
1894 618 45 194.12975098296198 108.5128877238969 95.36347750109218
1322 618 12 238.38255033557047 170.71812080536913 129.16778523489933
690 613 27 224.1643663739021 140.35633626097865 113.80552070263487
1484 611 28 199.89900110987793 112.62486126526082 97.85238623751387
943 609 44 253.26261197548325 155.978312116926 91.98632720414899
1029 603 12 238.8926174496644 170.93288590604027 128.83892617449663
862 597 13 225.09644670050758 144.74111675126903 117.78680203045684
1582 594 9 236.43209876543207 171.5185185185185 131.33333333333331
1647 589 45 223.04936653560506 138.92354740061162 112.86325906509393
1794 585 39 196.83182093163947 110.05263157894738 96.47247428917122
1178 585 25 199.09308885754584 113.34978843441466 98.28208744710861
1726 577 25 251.89703808180536 169.72637517630466 90.05641748942172
585 576 53 238.43346837020877 169.24805235275787 126.89498286070426
657 572 12 237.90604026845637 170.40939597315435 129.248322147651
1098 571 13 237.6954314720812 170.86802030456852 129.25380710659897
1322 563 34 253.25536992840097 156.5902943516309 92.62927605409706
988 562 13 239.27411167512687 172.05583756345177 129.74111675126903
1538 560 39 238.20871143375683 168.98608590441623 126.59286146400486
1858 552 23 222.1109298531811 139.92822185970635 114.0489396411093
1047 549 35 197.93226511289149 112.12672978878369 97.22432629278951
1385 541 19 200.11405835543766 114.02122015915118 98.85676392572944
1195 540 12 238.25503355704697 172.08053691275168 130.10738255033556
1456 539 42 253.03569607343195 156.020907700153 92.48240693523712
709 535 40 198.14445064138317 111.35025097601785 97.15114333519242
870 534 40 198.66090351366427 112.06134969325154 97.3898494143893
789 533 28 239.51387347391787 170.2297447280799 127.55826859045506
1252 522 39 252.49727767695103 171.13853599516034 89.04779189352693
1135 521 40 239.2509760178472 170.2292247629671 127.10819854991635
953 522 33 239.21081941129674 170.21002386634845 127.53142402545744
1799 514 26 251.5056461731493 154.92973651191969 93.20451693851945
1596 505 42 198.73839877613463 111.85976542580318 97.371239163692
1077 501 11 237.53020134228188 172.24161073825502 131.37583892617448
638 499 31 253.13994685562446 156.3392382639504 94.15677590788309
1520 491 27 197.82434127979923 111.54705144291091 97.6474278544542
1711 487 56 236.68468965517243 167.3991724137931 126.31475862068966
1469 480 9 238.6543209876543 175.25925925925924 134.9506172839506
1199 481 23 239.46492659053834 171.41761827079935 128.35562805872758
953 471 9 237.93827160493825 172.93827160493825 132.37037037037035
1431 471 22 199.19470699432893 112.71455576559546 98.3194706994329
1350 470 53 224.0570271112496 140.7457151760673 113.49828607042693
1096 467 20 252.78684807256238 158.9002267573696 95.2108843537415
1020 459 49 199.74705211106885 112.57664511220997 97.90376569037657
714 458 28 251.8379578246393 169.87014428412874 90.34406215316315
902 457 35 225.35324107793156 143.05899490167516 115.91478514202477
1559 442 20 237.4263038548753 168.80045351473925 127.4920634920635
801 441 54 238.99158616391398 169.3493300093487 126.99439077594266
1150 426 42 252.81438041815403 171.49566547679757 89.67108618052015
1252 425 40 198.87730061349694 112.33965421081986 97.76631344116008
1621 417 42 236.25650178480367 167.9831718510964 126.72106068332484
958 414 19 226.57559681697612 144.18567639257293 116.92042440318302
1487 413 49 198.695701787752 111.96538607835679 97.62114872575124
881 408 12 238.3489932885906 170.70469798657717 129.3020134228188
1408 405 26 252.7440401505646 155.93224592220827 92.97992471769133
1081 400 26 201.12547051442908 114.21204516938519 99.17314930991216
1342 382 28 225.23529411764707 142.03773584905662 115.0033296337403
859 375 19 252.24137931034483 172.3076923076923 92.83554376657824
821 373 12 234.70469798657717 168.76510067114094 128.4228187919463
1442 368 9 236.71604938271602 172.64197530864197 133.1851851851852
1563 366 26 251.70765370138017 171.82308657465495 92.02634880803011
1016 361 40 238.39598438371445 169.68042387060794 127.1377579475739
1185 359 27 226.702634880803 143.96486825595983 116.09284818067754
925 352 42 198.4227434982152 112.18867924528303 97.77460479347272
1522 344 14 201.68527918781723 115.81218274111674 101.33502538071065
1404 333 38 252.0387174833636 172.25468844525108 91.65456745311556
1479 330 26 224.3324968632371 142.14429109159346 116.01505646173149
1270 330 51 253.00599800066647 157.7704098633789 93.36087970676442
1105 324 45 239.17038007863695 170.68588903451288 128.08999563128003
975 314 14 238.5634517766497 171.09137055837562 129.30964467005074
1343 305 21 238.0491493383743 170.01890359168243 128.062381852552
1039 302 17 226.9495268138801 147.30599369085172 119.78233438485805
1184 297 25 200.25387870239774 114.58110014104372 99.86318758815233
1207 123 2 130.20000000000002 126.4 126.2
1219 113 2 129.0 121.60000000000001 120.4
