1222 2288 2 172.0 168.60000000000002 168.20000000000002
1220 2289 2 101.0 98.80000000000001 98.80000000000001
1248 2099 11 223.41610738255034 166.03355704697987 123.79194630872483
1303 2085 27 225.47427854454202 165.74153074027603 120.52446675031366
1172 2084 23 224.69168026101144 164.88907014681894 119.63295269168027
1107 2072 35 167.31245447924255 124.52731245447924 97.34085943190095
1375 2067 32 110.55624446412754 154.75907883082374 124.88928255093003
1050 2059 21 193.76370510396976 149.48771266540643 112.96030245746692
1001 2049 21 194.13799621928166 149.13610586011342 111.7069943289225
1322 2039 16 224.0347003154574 164.37539432176655 119.44794952681387
1526 2033 25 180.56981664315938 164.65162200282086 117.49083215796897
1234 2033 51 238.06831056314562 119.69076974341887 107.90236587804065
1450 2030 45 181.2520751419834 165.33595456531236 116.95412844036697
942 2027 31 194.02037201062888 149.36846767050488 112.55535872453498
1155 2020 20 194.32426303854876 149.1904761904762 112.29478458049887
1116 2013 13 194.20812182741116 150.11167512690355 114.27918781725887
1381 2008 16 181.6309148264984 164.34700315457414 117.33753943217665
1065 2007 27 195.39899623588454 150.28858218318695 112.58720200752822
1562 1999 16 181.9495268138801 164.87066246056781 117.7981072555205
872 1998 35 192.88929351784415 148.3838310269483 112.1332847778587
1607 1994 26 224.50062735257214 165.86323713927226 121.85194479297364
1527 1989 16 223.993690851735 164.86750788643533 120.86750788643533
1321 1985 34 225.27844073190136 164.7724741447892 119.80588703261735
1002 1982 31 195.04251550044287 150.04605845881312 112.79273693534101
1121 1973 21 194.882797731569 149.94517958412098 113.14933837429112
802 1965 33 194.6738265712013 149.54415274463008 112.12490055688147
1485 1963 24 225.30342577487767 165.69004893964112 120.89722675367048
1442 1963 11 224.60402684563758 166.7986577181208 123.57718120805369
1180 1964 30 194.7581764122894 149.398414271556 112.12983151635282
1389 1960 33 238.7183770883055 119.70883054892602 108.21161495624503
940 1957 26 170.02885821831867 126.47427854454202 98.72898368883311
735 1949 15 195.22134387351778 151.01185770750988 114.15415019762845
1663 1948 38 224.632183908046 164.98729582577133 120.08650937689052
1566 1947 34 238.2752585521082 121.0540970564837 109.39618138424821
1253 1940 34 224.58790771678602 164.63802704852824 119.61734287987272
855 1940 15 195.29644268774703 150.5494071146245 113.6086956521739
1731 1932 22 236.9640831758034 118.33648393194707 107.5179584120983
898 1930 20 193.3560090702948 148.75056689342404 112.03628117913833
1067 1928 41 195.06323304436512 149.97705252422236 112.19632840387558
1323 1926 18 238.54907161803712 120.9814323607427 108.9442970822281
1508 1921 19 225.9575596816976 166.10079575596816 120.9681697612732
1195 1920 13 173.55329949238578 130.76649746192894 103.98477157360405
1138 1920 21 195.23062381852552 150.01134215500946 112.95274102079395
991 1918 26 195.40401505646173 150.31493099121704 113.20075282308656
768 1911 21 180.08506616257088 164.32703213610586 115.46502835538753
1608 1910 12 195.90604026845637 150.91275167785236 114.67114093959731
1442 1908 34 225.69371519490852 166.12490055688147 120.71917263325379
827 1903 23 115.35073409461664 159.29853181076672 128.8874388254486
939 1903 20 194.8843537414966 149.87528344671202 112.89795918367348
715 1901 26 181.91593475533247 166.00752823086574 117.20577164366372
1370 1900 22 225.17769376181474 164.92627599243858 120.10586011342156
885 1888 12 180.5234899328859 164.40268456375838 117.70469798657717
1772 1888 26 223.51066499372646 163.76662484316185 119.01505646173149
1320 1887 19 224.2917771883289 163.47214854111405 118.16710875331565
662 1887 21 110.44045368620039 154.51606805293005 124.35349716446125
1704 1879 31 223.8441098317095 164.3569530558016 119.87245349867139
1633 1875 26 195.64868255959848 150.28481806775406 113.02383939774153
1112 1874 17 195.05362776025237 150.6372239747634 113.7602523659306
1177 1873 31 195.74756421612048 150.3348095659876 112.93976970770593
1823 1871 21 222.7164461247637 163.11153119092629 118.54442344045368
1264 1870 31 224.9672276350753 165.09388839681134 120.14260407440213
1403 1869 13 223.6497461928934 163.9441624365482 119.89340101522842
981 1866 14 180.13197969543145 163.83756345177665 116.56852791878171
1468 1856 19 195.11936339522546 149.78249336870024 113.35543766578249
1542 1851 48 169.94598706732597 126.46633701027007 99.00912894636744
860 1851 25 180.1805359661495 163.93653032440056 115.15232722143864
785 1851 35 180.92134013109978 165.0830298616169 115.7647487254188
926 1846 33 180.62132060461417 164.4733492442323 115.86793953858394
1360 1843 32 225.11160318866254 165.38883968113376 120.51727192205492
1223 1842 12 236.3489932885906 118.53691275167785 107.1744966442953
619 1834 39 111.55051421657593 155.54869933454327 125.4367816091954
1657 1833 14 194.88832487309642 150.2741116751269 114.15736040609136
705 1833 36 180.94330916282135 164.83651944627553 116.10217534607777
1042 1832 50 110.92095001772421 156.13860333215172 125.51045728465083
1617 1831 13 192.86294416243652 149.32487309644668 114.46700507614213
1135 1827 23 182.24959216965743 166.31810766721046 117.41924959216966
1303 1827 20 226.25396825396825 165.72562358276645 120.22222222222223
974 1825 12 180.61073825503357 164.76510067114094 117.22818791946308
1759 1818 35 236.45375091041515 118.70575382374363 107.2490895848507
1191 1819 17 195.95268138801262 150.5141955835962 113.13249211356467
1893 1816 7 222.14285714285714 170.36734693877548 132.22448979591834
1696 1816 22 223.32703213610586 163.7069943289225 119.41020793950851
1844 1816 34 222.76054097056485 163.1980906921241 118.32696897374703
833 1812 16 180.97476340694007 165.31545741324922 117.2776025236593
1433 1808 35 195.16387472687546 149.72250546249091 112.82520029133285
885 1800 23 180.8694942903752 164.86623164763458 116.38662316476346
1250 1799 34 238.0079554494829 118.69689737470168 107.41686555290374
766 1794 16 180.58359621451103 164.15457413249212 116.38485804416403
1587 1792 11 182.53020134228188 165.75838926174495 120.81879194630872
956 1788 21 181.6880907372401 165.56143667296786 117.26843100189036
1107 1779 20 182.83446712018142 166.91383219954648 118.0952380952381
705 1778 18 223.49071618037135 164.45358090185675 119.6631299734748
1631 1777 36 169.18655240606458 125.69611074489123 98.13447593935398
1380 1774 20 196.52380952380952 150.85487528344672 113.49659863945578
1499 1774 30 195.67492566897917 150.1526263627354 113.0763131813677
652 1772 25 222.55007052186178 163.2073342736248 118.78561354019746
1905 1767 33 180.59188544152747 164.86077963404932 117.43118536197295
1322 1767 34 224.86953062848053 163.47732696897376 117.38822593476532
565 1768 40 222.11489124372562 162.00501952035697 117.58616843279421
509 1767 10 222.44247787610618 165.10619469026548 123.12389380530973
1170 1758 40 181.95649749023983 166.00390407138875 117.15114333519242
1060 1759 12 182.2214765100671 166.1275167785235 118.23489932885906
749 1756 22 223.46502835538752 162.98487712665406 117.80529300567107
1711 1756 32 223.24180690876884 163.6386182462356 118.91054030115147
818 1755 41 112.79857215706274 157.20754716981133 126.7649158592555
1798 1750 34 222.46380270485284 162.72712808273667 118.68496420047734
1567 1748 32 180.2825509300266 164.27192205491585 115.92559787422498
1003 1743 33 180.38902147971362 164.26968973747017 115.43993635640415
1961 1735 21 112.27977315689981 155.2249527410208 126.02646502835539
911 1733 41 179.5604283528812 163.19734829168792 114.98929117797043
1089 1731 26 112.32998745294854 158.22710163111668 127.0978670012547
1438 1727 36 194.71786420566906 149.2597231377719 112.35332893869479
1243 1725 35 225.19737800437 165.13692643845596 119.7647487254188
1861 1723 21 220.20793950850663 161.64650283553877 118.4007561436673
695 1723 31 223.45881310894598 163.24269264836138 118.37821080602303
1620 1720 21 111.77504725897921 155.9810964083176 125.75992438563327
493 1719 38 234.99939503932245 116.59709618874774 105.97035692679977
1367 1718 23 171.25122349102773 127.58401305057097 99.5725938009788
634 1718 24 222.95921696574226 162.62642740619904 118.05872756933117
1915 1710 19 180.12732095490716 164.59151193633951 117.40053050397877
1513 1707 26 181.41781681304892 165.64240903387702 117.38268506900877
1311 1694 33 224.58790771678602 163.70405727923628 118.28878281622912
839 1694 18 223.9761273209549 163.72944297082228 119.01591511936338
1748 1693 34 236.22752585521084 118.59108989657916 107.69610182975339
1672 1693 32 195.2710363153233 150.3303808680248 113.21434898139947
1197 1690 17 221.29652996845425 165.94321766561512 138.61198738170347
1136 1689 32 111.82108060230293 157.83790965456157 126.71922054915855
1566 1683 24 182.57585644371943 166.7846655791191 118.18760195758566
766 1681 44 237.27251296558228 118.28854314002828 107.03488920320603
1824 1681 27 222.69385194479295 164.0953575909661 120.52446675031366
968 1680 33 138.37788385043757 178.79872712808273 136.5425616547335
573 1677 39 222.9479733817302 162.54325468844527 117.49425287356323
891 1676 18 223.70026525198938 163.87798408488064 119.71618037135278
1979 1673 35 179.88565185724693 164.74872541879097 117.49599417334305
1616 1670 19 181.2785145888594 165.57559681697612 117.37400530503979
1049 1670 39 138.32062915910467 179.54748941318815 136.55353901996372
1473 1663 26 180.82057716436637 165.17314930991216 116.23588456712672
450 1661 24 222.1794453507341 163.1451876019576 119.69494290375205
1783 1656 9 222.55555555555554 166.03703703703704 124.1358024691358
1397 1655 38 195.84754990925592 150.75317604355718 113.15184513006656
1902 1652 35 180.84850691915514 165.66788055353243 117.09031318281137
1181 1646 21 222.24196597353497 166.52362948960302 138.882797731569
1110 1644 15 138.4308300395257 178.8300395256917 136.63241106719366
1737 1643 10 222.2212389380531 166.5132743362832 124.46902654867256
1251 1639 39 221.97761645493046 165.77858439201452 138.3339382940109
846 1635 35 224.13546977421706 163.7290604515659 118.97596504005827
506 1635 31 222.04074402125775 161.16474756421613 116.57750221434898
675 1630 56 223.8137931034483 163.53020689655173 118.6648275862069
925 1626 34 222.30867143993638 165.51710421638825 137.88782816229119
1531 1624 36 182.64205669083717 166.92221489782463 117.74884640738298
989 1625 22 221.7826086956522 165.30056710775048 138.33270321361059
1321 1622 32 167.8963684676705 125.03454384410983 97.89813994685562
2035 1619 23 192.33768352365416 148.95921696574226 113.38662316476346
1605 1618 26 181.28607277289836 165.1957340025094 117.24592220828104
1839 1616 29 222.45283018867926 164.6392896781354 121.01442841287458
1081 1611 12 181.83221476510067 166.5503355704698 117.71812080536913
1681 1610 42 195.34523202447733 150.53034166241713 113.6272310045895
1771 1608 30 222.6759167492567 163.001982160555 118.48562933597621
1459 1609 24 182.64110929853183 166.86460032626428 117.47960848287113
1197 1605 13 224.7715736040609 166.7664974619289 122.34517766497461
780 1598 29 224.05327413984463 163.41065482796893 118.15316315205328
433 1599 35 222.7006554989075 163.0954115076475 119.0954115076475
1975 1597 36 180.0059327620303 164.89848384970335 116.3955174686882
1915 1591 19 179.11140583554376 163.83289124668434 116.24137931034483
575 1589 44 236.73974540311173 118.75860443187176 107.33191890617633
1037 1582 34 223.87589498806685 163.99840891010342 118.90055688146381
983 1576 12 236.06040268456374 120.73154362416108 109.00671140939598
823 1576 13 237.0203045685279 119.72588832487308 108.76649746192892
1246 1575 15 220.84189723320156 164.87747035573122 137.75494071146244
951 1574 16 222.34700315457414 166.14195583596214 138.71293375394322
1208 1571 13 223.91370558375633 165.0 120.31979695431471
1134 1568 50 180.91705069124424 165.22155264090748 115.14817440623892
500 1568 28 221.3829078801332 160.62486126526082 116.23418423973364
1810 1565 21 222.49338374291116 163.882797731569 120.63327032136107
1301 1559 34 222.49244232299125 166.9013524264121 139.37151949085123
1580 1557 32 181.85119574844995 166.04251550044287 117.65899025686448
721 1556 25 168.1875881523272 124.86318758815233 98.0
1394 1554 50 150.81425026586317 146.03651187522155 135.58170861396667
1640 1554 20 195.12698412698413 150.16780045351473 113.46485260770976
2047 1553 36 192.61832564271586 148.70665787738957 112.90441661173368
1499 1551 37 111.26895187870797 157.41990771259063 126.54647330257086
1869 1550 33 220.5719968178202 161.73110580747812 118.29594272076373
1749 1550 22 222.82608695652175 163.5897920604915 119.49905482041588
887 1547 44 222.2074493163602 166.06129184347006 138.55068363979254
453 1543 15 223.63636363636363 164.78260869565216 120.79051383399208
1071 1538 12 223.8724832214765 165.63087248322148 121.29530201342281
536 1538 9 221.7037037037037 164.19753086419752 122.12345679012346
645 1536 28 193.67813540510545 148.71143174250832 112.73029966703663
1991 1535 18 179.20954907161803 164.3368700265252 117.33156498673739
1938 1533 26 180.72396486825593 166.19447929736512 117.50062735257214
398 1521 35 222.37436270939548 162.43991260014568 117.99126001456665
1694 1521 34 223.2140015910899 163.46857597454257 118.81861575178998
979 1519 35 222.46030589949018 166.68463219227968 139.2643845593591
1227 1515 39 224.4410163339383 164.73865698729583 119.3599516031458
1095 1514 13 236.55329949238578 121.47715736040608 109.56345177664974
2090 1512 16 167.06309148264984 125.64353312302839 100.33753943217665
1168 1509 13 224.61421319796952 165.47715736040607 120.33502538071065
1627 1508 23 237.35073409461666 119.81402936378467 107.87275693311582
783 1509 44 168.94483734087694 125.4941065535125 98.18010372465818
451 1509 14 233.38578680203045 117.90862944162436 106.92893401015228
572 1506 31 222.80513728963686 163.63950398582818 119.64836138175377
504 1505 28 222.35294117647058 162.51942286348503 118.09655937846837
700 1504 21 193.95841209829868 149.10586011342156 112.94328922495275
1289 1502 13 224.55837563451774 164.84263959390861 121.23350253807105
2023 1502 12 193.26174496644296 150.71140939597316 116.05369127516778
1590 1501 14 183.97969543147207 166.8984771573604 119.71573604060913
1337 1500 24 152.13866231647634 146.8189233278956 136.56606851549756
1128 1498 19 237.6153846153846 121.46684350132625 109.16976127320955
1049 1492 34 224.42322991249006 164.83691328560064 119.30867143993636
1798 1487 51 236.20559813395536 118.5994668443852 107.60913028990336
657 1487 13 194.4720812182741 150.00507614213197 114.41116751269034
1538 1483 31 181.55978742249778 165.72099202834366 117.26483613817538
1467 1484 32 109.2400354295837 155.93091231178033 124.88308237378212
1653 1481 9 222.9012345679012 165.86419753086417 124.04938271604938
914 1480 21 168.062381852552 125.23629489603024 98.37240075614368
433 1478 13 221.48223350253807 162.43654822335023 118.9492385786802
368 1478 15 222.4308300395257 164.35573122529644 121.07509881422924
1898 1476 36 180.10744891232696 164.64733025708634 116.31641397495055
1979 1473 35 109.11871813546978 153.9278951201748 123.96139839766934
1726 1473 15 224.09090909090907 164.5810276679842 119.33201581027667
1165 1473 14 224.40609137055836 164.4213197969543 119.04568527918781
2061 1463 36 191.97429136453525 148.34344100197757 112.96704021094264
956 1460 14 150.35532994923858 145.33502538071065 135.05076142131978
1253 1459 14 225.10659898477155 166.10152284263958 121.27918781725887
862 1459 34 150.2832140015911 145.2824184566428 135.1217183770883
1602 1456 31 224.72276350752878 165.7909654561559 121.38441098317095
1391 1457 39 150.94071385359953 146.2335148215366 135.86509376890504
619 1456 31 223.1939769707706 163.6147032772365 119.03808680248008
473 1455 22 223.24385633270322 163.4990548204159 118.89224952741021
676 1454 12 223.27516778523488 164.6510067114094 121.24832214765101
727 1452 31 223.37201062887513 163.74136403897253 119.13551815766165
1304 1450 32 238.35872453498672 119.06731620903454 107.60673162090346
2113 1442 11 191.53691275167785 149.33557046979865 116.51677852348993
1494 1438 16 137.9116719242902 177.54258675078864 136.2681388012618
1203 1437 34 224.69371519490852 164.9387430389817 119.50994431185363
1004 1437 32 136.69353410097432 177.56510186005315 135.8662533215235
541 1435 41 223.5277919428863 163.8179500254972 118.93217746047935
1118 1432 41 224.85007649158595 165.57470678225397 120.16777154513004
797 1431 32 236.87865367581932 118.41452612931798 106.95482728077945
1680 1431 41 222.99745028046917 163.02039775624684 118.24120346761858
1542 1427 21 181.42155009451795 165.06805293005672 117.8109640831758
1938 1421 21 180.98487712665406 165.8109640831758 118.22306238185256
1743 1421 20 193.24036281179139 149.34013605442178 113.56235827664399
1454 1420 23 111.9657422512235 157.87438825448615 126.94453507340947
1058 1418 12 181.18120805369128 165.46979865771812 118.6241610738255
1855 1417 31 222.0026572187777 163.03011514614704 119.0132860938884
659 1414 18 223.01591511936337 164.2838196286472 120.03183023872678
1623 1413 10 224.6637168141593 169.78761061946904 127.76106194690266
402 1411 51 222.57614128623794 163.01599466844385 118.61046317894035
1800 1410 16 221.5646687697161 163.37539432176655 120.18611987381703
926 1409 38 151.19479733817303 146.67755595886268 136.21355111917725
1260 1407 21 225.6124763705104 166.8374291115312 121.54631379962193
480 1407 16 222.92744479495266 163.82018927444796 119.93690851735015
1303 1402 11 224.46308724832215 166.26174496644296 122.10738255033557
2003 1401 30 180.22001982160555 165.2081268582755 117.7205153617443
2061 1400 18 179.55968169761272 164.07427055702917 117.75066312997347
1582 1398 22 224.14744801512288 164.9319470699433 120.3421550094518
752 1399 18 223.20159151193633 164.0132625994695 120.06366047745358
1344 1397 24 194.60032626427406 149.98858075040783 113.24632952691681
2114 1394 30 179.4340931615461 163.66997026759168 118.08622398414272
854 1394 27 223.50313676286072 163.573400250941 118.56712672521957
707 1392 18 180.56763925729442 165.03448275862067 116.29973474801061
1550 1384 7 223.0204081632653 171.7142857142857 133.20408163265304
339 1384 11 221.81208053691276 164.6510067114094 121.46979865771812
1814 1383 12 233.53691275167785 119.52348993288591 108.75167785234899
608 1382 34 236.24741447891807 119.2370723945903 108.02147971360382
1171 1375 29 223.6204217536071 164.0643729189789 118.75249722530522
1964 1375 14 231.77664974619287 117.04568527918781 107.18781725888324
1125 1373 11 224.57718120805367 168.0738255033557 124.59060402684564
1911 1370 31 221.8441098317095 163.37821080602305 119.78122232063774
1632 1370 27 222.83814303638644 163.0263488080301 118.07277289836887
1404 1370 38 149.67634603750759 145.49304295220813 135.0883242589232
1228 1371 20 238.3106575963719 121.74149659863946 108.8639455782313
1074 1369 26 113.57089084065244 159.48180677540776 128.58343789209536
1495 1367 38 137.3176043557169 178.50937689050212 136.69207501512403
1762 1366 29 167.81132075471697 126.2441731409545 99.65371809100999
798 1364 29 222.70144284128747 163.77247502774696 119.56159822419534
677 1363 18 111.61538461538461 156.70291777188328 126.35543766578249
539 1364 22 223.0132325141777 163.51606805293005 118.57466918714556
1352 1357 9 196.58024691358023 153.60493827160494 118.14814814814814
477 1356 31 222.70770593445528 163.16829052258637 118.55004428697963
993 1354 38 194.6709013914096 150.118572292801 112.92861464004841
889 1354 17 166.11041009463722 124.47949526813879 97.86119873817034
1699 1352 29 193.22419533851277 148.54605993340732 112.5072142064373
1847 1348 31 221.51638618246236 162.72542072630648 118.40655447298495
2062 1346 30 221.39345887016847 163.07135777998016 119.75123885034688
1297 1345 40 223.94701617401006 163.9983268265477 118.62911321807027
2120 1341 18 220.289124668435 162.73209549071618 119.946949602122
1453 1341 7 118.77551020408163 157.6734693877551 130.42857142857142
1997 1340 26 220.58594730238391 162.53074027603512 119.57214554579673
1574 1339 29 223.9389567147614 164.7924528301887 120.1842397336293
424 1336 17 221.4479495268139 162.01577287066246 118.23028391167192
350 1334 28 193.36293007769146 149.19644839067703 113.08768035516094
735 1331 34 179.57120127287192 164.49005568814638 115.5123309466985
1232 1322 21 223.0302457466919 163.4536862003781 118.21928166351607
1124 1321 29 181.89012208657047 166.7924528301887 116.14872364039955
851 1320 34 222.73985680190933 163.03023070803502 118.03898170246619
1960 1319 9 220.4691358024691 164.61728395061726 123.0
582 1318 27 221.66624843161856 162.37139272271014 117.72396486825595
1185 1316 22 111.44801512287334 157.26275992438565 126.29867674858224
519 1312 25 235.94640338504936 118.88011283497885 107.35825105782793
1788 1308 26 180.66750313676286 165.76286072772896 117.31869510664993
926 1308 34 194.75178997613367 150.51392203659506 113.67621320604614
1364 1306 29 170.7291897891232 127.94561598224196 100.09433962264151
653 1305 34 180.15592680986475 165.59188544152747 116.26412092283215
1051 1304 28 168.72586015538292 126.8157602663707 99.59933407325194
1528 1303 19 221.9071618037135 166.71883289124668 139.80371352785144
1646 1293 41 194.99643039265683 150.34064252932177 113.42631310555839
789 1293 25 180.01128349788434 165.02820874471087 116.69252468265162
467 1293 24 221.67373572593803 162.56117455138664 118.52854812398043
1909 1292 38 221.0235934664247 162.81790683605567 119.3599516031458
1728 1291 27 181.1944792973651 166.00501882057716 117.33249686323713
996 1289 20 194.5827664399093 150.13151927437642 112.91836734693878
1581 1288 20 237.3310657596372 118.99319727891157 107.87074829931973
2024 1286 27 221.06148055207024 162.19824341279798 118.5483061480552
1847 1286 20 113.13378684807256 156.58049886621316 126.73922902494331
1217 1284 11 223.25503355704697 167.61744966442953 123.93959731543625
339 1283 14 193.4010152284264 149.74111675126903 114.30456852791878
1448 1282 48 136.49676683149488 177.70064663370104 136.20426017497147
398 1278 33 193.36833731105807 149.00556881463802 112.55290373906126
2102 1276 39 219.7392619479734 160.8886872353297 117.7858439201452
562 1277 12 222.3221476510067 165.4429530201342 121.83221476510067
1263 1271 31 223.48981399468556 163.45704162976085 117.09211691762623
1970 1269 20 233.46031746031747 118.46258503401361 107.63945578231292
831 1268 16 236.29022082018926 121.86750788643533 109.68769716088327
712 1267 27 180.63864491844416 166.1229611041405 116.21580928481806
1102 1264 26 180.573400250941 166.26223337515682 115.71141781681304
1809 1261 17 181.46687697160883 166.12933753943219 118.30914826498423
1328 1258 30 223.93260654112981 164.46184340931615 119.01189296333003
1382 1257 19 221.9018567639257 162.77453580901857 117.6551724137931
515 1254 30 220.8414271555996 161.5599603567889 116.83052527254708
957 1252 22 195.1436672967864 151.03969754253308 113.28166351606805
606 1247 33 220.0079554494829 161.14956245027844 117.14558472553699
1535 1245 33 222.04216388225936 167.05250596658712 139.8933969769292
1173 1244 39 183.44222625529343 169.291591046582 118.47307924984877
889 1242 38 222.12583182093167 162.3532970356927 116.82274652147612
1849 1235 24 181.00163132137033 165.99184339314846 118.54323001631322
1598 1236 22 195.47826086956522 150.70132325141776 113.58034026465029
1487 1235 9 233.96296296296296 123.82716049382715 112.67901234567901
456 1235 20 192.4421768707483 148.13378684807256 112.14739229024944
1291 1231 11 222.83221476510067 165.61073825503357 122.47651006711409
666 1231 19 180.77453580901854 166.18832891246683 117.62864721485411
342 1232 28 191.45948945615982 147.64372918978913 112.07769145394006
1690 1230 22 180.73913043478262 165.24574669187146 117.38563327032136
1032 1230 39 193.56140350877195 150.03629764065337 112.92014519056262
1757 1226 36 178.9189189189189 163.42386288727752 115.81674357284112
2036 1223 27 219.90087829360098 160.88958594730238 118.06649937264741
1118 1223 11 183.61073825503357 170.1006711409396 120.76510067114094
1641 1217 18 193.66578249336868 149.85941644562334 113.9628647214854
1378 1215 19 236.85676392572944 121.55172413793103 109.73740053050398
1975 1212 27 220.05646173149307 161.25470514429108 118.05018820577163
782 1213 50 179.92662176533145 165.75682382133996 115.5668202764977
1426 1210 19 109.47214854111405 155.315649867374 125.09814323607426
1909 1210 31 179.5881310894597 164.07528786536759 117.98937112488929
1567 1207 11 172.78523489932886 130.7248322147651 104.36912751677852
1243 1204 31 237.21523472099204 121.56687333923827 108.93356953055802
552 1199 28 236.07325194228636 119.72142064372919 108.0976692563818
398 1195 33 167.1519490851233 125.49960222752586 99.15990453460621
697 1188 27 180.1643663739021 166.237139272271 115.82308657465495
2343 1186 3 160.53846153846155 158.92307692307693 160.30769230769232
1322 1183 40 223.1026213050753 164.06134969325154 119.3324037925265
952 1182 40 193.4132738427217 149.95482431678752 112.85387618516454
1189 1179 21 181.1984877126654 167.11720226843101 116.29867674858224
1818 1178 32 113.33569530558016 158.77679362267494 128.12223206377325
1487 1177 40 221.23034021193533 166.5287228109314 139.24093697713332
1547 1176 17 194.03154574132492 150.13249211356467 114.77917981072555
318 1175 23 166.36215334420882 125.4404567699837 99.7194127243067
1682 1175 27 111.62735257214554 156.64115432873274 126.3651191969887
1869 1173 16 182.43217665615143 167.0378548895899 120.02839116719242
2106 1172 47 165.14961271911943 123.57399103139014 97.89359967386874
627 1173 33 220.8098647573588 162.46937151949086 118.24502784407319
483 1171 38 192.6442831215971 149.37084089534181 113.18753781004236
1606 1166 36 194.80421885299933 150.4278180619644 113.7574159525379
126 1166 3 154.6153846153846 151.6923076923077 151.30769230769232
876 1165 32 222.14614703277238 163.68379096545615 118.59875996457042
1735 1164 21 180.71077504725898 165.34026465028356 116.96597353497165
1958 1162 18 219.77984084880634 161.08488063660477 117.946949602122
1025 1161 22 170.1758034026465 129.0 101.24574669187146
366 1160 12 194.38926174496643 151.6711409395973 116.6241610738255
1408 1159 33 109.83134447096262 156.9164677804296 125.6873508353222
1114 1157 51 109.12895701432856 157.9053648783739 125.69010329890037
2019 1156 35 233.42971595047342 116.87472687545521 106.62927895120175
1905 1141 28 220.2364039955605 160.842397336293 117.77025527192009
818 1136 23 179.31973898858075 165.75367047308322 114.63458401305057
678 1135 21 221.2797731568998 163.5179584120983 119.08884688090737
561 1130 32 221.41275465013285 162.72984942426928 117.97874224977856
1234 1128 39 222.26376285541443 164.20689655172416 118.9491833030853
1844 1127 20 181.08843537414967 165.65986394557822 118.55555555555556
410 1126 29 193.6914539400666 149.98446170921198 113.56936736958934
941 1123 18 220.05570291777187 166.2811671087533 138.9761273209549
1660 1122 21 182.28733459357278 167.0756143667297 118.4234404536862
1528 1123 27 167.35633626097865 125.64868255959848 99.46047678795482
1712 1120 20 180.843537414966 165.76643990929705 118.05442176870748
746 1118 40 109.10875627440045 156.67261572783045 125.13608477412158
1302 1117 20 223.30158730158732 164.56462585034015 119.53968253968254
339 1118 30 192.85530227948465 149.43706640237858 113.64717542120911
1353 1114 21 220.56521739130434 166.35349716446126 139.21928166351609
1174 1114 17 182.9116719242902 169.6813880126183 117.43217665615141
1776 1113 37 180.86750164798943 165.69281476598547 117.36123928806855
1478 1112 21 220.9319470699433 165.68620037807185 138.90737240075615
2079 1107 11 165.71812080536913 125.9261744966443 101.81879194630872
1061 1106 13 146.7715736040609 144.46192893401013 132.7918781725888
999 1101 39 147.55535390199637 145.40169388989716 133.3762855414398
1962 1097 36 220.38101516150294 161.80553724456163 118.5794330916282
1852 1090 13 221.0659898477157 163.62944162436546 120.8223350253807
619 1088 33 219.94431185361975 161.5210819411297 117.22752585521083
886 1087 39 220.92377495462796 162.8548094373866 118.23895946763461
1271 1085 11 234.78523489932886 122.7248322147651 111.36912751677852
2037 1085 33 192.75417661097853 149.2983293556086 113.46857597454256
1894 1084 23 220.92985318107668 163.0636215334421 119.93148450244699
2122 1083 31 191.75996457041632 148.71302037201065 113.86713906111603
683 1083 24 220.04241435562807 161.71615008156607 116.6068515497553
1595 1081 40 194.31622978248745 150.3558282208589 113.88064696040156
810 1081 25 179.2693935119887 166.02115655853314 114.9379407616361
1407 1079 38 135.55898366606172 177.4549304295221 135.92921960072596
947 1078 17 233.9558359621451 119.7570977917981 107.47318611987382
1515 1075 13 195.32487309644668 151.71065989847713 115.8477157360406
479 1071 48 167.3347280334728 125.8094332445797 99.04868771395968
1056 1070 14 147.0203045685279 144.55329949238578 132.4720812182741
1184 1069 26 133.90087829360098 177.0715181932246 135.07653701380175
1684 1067 36 110.38233355306525 156.26961107448912 125.76005273566248
1244 1065 13 220.11167512690355 167.21319796954313 140.00507614213197
1477 1064 18 223.22546419098143 165.14323607427056 121.06366047745358
331 1065 12 178.8993288590604 164.16778523489933 118.24832214765101
1112 1063 35 108.65404224326294 158.7836853605244 125.74217042971596
563 1064 21 220.86389413988658 162.89792060491493 118.648393194707
389 1055 39 178.21597096188748 163.56684815486994 115.27283726557775
1750 1051 22 180.35160680529302 165.66729678638941 117.61625708884688
741 1051 22 180.64083175803404 167.23062381852552 115.39319470699434
2080 1047 15 192.1897233201581 149.15415019762844 114.09090909090908
1321 1047 44 220.76049033474777 166.96935407826496 139.17680339462518
1823 1045 34 236.26173428798728 119.80747812251393 108.30151153540176
1993 1044 21 192.66162570888469 149.02457466918716 113.16446124763705
1884 1042 13 219.78172588832484 162.55837563451774 120.62436548223349
1379 1040 8 118.18518518518518 159.30864197530863 130.11111111111111
974 1040 23 165.73246329526918 125.69168026101143 99.00652528548125
857 1027 21 220.97920604914935 163.01890359168243 118.3062381852552
1581 1024 12 194.1275167785235 151.15436241610738 116.13422818791946
1527 1024 33 193.92919649960223 150.02147971360384 113.59824980111377
2119 1023 25 190.56558533145275 148.14668547249647 113.6657263751763
1941 1023 34 220.054892601432 161.83691328560064 118.51392203659508
1042 1021 33 146.9920445505171 144.9172633253779 132.88305489260145
684 1021 35 235.42243262927897 120.53678077203206 108.23160961398398
449 1020 9 115.96296296296296 154.41975308641975 127.91358024691357
1467 1018 20 223.02267573696145 164.55555555555557 120.05895691609977
1157 1019 25 134.45557122708038 177.6784203102962 135.90973201692523
1716 1017 13 178.746192893401 164.05076142131978 116.03553299492386
796 1017 33 178.79236276849642 165.49244232299125 114.45186953062849
543 1013 23 192.92822185970638 149.7389885807504 113.20065252854813
611 1011 33 220.84168655529038 163.27366746221162 119.05887032617343
1773 1010 19 180.67108753315648 165.87798408488064 116.86206896551724
1100 1009 16 112.26498422712933 160.9211356466877 128.4006309148265
1236 1009 37 219.80290046143702 166.20896506262358 138.72775214238627
916 1004 35 220.90458849235253 163.24253459577568 118.18426802621997
1877 1000 24 221.08972267536706 163.4388254486134 120.37030995106036
1404 998 34 180.78838504375497 166.77645186953063 116.32776451869532
348 997 24 179.87765089722677 165.60032626427406 117.01957585644372
2040 997 37 192.42188529993408 149.57152274225444 113.64205669083717
982 988 24 145.7063621533442 143.96900489396413 131.90864600326265
421 988 23 178.76672104404568 164.74714518760197 116.07667210440458
1979 986 16 191.81072555205046 149.2681388012618 114.2776025236593
1820 983 21 221.67863894139887 164.23629489603024 120.65784499054821
1636 983 47 181.46351406441093 166.51039543416226 117.59478189971463
738 982 23 181.43230016313214 168.15497553017946 116.94779771615009
488 977 33 192.8035003977725 149.76531424025458 113.18217979315831
852 975 26 236.3324968632371 122.30740276035131 109.26097867001253
657 974 9 220.50617283950615 165.60493827160494 123.19753086419752
1481 969 29 236.64483906770255 119.75360710321864 108.0865704772475
1288 969 22 236.69187145557657 120.88846880907373 108.60680529300568
2111 967 24 179.38499184339315 165.30016313213704 118.39967373572594
1733 965 35 180.70648215586309 166.14712308812818 117.21849963583395
1339 966 25 195.1805359661495 152.39633286318758 115.3342736248237
1191 962 19 221.48275862068965 164.17771883289123 118.9867374005305
809 962 16 220.56151419558358 162.90851735015772 118.38801261829653
1551 960 29 194.638179800222 150.9023307436182 114.0788013318535
1923 958 19 192.50928381962865 150.09814323607426 114.24933687002653
560 956 25 192.96897038081806 150.06629055007053 113.32863187588153
1124 955 37 180.67237969676992 168.0817402768622 115.01186552406064
697 948 25 221.3187588152327 164.36812411847671 119.3145275035261
1793 947 14 220.62944162436546 162.98477157360404 119.89340101522842
1036 940 39 144.7900786448881 143.2734422262553 131.475499092559
893 934 19 221.3129973474801 164.71618037135278 119.86206896551724
629 932 33 221.05091487669054 163.733492442323 118.72474144789182
1863 931 39 221.01633393829403 163.1488203266788 119.16938898971569
383 931 39 109.26920750151241 155.65033272837266 124.96612220205688
1502 929 8 222.7037037037037 168.34567901234567 126.85185185185185
1372 928 14 181.56345177664974 167.96446700507613 117.46700507614213
2068 927 29 110.79023307436182 156.33296337402885 126.03551609322975
518 928 16 168.70662460567823 128.3627760252366 101.83280757097792
1284 925 10 194.05309734513273 152.858407079646 116.84070796460176
451 925 24 179.0309951060359 165.52039151712887 115.81566068515498
949 925 34 193.40731901352427 150.73031026252983 113.3898170246619
1986 924 39 165.978221415608 125.72232304900183 99.82637628554144
766 924 36 219.9499011206328 163.161502966381 118.53065260382333
1431 919 35 111.03860160233067 159.09832483612527 127.03568827385288
1236 918 36 221.35135135135133 163.9650626235992 118.10744891232696
1924 915 18 192.9761273209549 149.68435013262598 113.76392572944296
1174 915 20 235.40589569160997 123.55102040816327 109.83673469387756
1531 908 18 195.78249336870024 152.2785145888594 115.13262599469495
1094 908 10 114.00884955752213 160.30088495575222 128.68141592920352
841 902 30 236.3528245787909 122.55203171456888 109.33300297324082
1324 901 29 193.96115427302996 151.677025527192 114.3118756936737
1594 898 36 195.23928806855633 151.51153592617007 114.53526697429136
1684 896 38 179.65033272837266 165.17483363581368 116.54385964912282
1769 895 35 221.49453750910416 163.721048798252 119.70939548434086
696 893 24 222.97716150081567 166.2463295269168 121.22185970636215
497 894 24 179.39477977161502 166.15171288743883 115.91027732463296
1489 889 22 221.26275992438565 163.17769376181474 118.67296786389414
567 888 32 180.77945084145261 167.5527015057573 116.54384410983171
2095 884 15 177.3675889328063 163.2569169960474 116.63636363636363
1135 880 21 182.36483931947072 170.18336483931947 116.47448015122873
977 881 10 192.53982300884957 151.71681415929203 116.14159292035399
898 879 26 168.28607277289836 127.9146800501882 100.78168130489334
1381 873 21 180.72589792060492 167.6257088846881 117.17202268431002
1019 873 22 143.88468809073726 142.67863894139887 131.2117202268431
1186 871 20 221.42403628117916 165.28798185941042 120.21995464852608
371 870 13 180.84771573604058 167.66497461928932 118.98477157360405
794 865 22 220.79017013232516 163.25708884688092 118.7429111531191
1074 865 30 133.89197224975223 178.03270564915758 135.7621407333994
426 864 35 178.94974508375822 165.64311726147125 115.53605243991261
2043 862 32 178.7271922054916 164.69707705934456 117.26483613817538
1539 859 23 194.61011419249593 151.6851549755302 114.8026101141925
532 858 8 183.76543209876542 171.07407407407408 124.82716049382715
1285 855 24 193.85644371941274 151.54649265905385 114.28058727569332
738 853 29 221.17869034406215 163.26526082130965 117.79023307436182
1837 851 37 235.16809492419247 119.0969017798286 107.87738958470665
1430 849 27 181.8983688833124 168.48431618569634 116.94981179422835
644 849 38 236.37870538415004 122.08953418027829 109.57229280096794
1232 844 29 236.50166481687015 122.00110987791344 108.67147613762486
1931 843 50 192.55228642325417 149.6412619638426 113.46685572492024
1634 842 26 180.0112923462986 165.91844416562105 116.5194479297365
1335 841 21 195.531190926276 153.35160680529302 115.78638941398866
1580 841 17 165.7192429022082 125.98107255520505 100.30599369085174
1119 841 9 182.53086419753086 171.18518518518516 118.50617283950616
839 837 24 220.71125611745515 163.11745513866234 118.01305057096249
1784 834 16 234.13564668769715 120.61829652996845 109.33438485804416
1684 833 19 179.13527851458886 164.9177718832891 116.10344827586206
1734 831 27 221.76913425345043 163.98117942283562 119.84943538268506
882 831 18 193.9389920424403 151.40583554376656 113.87002652519894
497 830 30 179.41228939544104 166.46778989098118 114.8414271555996
1494 829 30 221.29732408325074 163.13875123885035 118.60753221010901
569 822 25 180.45557122708038 167.07052186177714 116.61918194640339
2006 820 15 179.4308300395257 165.37154150197628 118.71146245059288
1035 818 21 135.36672967863893 179.66351606805293 136.4536862003781
701 817 17 235.7570977917981 120.92744479495268 109.00946372239747
957 815 49 192.4971472042602 150.71548117154813 113.657664511221
2071 815 14 176.66497461928932 163.00507614213197 117.51269035532994
1163 813 33 221.3070803500398 165.0930787589499 119.78042959427208
1872 813 10 168.07079646017698 128.1150442477876 102.91150442477876
1445 806 13 179.62944162436546 166.35532994923855 116.20304568527918
453 801 13 181.16243654822333 168.53299492385784 117.71065989847715
408 800 24 179.88580750407831 166.7357259380098 115.721044045677
1096 799 27 108.6461731493099 158.6185696361355 125.62609786700125
1382 798 34 180.02545743834528 167.41447891805888 114.98249801113764
1809 793 24 220.73898858075043 163.83034257748778 120.09951060358891
1554 791 32 194.49158547387069 151.4650132860939 114.66076173604961
1294 789 36 194.08108108108107 152.29400131839154 114.65458141067896
783 788 39 221.42105263157896 165.18632788868726 120.29764065335755
1225 785 22 220.74102079395087 165.6257088846881 120.71833648393195
616 785 24 220.66557911908646 164.22022838499186 119.63621533442088
1628 781 30 179.22101090188306 165.23488602576808 115.74231912784936
1694 780 29 221.65371809101 164.20199778024417 120.05882352941177
1757 780 24 220.23164763458402 163.12398042414355 119.56933115823819
481 779 13 178.47715736040607 166.07614213197968 116.14213197969542
2033 779 28 178.3940066592675 164.93784683684794 117.12430632630411
1507 777 14 221.58883248730962 164.60406091370558 120.50761421319795
536 772 28 111.2708102108768 158.87680355160933 126.9733629300777
1039 770 23 134.05383360522023 178.13703099510604 135.78792822185972
867 769 37 195.14700065919575 152.64864864864865 114.42979564930783
1149 765 13 235.28426395939084 124.78680203045684 111.37563451776649
1458 760 29 111.79578246392897 160.83351831298557 128.2941176470588
1870 758 39 193.09739866908652 150.71385359951606 114.81972171808833
1410 757 9 181.04938271604937 168.62962962962962 119.9753086419753
994 757 12 179.6510067114094 167.53691275167785 115.80536912751677
1957 755 36 177.75346077785102 164.23071852340144 114.65260382333553
444 750 23 178.7177814029364 165.8678629690049 115.86623164763459
493 749 11 177.91275167785236 165.80536912751677 117.64429530201342
1349 742 21 143.59546313799623 142.11342155009453 130.61436672967864
686 741 51 221.31056314561815 164.69343552149283 119.67144285238254
1800 737 26 219.62233375156836 162.59473023839396 118.92597239648681
1251 736 23 142.9673735725938 142.02936378466558 130.38009787928223
1583 736 23 166.97716150081567 126.03752039151713 99.64926590538336
1188 730 33 216.5887032617343 163.93396976929196 136.49323786793954
2014 729 18 110.86737400530504 155.55702917771882 125.9787798408488
1106 728 37 216.48187211601845 163.93803559657218 136.52669742913645
813 724 17 166.96529968454257 126.5205047318612 99.75394321766561
1518 723 31 195.45969884853852 152.57838795394156 115.1762621789194
1731 723 31 220.7360496014172 163.79893711248894 120.10894596988486
932 721 35 194.43044428259287 152.55498907501823 114.95702840495267
587 720 39 220.27404718693288 163.77434966727165 118.79128856624321
1466 718 8 181.4074074074074 170.17283950617283 123.22222222222221
1652 715 35 221.73707210487984 164.68608885651858 120.56008739985434
1020 710 36 181.17864205669082 169.3493737640079 115.71918259723137
770 704 29 193.70033296337402 151.88235294117646 114.8534961154273
488 702 30 179.4440039643211 166.95936570862239 115.60257680872151
1400 701 38 133.25045372050818 177.28796128251665 135.23532970356928
870 698 19 190.82758620689654 149.85941644562334 113.90981432360742
1229 695 16 167.5993690851735 128.1577287066246 101.10094637223975
1976 695 20 177.48979591836735 164.0907029478458 115.2358276643991
1918 692 30 178.5668979187314 165.20911793855302 116.57978196233894
824 688 16 196.21135646687696 153.48895899053628 115.29652996845425
1779 684 24 220.08482871125614 163.6378466557912 119.76019575856444
1467 682 17 133.9211356466877 176.794952681388 135.2397476340694
1843 680 36 193.0171390903098 150.5121951219512 114.0421885299934
1572 677 28 194.834628190899 152.11098779134295 115.0488346281909
1309 676 48 142.89083301635603 141.73297831875237 130.17611259033853
1510 668 16 143.34384858044163 140.82018927444796 130.57097791798108
1082 667 22 217.24952741020795 164.0945179584121 136.45557655954633
1707 665 24 220.93964110929855 164.8515497553018 120.98694942903752
638 663 35 235.29715950473417 121.15950473415879 108.48798252002914
972 661 22 111.72211720226844 162.43478260869566 128.44045368620039
1157 658 40 216.99442275515895 164.3680981595092 136.56497490239823
588 657 13 219.41116751269033 163.63451776649745 120.56345177664974
538 656 30 220.25966303270565 164.37165510406342 119.62834489593656
846 655 17 194.21451104100944 151.98107255520503 114.54574132492114
1223 650 25 168.79125528913963 128.71932299012693 101.05641748942172
1957 648 23 178.99021207177816 166.20391517128874 117.5889070146819
901 648 34 170.67064439140813 129.9856801909308 102.1607000795545
794 647 23 195.0783034257749 152.70962479608482 114.83197389885808
722 646 39 194.71748336358138 152.39806412583184 114.89836660617061
1803 639 14 193.7715736040609 151.9492385786802 115.80203045685278
1382 636 24 110.5252854812398 161.72104404567702 127.93148450244699
1405 634 12 107.95302013422818 151.1275167785235 118.25503355704697
1028 633 33 221.1925218774861 165.80906921241052 120.52426412092284
1442 631 35 134.4231609613984 178.11507647487255 136.20466132556447
1758 625 34 219.79872712808276 163.04295942720765 118.77326968973748
957 623 12 180.1476510067114 168.27516778523488 116.83892617449663
1638 619 51 220.65778073975343 164.72609130289905 120.5994668443852
1090 614 28 217.11320754716982 163.99556048834629 135.94894561598224
1896 612 41 111.6925038245793 158.7251402345742 127.3182049974503
1534 612 39 142.6019358741682 140.69993950393226 129.70296430732003
533 610 12 234.71140939597316 125.58389261744966 112.87919463087248
1826 608 20 219.78004535147392 164.39002267573696 120.64172335600907
851 608 21 194.70132325141776 152.06616257088848 114.32703213610586
1257 606 26 168.73651191969887 128.78168130489334 101.34504391468005
669 600 23 193.81892332789562 152.04078303425774 115.10603588907016
1709 598 14 220.75634517766497 165.1979695431472 122.10659898477157
590 597 39 219.90320629159106 163.87053841500304 118.85843920145192
888 596 11 196.1006711409396 155.5436241610738 118.9261744966443
986 595 16 235.90220820189273 125.16088328075709 111.24605678233438
1395 593 16 179.53943217665613 167.4826498422713 115.72555205047318
1143 590 21 220.9867674858223 165.30245746691872 120.28544423440454
1200 586 31 194.26926483613818 153.02125775022145 115.33835252435784
1329 582 35 195.4340859431901 154.24399126001458 116.71085214857976
936 579 30 180.74033696729435 168.5629335976214 114.8424182358771
724 579 20 194.984126984127 152.29478458049888 114.59410430839003
789 576 38 195.02964307320025 152.9643073200242 115.33454325468846
1787 573 20 220.03401360544217 165.67573696145126 122.82766439909297
643 570 10 193.5575221238938 152.93805309734512 117.15929203539822
1467 566 26 181.82559598494353 169.16185696361353 116.62609786700125
1579 564 19 141.57559681697612 139.70026525198938 129.15915119363393
1040 560 35 220.98324836125275 165.79533867443556 120.41077931536782
1249 557 19 194.71087533156498 153.55968169761272 115.92572944297082
1103 556 21 236.4499054820416 125.08884688090738 110.89224952741021
983 554 13 222.65989847715736 168.90355329949236 124.26903553299492
1846 553 32 218.6651904340124 163.65544729849424 120.1984056687334
1164 547 17 194.42586750788644 152.5930599369085 115.21135646687696
1522 541 27 169.63613550815558 129.13550815558344 101.62986198243412
1711 539 41 235.63131055583887 123.57011728709843 111.11269760326364
1401 539 34 179.63961813842482 167.50039777247414 114.14001591089897
683 540 30 195.32606541129832 152.69772051536174 114.73934588701685
624 535 21 193.66918714555766 152.21361058601136 115.43100189035917
869 535 37 196.38167435728408 154.1951219512195 115.67172050098878
1631 527 27 194.33500627352572 152.4529485570891 115.63864491844416
1780 524 22 220.03780718336483 165.77315689981097 122.53308128544424
742 523 23 194.6851549755302 152.44698205546493 115.326264274062
1577 522 21 195.86578449905483 153.39508506616258 115.50472589792061
1349 521 14 183.19289340101523 170.9441624365482 117.88324873096445
1138 515 18 195.48275862068965 154.08753315649867 116.47480106100795
949 513 31 237.08237378210808 125.76173604960142 111.87865367581931
1289 511 34 195.46778042959428 154.2378679395386 116.46618933969769
800 510 23 193.92332789559543 151.9168026101142 114.5725938009788
1820 504 16 234.47318611987382 126.63091482649843 113.21135646687696
1474 497 35 181.79679533867446 169.5863073561544 116.46467589220686
1207 497 39 194.8947368421053 153.55353901996372 115.832425892317
1089 496 33 221.22673031026255 165.53142402545745 119.84645982498012
1017 494 26 222.61480552070262 168.39523212045168 123.58343789209535
650 491 22 168.18714555765595 128.13799621928166 101.64272211720227
837 489 10 196.58407079646017 155.93805309734512 119.08849557522123
1426 487 11 183.0201342281879 171.66442953020135 119.64429530201342
1145 481 12 194.8724832214765 154.2013422818792 116.89261744966443
1547 478 27 194.37013801756586 152.41279799247175 115.30740276035131
1769 474 23 219.15986949429038 164.42088091353997 121.19738988580751
1601 473 20 194.13151927437642 152.5283446712018 115.98412698412699
771 474 15 197.35177865612647 155.57312252964425 117.50197628458497
1653 471 25 193.83215796897036 151.42172073342735 114.5641748942172
1322 471 12 195.83892617449663 155.3489932885906 117.69798657718121
900 471 25 221.56840620592382 166.40761636107192 121.24823695345557
1717 470 23 217.9673735725938 163.38009787928223 120.06851549755302
1256 470 9 169.59259259259258 131.62962962962962 106.0
1380 470 33 113.13842482100239 164.16388225934767 130.05648369132857
707 467 35 168.22505462490898 128.11726147123088 101.15222141296432
1121 453 11 220.751677852349 167.7248322147651 124.02684563758389
1036 450 17 236.62460567823342 125.94321766561514 112.02523659305993
1506 438 24 180.95595432300163 168.3572593800979 116.58564437194127
1741 436 14 218.41116751269033 164.31472081218274 121.01522842639594
1158 436 27 194.83312421580928 153.09284818067752 115.34880803011292
1216 436 16 195.6813880126183 154.4858044164038 116.91798107255521
1556 433 10 196.34513274336283 155.7433628318584 118.5929203539823
969 432 44 221.24752475247524 166.27628477133428 121.13154172560112
1082 429 25 221.20451339915374 166.82087447108603 121.79548660084626
751 426 13 195.23350253807106 154.4517766497462 118.52791878172587
1440 425 34 182.14001591089897 169.94988066825778 117.12092283214002
901 425 14 218.29949238578678 165.08629441624365 121.12690355329948
826 426 49 180.0566755420312 167.68847470521112 115.65538227462913
1677 414 31 166.39149689991143 126.8193091231178 100.72010628875111
1285 411 48 168.9357170026626 128.78585013313048 101.35793077215672
900 411 7 188.16326530612244 144.0816326530612 107.83673469387755
1376 408 22 181.4045368620038 169.1398865784499 115.9905482041588
1543 406 16 180.82334384858044 168.02208201892745 116.97160883280756
1600 405 38 193.60435571687842 152.02843315184515 115.24198427102239
1037 403 21 221.63705103969755 167.46313799621927 122.85822306238185
1131 393 26 221.87327478042658 167.94102885821832 123.4228356336261
1487 387 19 182.13262599469496 169.48010610079575 116.92572944297082
1197 384 33 194.6587112171838 153.14717581543357 115.65314240254575
899 377 29 221.26970033296337 167.02441731409544 122.34295227524973
1008 367 16 235.97476340694004 126.3154574132492 112.4416403785489
1445 361 23 181.10114192495922 168.87275693311582 116.79282218597064
1537 355 34 180.054892601432 167.16308671439938 116.19809069212411
1247 355 14 194.39086294416242 153.22842639593907 116.31979695431471
1075 351 36 222.04878048780486 168.38497033618984 123.77455504284771
961 350 29 220.6992230854606 165.9245283018868 120.58712541620422
1370 345 36 180.8978246539222 168.68556361239285 116.13974950560315
1300 327 31 221.40035429583702 167.4207263064659 122.41541186891054
1483 326 20 180.8231292517007 168.546485260771 117.0453514739229
1150 325 37 237.12722478576134 125.62953197099537 111.8009228740936
1229 325 23 222.35073409461666 169.06688417618273 124.61500815660686
1015 325 22 222.31568998109643 169.08506616257088 124.68620037807183
1428 311 23 181.51223491027733 169.41924959216968 116.51223491027733
1101 303 13 222.44162436548223 169.38071065989845 124.69543147208121
1346 298 13 220.43654822335023 167.8730964467005 123.45685279187816
1262 293 13 222.2944162436548 170.44162436548223 127.33502538071065
1198 294 14 220.6243654822335 166.81218274111674 122.19289340101521
1224 83 3 152.3846153846154 154.84615384615387 151.30769230769232
1232 77 2 143.4 145.20000000000002 143.20000000000002
