1167 2314 2 159.0 155.20000000000002 158.60000000000002
1158 2312 2 163.20000000000002 158.0 157.4
1156 2120 20 220.1700680272109 161.26984126984127 118.05668934240363
1285 2114 11 193.5503355704698 150.00671140939596 115.15436241610738
995 2089 35 221.6926438455936 163.0014566642389 119.59504734158777
1089 2088 46 220.944557684468 161.5833673053404 117.78964533224622
1335 2085 43 176.83592644978785 161.77699198491277 114.51013672795851
1222 2077 54 193.40573387348084 149.0031162355874 112.71860392645684
1436 2062 43 221.35219236209335 163.03206034889203 118.5973597359736
1148 2044 21 193.32136105860113 148.97164461247638 112.97920604914934
1532 2039 44 221.33003300330031 163.33427628477133 119.42197076850542
921 2035 48 221.7637885127425 162.722708254089 118.54659566375048
1288 2030 21 178.0812854442344 163.1077504725898 116.67485822306239
810 2020 39 221.74954627949185 163.02117362371447 118.94555353901997
1029 2014 44 221.98255539839698 162.7123998114097 117.73503064592174
1609 2012 28 221.27524972253053 162.9100998890122 118.4583795782464
748 2001 16 220.794952681388 162.5583596214511 119.74132492113564
1095 2001 24 195.20554649265907 150.0456769983687 112.87765089722676
1366 1997 36 178.79499011206326 163.98945286750163 116.37903757415951
1226 1996 20 194.5419501133787 150.37868480725623 114.12925170068027
1158 1980 40 194.39598438371445 149.8259899609593 112.92861126603458
1462 1959 54 222.32221875973823 163.73480835151136 119.02306014334684
1289 1959 48 111.0833016356029 156.91860022822365 126.39672879421833
696 1959 16 177.76971608832807 162.09779179810724 116.10725552050472
1223 1955 15 194.63241106719366 150.65612648221344 113.98814229249011
1565 1950 41 222.56756756756758 164.30137684854668 119.35645079041306
1735 1948 13 168.16243654822333 128.243654822335 102.85786802030456
863 1948 41 235.90821009688935 117.66037735849058 106.49005609382968
1666 1945 53 193.13430975381738 150.0835151137426 113.4746026799626
964 1938 48 222.15062761506277 162.92240395587677 118.40585774058577
765 1928 53 221.85696478653784 162.47335618572762 117.91212215643502
1379 1922 31 222.95305580159433 164.2444641275465 119.4340124003543
662 1920 29 177.2108768035516 161.488346281909 115.09544950055493
1076 1913 54 195.0819569959489 150.36927391710813 113.03677157993144
1732 1904 7 196.44897959183672 155.46938775510202 120.12244897959182
1768 1903 33 193.66268894192524 150.78122513922037 114.15115354017503
1722 1903 10 181.0796460176991 141.76106194690266 108.71681415929203
1251 1903 12 180.4429530201342 165.04697986577182 117.34228187919463
1188 1902 43 178.52522395096653 163.04479019330503 115.2989156058463
840 1892 16 222.29652996845425 162.94006309148264 118.55205047318611
1333 1886 18 179.9230769230769 165.0185676392573 116.87267904509284
1516 1875 41 237.40591534931158 120.65170831208567 109.0652728199898
1009 1874 17 193.7539432176656 149.2018927444795 112.82965299684543
1474 1873 16 214.45110410094637 132.30914826498423 105.58044164037855
1449 1872 27 216.4780426599749 156.59723964868255 114.3789209535759
1604 1864 40 195.77300613496934 151.40267707752372 113.7808142777468
692 1862 29 176.09100998890122 160.77691453940068 113.35738068812431
1278 1862 34 179.5290373906126 164.14717581543357 115.37708830548927
967 1860 19 166.631299734748 123.9549071618037 97.43766578249337
950 1859 13 168.71065989847713 124.5989847715736 95.10152284263958
604 1858 49 178.37504754659568 162.70406998858883 115.01825789273488
901 1855 48 223.25675161658427 163.40167364016736 118.51768733358692
1772 1853 12 193.8724832214765 151.8724832214765 115.59731543624162
827 1852 15 236.36363636363635 120.22134387351778 108.69169960474308
1133 1850 24 194.36215334420882 149.95432300163134 113.43066884176183
1826 1849 40 179.01282766313443 165.85778025655327 115.20078081427775
1383 1846 40 223.12381483547128 163.0005577244841 117.64696040156163
1226 1844 16 179.9968454258675 164.37223974763407 116.81072555205047
1702 1838 53 194.0 150.62823309442194 113.5839825490807
1083 1836 19 194.54111405835542 149.9893899204244 113.41909814323607
1182 1824 27 180.55834378920952 165.22584692597238 117.20200752823085
1775 1822 13 180.08121827411165 165.91878172588832 116.73096446700507
1881 1820 14 181.65989847715736 168.6700507614213 117.01015228426395
1624 1815 10 195.141592920354 152.0796460176991 116.76106194690266
769 1814 53 223.15736989716422 163.56061078217513 119.20286693674042
1323 1813 18 113.45888594164455 157.66578249336868 127.60742705570291
534 1811 29 195.1953385127636 149.7702552719201 112.7780244173141
1625 1808 9 168.92592592592592 130.8148148148148 101.04938271604938
1015 1808 46 169.12189156135344 126.23766816143498 98.82959641255606
671 1806 24 177.82544861337684 162.06035889070148 114.07667210440458
1470 1796 47 223.3538524256013 163.55238483489603 118.1671422747656
851 1797 22 223.27221172022684 163.4234404536862 118.51984877126654
898 1795 8 222.62962962962962 167.34567901234567 126.01234567901234
1557 1794 33 194.23945902943518 150.351630867144 113.85043754972156
1403 1788 13 237.14213197969542 120.83248730964466 109.38578680203045
941 1784 28 194.89567147613764 149.74916759156494 112.80910099889013
623 1784 28 109.5860155382908 154.173140954495 124.24861265260822
1114 1777 47 179.70525886669384 164.556461475744 115.56461475743987
1918 1775 16 180.56782334384857 167.6813880126183 116.90536277602523
1761 1772 33 179.75338106603024 166.1766109785203 115.28878281622912
1260 1771 50 180.71322226160936 165.54555122297057 116.75292449485998
494 1770 24 194.8678629690049 149.10114192495922 112.20880913539968
1629 1767 41 169.58541560428353 127.66598674145845 100.42937276899542
1700 1765 13 195.61421319796952 153.0659898477157 116.23857868020303
1185 1762 19 180.52785145888592 165.02917771883287 116.80636604774536
1848 1757 48 179.8927348801826 166.42982122480032 115.3419551160137
1521 1756 11 195.80536912751677 152.8993288590604 116.96644295302013
826 1757 16 224.30599369085172 164.5173501577287 119.85488958990535
1363 1744 42 224.0999490056094 164.51402345741968 119.65221825599185
1055 1745 15 193.72727272727272 149.76284584980237 113.59683794466402
558 1734 42 196.2284548699643 150.3972463029067 112.94492605813362
1574 1731 16 193.93375394321765 150.30599369085172 114.2018927444795
888 1730 45 238.29357798165137 118.3390126692879 107.53123634775011
689 1728 47 178.2768039135752 162.6045658377497 115.08560945780677
774 1727 28 218.02774694783574 160.13651498335184 134.63706992230854
1434 1725 26 238.72396486825593 120.0539523212045 108.39397741530739
825 1718 14 224.38071065989845 164.85786802030455 120.45685279187816
1165 1718 25 110.58674188998589 156.64456981664316 126.07193229901269
1938 1713 43 179.52333804809052 166.14097123998113 115.11504007543611
1707 1702 49 180.32255610498288 166.26397869912515 115.85697984024344
992 1701 52 195.296901032989 150.2705764745085 112.98067310896369
463 1701 44 196.97312588401698 150.5157944365865 112.37482319660538
620 1698 20 194.61451247165533 149.24263038548753 112.77097505668935
1086 1696 33 180.16388225934767 164.78918058870326 115.7175815433572
1793 1694 30 180.22893954410307 166.76709613478693 115.35480673934589
1222 1691 33 109.73190135242642 156.66268894192524 125.47494033412889
1510 1688 51 195.56181272909032 150.90803065644786 113.54015328223926
1299 1681 37 219.50758075148318 161.5161502966381 135.43375082399473
529 1681 13 196.17766497461926 150.9238578680203 114.31472081218273
1607 1676 39 195.55172413793105 151.13793103448276 113.52450090744102
747 1671 28 223.76248612652608 163.16648168701443 118.63485016648168
576 1665 26 195.72521957340024 149.97616060225846 112.81179422835633
1995 1663 24 221.8172920065253 164.93148450244698 120.9820554649266
1396 1662 43 219.46911834040546 161.85478547854785 135.38472418670437
1924 1656 12 236.13422818791946 124.73825503355704 112.18791946308724
1863 1656 43 180.04997642621404 166.72890146157474 116.23573785950023
914 1653 29 152.63041065482798 147.52941176470588 137.14095449500556
823 1652 48 220.14606314187904 162.03499429440853 135.76454925827312
1456 1652 11 174.4429530201342 131.8791946308725 105.09395973154362
1801 1644 14 182.60406091370558 169.50761421319797 118.746192893401
1562 1638 11 195.6778523489933 153.91275167785236 118.66442953020135
1146 1638 47 138.5340399510803 180.28332653893193 137.88666938442722
1665 1633 28 111.16981132075472 159.51720310765816 127.42064372918979
515 1632 33 195.9634049323787 149.9228321400159 112.43675417661099
1056 1631 36 109.93539881344759 156.45814106789715 125.49505603164138
661 1627 52 195.30023325558147 149.92069310229923 112.67577474175275
571 1618 18 196.0079575596817 150.16445623342173 113.01591511936338
1535 1613 14 195.88324873096445 151.91370558375633 115.25888324873095
756 1612 24 223.931484502447 162.87765089722677 117.87438825448613
429 1610 56 224.5216551724138 162.79144827586208 116.86703448275863
1237 1609 42 220.31412544620093 162.55073941866397 135.91891891891893
888 1607 23 168.97553017944537 125.22185970636215 98.07504078303427
1281 1605 9 197.23456790123456 148.34567901234567 125.41975308641975
1322 1604 36 220.07646671061303 161.77916941331574 135.4937376400791
1822 1602 18 111.6498673740053 159.08222811671087 127.54907161803713
1744 1598 51 110.41352882372543 159.43352215928024 127.0659780073309
1478 1594 41 151.99388067312597 147.93013768485469 136.75114737378888
2035 1591 20 222.77777777777777 164.49659863945578 119.66439909297053
1956 1592 52 222.55214928357216 164.43618793735422 118.99400199933356
1879 1592 19 223.39787798408486 165.74535809018568 120.26525198938991
967 1590 48 151.83834157474325 146.84937238493725 136.61278052491443
506 1584 11 197.30872483221475 152.02684563758388 115.87248322147651
1599 1584 47 180.930697105585 166.52466367713004 115.60456583774969
1397 1581 28 153.66259711431744 149.07325194228636 138.18978912319645
802 1581 14 196.98477157360404 151.5228426395939 115.1472081218274
843 1576 18 153.71618037135278 147.89655172413794 137.68965517241378
1673 1567 22 181.72400756143668 167.66540642722117 117.06049149338375
1100 1564 34 136.47573587907718 178.26491646778044 136.03023070803502
1292 1558 14 224.56345177664974 165.11675126903552 120.65482233502537
570 1556 42 195.13513513513516 149.18510963793983 111.8541560428353
636 1555 17 195.45741324921136 150.52365930599368 113.85488958990535
1172 1554 32 239.52081488042515 119.34278122232064 107.7953941541187
686 1554 16 194.57728706624604 149.22397476340694 113.42271293375394
1896 1551 13 222.46192893401013 166.38071065989845 121.8730964467005
1037 1549 22 110.18147448015124 155.64083175803404 125.52930056710775
495 1549 24 225.68189233278957 164.00326264274062 118.21696574225123
1531 1544 23 136.99347471451875 179.73083197389886 136.81402936378467
889 1543 33 152.3436754176611 147.2760540970565 137.05568814638028
756 1536 47 224.59315124337544 163.17570322054627 117.22421524663677
1832 1532 45 237.6622979467016 120.66011358671909 108.51332459589341
1433 1531 22 196.5538752362949 152.2646502835539 114.98298676748583
421 1531 15 239.1067193675889 119.63241106719367 108.66403162055336
408 1530 11 212.1006711409396 120.75838926174497 101.40939597315436
2041 1530 35 222.65914056809908 164.56081573197378 119.51274581209032
827 1530 17 197.17034700315457 151.88643533123027 115.05362776025237
371 1530 36 224.73500329597888 164.31509558338826 118.82663150955833
1964 1520 13 234.84771573604058 120.11675126903552 108.79187817258882
1616 1521 15 114.92490118577075 160.1067193675889 128.8577075098814
1247 1515 40 225.7573898494144 165.49693251533742 119.19576129392081
1756 1513 28 225.149833518313 166.5227524972253 120.27302996670366
1913 1505 28 223.842397336293 166.35405105438403 120.71254162042176
528 1505 14 225.23857868020303 164.39086294416242 119.73604060913705
1343 1504 52 169.2742419193602 126.81506164611797 99.73475508163946
1025 1504 13 180.50253807106597 165.83756345177665 117.75126903553299
1575 1504 25 180.737658674189 166.61495063469675 115.7672778561354
658 1500 40 195.6642498605689 149.30619074177358 111.77244841048523
1679 1498 42 225.00815910249875 166.25701172870984 120.50994390617034
1076 1497 27 181.97490589711416 166.55081555834377 116.99247176913424
957 1496 41 137.5792962774095 178.64048954614992 136.6654767975523
407 1490 12 224.83221476510067 165.04697986577182 121.12751677852349
1488 1489 39 180.22504537205083 165.94494857834243 114.92014519056262
1426 1488 16 196.7539432176656 152.6435331230284 115.30599369085174
467 1482 43 226.26355492692127 164.56907119283358 118.5025931164545
1616 1478 17 224.68769716088326 166.01261829652995 120.23343848580441
709 1470 16 196.6782334384858 150.6435331230284 113.21135646687696
2062 1468 23 108.06362153344209 155.68026101141925 124.67536704730833
1770 1468 13 181.1522842639594 167.86294416243655 117.06598984771573
1158 1465 56 226.00937931034483 165.82151724137933 119.85296551724139
1027 1463 28 109.71143174250832 156.06992230854607 125.03218645948945
851 1464 48 196.69798402434387 150.94370483073413 113.37694941042221
1885 1453 19 182.631299734748 170.04244031830237 116.9761273209549
579 1453 50 226.50833037929812 165.02056008507623 118.78660049627791
1982 1453 52 181.13262245918028 168.46751082972344 115.55514828390537
1075 1451 10 237.07079646017698 123.69911504424779 111.7433628318584
1819 1444 37 182.6690837178642 169.8582729070534 116.50560316413974
1433 1439 29 182.01997780244173 167.88568257491676 117.03995560488346
764 1438 38 239.56140350877195 117.61222020568664 106.50272232304901
366 1434 54 225.72327827983796 164.54783421626675 118.3630414459333
1490 1431 18 224.58885941644562 165.05039787798407 118.9628647214854
1651 1428 26 224.66373902132997 166.52948557089084 119.99999999999999
440 1423 12 225.40939597315435 165.06711409395973 121.15436241610738
1565 1422 50 225.1432116270826 166.1010280042538 119.83658277206665
1262 1421 50 196.99964551577455 152.08755760368663 114.21836228287842
927 1417 33 181.80747812251394 166.26968973747017 116.3508353221957
960 1414 13 136.69035532994923 147.22842639593907 109.03553299492386
988 1414 28 107.70699223085461 152.78246392896781 122.5749167591565
1732 1408 51 180.97500833055648 168.18993668777074 114.73475508163946
677 1409 48 225.83073411943707 164.52149106124003 118.63255990871053
1366 1403 37 110.11535926170072 158.17336849044165 126.41001977587342
817 1402 19 225.3209549071618 164.68169761273208 119.09283819628646
1423 1396 10 181.09734513274336 166.89380530973452 118.01769911504425
2075 1394 44 180.978783592645 168.71192833569071 115.86892975011787
1065 1392 47 221.6730534039951 164.06604158173664 137.19567876070118
862 1388 23 180.57096247960848 164.8825448613377 116.20554649265905
494 1386 49 240.3305439330544 117.91023202738684 106.78128565994675
440 1385 10 227.68141592920352 156.08849557522123 121.40707964601769
426 1385 15 214.50197628458497 154.8893280632411 113.66403162055335
1810 1383 19 181.9920424403183 169.49336870026525 115.49336870026525
1316 1381 9 115.35802469135803 157.45679012345678 128.02469135802468
754 1381 18 226.3660477453581 165.79045092838194 119.91777188328912
1138 1380 14 196.95431472081216 151.84263959390861 114.20812182741116
1890 1377 52 182.60346551149618 170.53715428190603 115.80739753415529
1193 1375 28 197.26415094339623 152.44617092119867 114.68146503884573
598 1374 25 226.13258110014104 164.13681241184767 117.87306064880113
389 1364 10 224.87610619469027 167.49557522123894 124.5575221238938
1474 1359 48 224.38303537466717 165.33586915176875 119.04298212248004
1647 1356 38 182.60859044162132 169.58923169993952 115.95644283121598
1993 1351 42 182.2616012238654 170.00815910249872 116.42988271290159
1397 1350 14 184.86802030456852 170.9492385786802 118.60913705583755
908 1349 31 181.33658104517272 165.37378210806023 115.82639503985828
1253 1348 17 196.8328075709779 151.9589905362776 114.8391167192429
860 1344 12 181.26845637583892 165.0738255033557 116.87919463087248
724 1344 20 238.843537414966 117.00226757369614 106.80045351473923
991 1340 37 226.6875411997363 166.08767303889255 119.85497692814765
330 1340 43 108.6973125884017 153.72654408297973 123.55917020273456
1707 1338 17 110.50473186119874 160.60567823343848 127.10725552050472
803 1337 43 226.21782178217822 165.14238566713814 118.8015087223008
556 1332 16 183.37854889589906 166.58044164037855 118.7981072555205
1569 1330 37 238.64205669083717 121.31245880026367 108.35464733025708
678 1330 19 181.52785145888592 164.44297082228115 115.19098143236074
1141 1324 40 150.23368655883993 146.3898494143893 135.457334076966
421 1321 36 180.35266974291363 163.90112063282794 115.67237969676994
2102 1319 28 194.4772475027747 151.95005549389566 114.72697003329634
1783 1316 49 108.52301255230125 159.36705971852416 125.96842906047927
1215 1314 27 149.83939774153072 146.37892095357589 135.20075282308656
2048 1312 17 194.40694006309147 152.45425867507885 115.83280757097792
1322 1311 49 181.24572080639027 167.1624191707874 114.91745910992773
1064 1311 24 239.86460032626428 119.05383360522023 107.56606851549756
1934 1309 20 110.63265306122449 159.11337868480726 126.68707482993197
1622 1304 13 115.44162436548223 163.53807106598984 130.7258883248731
621 1302 37 178.3889255108767 161.96835860250494 113.97824653922214
1408 1302 31 238.54384410983172 120.92116917626218 108.43932683790966
1462 1290 15 238.54150197628456 123.23715415019763 109.88537549407114
952 1289 19 226.77188328912464 166.25198938992042 120.11671087533156
374 1288 16 110.59936908517349 151.3564668769716 122.8359621451104
511 1286 43 181.04054691183404 164.84771334276286 115.57142857142857
2011 1284 17 196.4479495268139 153.70031545741324 115.73501577287065
1517 1282 29 223.1054384017758 164.37069922308547 118.13429522752497
807 1281 7 224.26530612244895 168.59183673469386 126.87755102040815
1698 1277 39 181.4506957047792 169.28009679370842 114.69086509376892
1877 1274 40 181.85833798103738 169.4701617401004 115.08644729503627
879 1274 48 225.8440471662229 164.94028147584635 118.73297831875239
1019 1272 28 226.50721420643728 165.7069922308546 118.63928967813541
721 1268 48 179.90338531761125 163.7759604412324 114.93799923925447
1177 1264 27 168.237139272271 126.4767879548306 98.9560853199498
1245 1253 35 134.82957028404954 178.68900218499635 135.64166059723235
575 1252 23 178.65742251223492 162.46818923327896 114.09298531810768
319 1249 34 181.01511535401752 165.35640413683373 116.17024661893397
1379 1245 21 224.54631379962194 166.05671077504726 120.38185255198488
1825 1245 17 110.58675078864353 159.10410094637223 126.29968454258675
623 1244 22 110.44801512287334 155.70888468809073 125.01134215500946
2073 1243 53 168.60735431598627 128.52196946089123 101.70302274851979
1960 1241 40 195.70440602342444 153.08756274400446 114.86893474623537
797 1235 27 239.07528230865745 118.01254705144291 106.4918444165621
1602 1235 53 181.10906824555937 168.78186350888126 113.96852602056715
1090 1233 51 196.30723092302566 151.3685438187271 113.41419526824392
1320 1231 23 134.99510603588908 178.47308319738988 136.0163132137031
427 1229 50 179.46082949308754 163.32258064516128 114.12761432116271
1450 1227 45 223.3752730449978 164.9471384884229 118.81869812145041
1519 1226 18 111.42440318302387 160.75066312997347 127.6498673740053
963 1226 37 225.40606460118653 164.48912326961107 118.35860250494396
1688 1218 14 180.21319796954313 167.71065989847713 115.42639593908629
1160 1218 13 196.73604060913704 153.4467005076142 116.0203045685279
1767 1209 47 182.1031390134529 170.11373827965755 115.20505503465145
1200 1208 17 181.34700315457414 166.97160883280756 115.85173501577286
901 1209 15 224.0395256916996 164.03162055335966 118.34782608695652
743 1204 12 180.05369127516778 163.91946308724832 116.3758389261745
1898 1202 24 193.44861337683525 151.76345840130506 114.6704730831974
2006 1201 14 194.68020304568526 151.81218274111674 114.43147208121826
1018 1201 24 170.69331158238174 127.605220228385 99.60032626427407
849 1195 22 239.31568998109643 119.7429111531191 107.53308128544424
2324 1195 2 178.4 182.60000000000002 180.0
1841 1192 27 193.26223337515682 151.27352572145546 113.52823086574654
1284 1190 24 109.54486133768353 157.3768352365416 125.48123980424144
669 1189 43 107.83734087694484 153.33050447901934 122.991041961339
609 1189 12 180.8926174496644 164.76510067114094 117.496644295302
1235 1186 19 182.67639257294428 168.3448275862069 117.22281167108753
2323 1184 2 147.20000000000002 148.20000000000002 146.8
538 1180 52 180.47684105298234 164.58113962012663 115.40253248917028
1938 1178 14 195.55329949238578 153.4517766497462 115.86294416243653
1107 1167 12 196.48322147651007 152.0 114.7718120805369
1359 1167 47 220.79046066041582 165.6946596004892 137.85120260905015
1522 1165 36 182.1265655899802 169.79301252471984 115.20435069215556
1669 1164 47 167.33183856502242 127.16469629025683 99.66938442723196
113 1163 2 170.8 167.4 166.0
462 1163 16 180.41324921135646 164.27129337539432 115.75078864353311
114 1160 2 177.8 175.20000000000002 172.60000000000002
2048 1160 16 194.82334384858044 152.6813880126183 115.67192429022082
1584 1157 19 181.3766578249337 169.08753315649867 115.18302387267904
853 1157 10 225.8849557522124 167.42477876106196 122.57522123893806
337 1157 53 178.45902150202554 162.62231224680585 113.80835151137425
786 1155 48 224.842906047927 163.4488398630658 117.1407379231647
417 1152 20 110.36507936507937 154.13378684807256 124.06575963718821
1171 1151 42 180.0484446710862 165.42784293727692 115.12952575216727
996 1152 22 196.53308128544424 151.10018903591683 113.3421550094518
609 1147 20 180.82086167800455 164.94784580498867 116.68480725623583
1990 1144 42 194.6032636409995 151.80724120346764 113.93982661907191
1058 1144 37 196.38167435728408 151.3816743572841 113.68160843770599
2092 1142 28 195.57713651498335 152.6126526082131 115.05549389567148
1740 1138 25 168.57263751763045 128.3088857545839 100.6953455571227
920 1133 56 225.2063448275862 164.2281379310345 118.16634482758622
711 1132 18 225.71352785145888 164.27055702917772 117.55437665782493
1446 1132 37 109.55438365194462 158.70797626895185 126.08305866842451
1801 1131 28 195.56270810210876 153.19866814650388 114.73029966703663
2048 1129 15 165.9407114624506 126.50592885375494 100.7588932806324
1113 1126 15 111.96047430830039 156.67193675889328 125.90513833992094
1258 1123 41 238.4676185619582 119.63131055583887 107.4349821519633
1318 1119 12 222.38255033557047 164.59060402684563 120.01342281879194
845 1118 11 224.4295302013423 166.60402684563758 123.25503355704697
1886 1117 52 195.38887037654115 152.89936687770742 114.24791736087971
655 1109 28 179.22641509433961 163.22308546059935 114.87347391786903
1989 1100 16 174.9148264984227 150.16403785488959 107.5205047318612
473 1100 43 179.66996699669966 163.7963224893918 113.8057520037718
402 1099 20 179.3356009070295 163.4421768707483 113.92743764172336
1660 1098 14 168.4720812182741 128.43147208121826 101.27411167512689
1601 1096 40 180.8494143892917 168.94924707194647 114.25264919129951
1151 1090 16 180.62145110410094 166.12933753943219 116.28391167192429
1515 1090 39 134.8148820326679 180.24803387779795 136.14216575922566
1699 1084 17 192.18296529968453 150.41955835962145 113.17665615141955
365 1085 16 179.64984227129338 164.1167192429022 115.50788643533123
1821 1082 14 194.9238578680203 153.25380710659897 114.6446700507614
1013 1082 39 109.67029643073201 155.5964912280702 124.83061101028434
1401 1079 25 109.80677009873061 159.23131170662904 126.29901269393511
1089 1079 33 136.63007159904535 178.62529832935562 136.26173428798728
577 1078 47 179.7509172441908 163.60701182225847 114.67468406033429
2084 1067 46 180.87851610273134 168.51121076233184 115.36119037912759
318 1066 28 177.80688124306326 162.52497225305217 113.13762486126527
899 1064 11 223.7986577181208 165.55704697986576 122.47651006711409
1261 1062 15 223.42687747035572 164.72727272727272 118.88537549407114
1989 1062 41 180.0754716981132 167.78582355940847 114.29168791432943
1201 1061 38 224.1554748941319 164.83303085299457 119.05142165759227
951 1056 21 146.53497164461248 142.55009451795843 132.59735349716448
651 1056 17 224.00946372239747 162.82334384858044 117.60883280757098
1759 1054 45 194.59065093927478 152.09261686325905 113.79379641764963
731 1054 56 225.20386206896552 163.60772413793103 117.7136551724138
835 1053 43 239.31023102310232 118.16454502593116 106.46581801037246
1452 1050 27 135.2107904642409 179.6737766624843 136.6022584692597
1331 1050 50 224.03119461183977 165.95108117688764 119.88550159517901
1140 1048 15 110.97233201581027 157.04347826086956 126.15415019762845
1841 1043 28 109.34295227524973 160.0721420643729 126.44284128745838
320 1038 14 132.18274111675126 145.55837563451774 108.67005076142131
1565 1031 30 108.90188305252725 160.08820614469772 126.38652130822597
1508 1032 13 111.30456852791878 159.0659898477157 127.12690355329948
1913 1029 34 181.51551312649167 169.08830548926016 114.77088305489261
493 1027 27 178.3375156838143 161.87327478042658 113.5759096612296
404 1027 48 179.33586915176875 163.66298972993533 114.18333967287943
905 1027 23 168.8352365415987 125.35399673735726 98.3099510603589
1038 1025 18 169.45623342175065 125.80371352785146 98.57824933687002
1256 1020 21 238.8865784499055 120.14177693761815 107.89981096408317
548 1020 16 223.5141955835962 163.25867507886434 118.09779179810725
2037 1018 16 180.17981072555204 167.6813880126183 116.24290220820188
1660 1017 52 194.6717760746418 152.31056314561812 114.09630123292236
659 1015 15 238.8181818181818 119.83399209486166 108.0395256916996
322 1012 28 109.41065482796893 151.94450610432852 121.74361820199778
1756 1009 13 192.50761421319797 148.1776649746193 109.88324873096445
1807 1005 14 179.6751269035533 167.10659898477155 114.7715736040609
1177 1001 20 224.40362811791383 165.20634920634922 119.30839002267574
612 997 39 225.61887477313977 163.79733817301877 117.61282516636419
1097 991 46 220.74643293925806 163.37056665307787 136.42519364044028
798 992 24 225.64763458401305 164.26590538336052 118.23327895595433
1415 988 37 179.91957811470004 167.08108108108107 113.90573500329597
1362 986 12 222.27516778523488 165.6778523489933 121.55704697986577
973 983 48 145.29745150247243 141.46937999239256 132.0038037276531
2077 980 35 223.34668608885653 166.18062636562274 120.25345957756738
751 977 17 238.99053627760253 118.10094637223975 106.64668769716089
1998 975 37 223.46275543836518 165.82729070533946 119.45945945945945
1503 973 41 134.50433452320246 179.05099439061703 136.01988781234064
1930 970 23 238.5073409461664 122.10440456769985 109.15823817292006
1229 965 38 223.80762250453722 164.99818511796735 119.50877192982458
1037 963 15 112.17391304347825 155.68379446640316 125.74308300395256
1753 961 47 223.14268242967793 165.6807990216062 119.65144720750102
1856 961 47 223.55768446799837 166.7297187117815 120.3958418263351
693 961 38 225.5414398064126 164.03629764065337 118.18995765275258
431 959 23 238.18760195758566 117.79282218597064 106.12071778140294
866 958 47 197.2364451691806 151.556461475744 113.63554830819405
1592 954 39 145.35087719298247 143.99032062915913 132.04174228675137
363 949 37 224.1812788398154 164.2623599208965 118.44825313117995
516 947 53 239.0143346837021 117.30476784044873 106.14397008413836
1318 945 42 223.59204487506375 164.6894441611423 118.83426823049466
1680 942 20 223.00226757369614 165.19274376417235 119.11111111111111
1165 940 22 225.03780718336483 165.9546313799622 120.30434782608695
430 938 14 212.3705583756345 119.55329949238578 99.28426395939086
1447 933 21 179.8960302457467 167.08317580340264 115.09262759924385
1383 933 23 110.13703099510604 158.0456769983687 126.00163132137031
1011 926 16 135.9179810725552 176.391167192429 135.18927444794951
1063 925 22 225.04158790170132 164.29111531190927 117.79395085066163
1643 922 12 221.76510067114094 165.83892617449663 121.05369127516778
615 921 31 225.18777679362267 164.04340124003542 117.97165633303808
771 907 47 197.63147166734612 151.18263350998777 112.47248267427639
1957 906 33 223.7565632458234 166.58233890214797 120.49085123309467
1187 907 11 223.36241610738256 165.1744966442953 120.40939597315436
572 906 8 224.87654320987653 168.30864197530863 127.06172839506172
1899 903 18 224.41114058355436 167.43501326259945 121.14854111405835
1814 905 14 237.33502538071065 126.41116751269034 113.02538071065989
2043 902 41 222.00407955124936 163.996940336563 118.51861295257522
1488 902 20 178.80952380952382 166.4716553287982 114.2358276643991
428 902 37 223.4983520105471 162.82597231377719 117.54911008569545
839 901 13 169.4517766497462 126.06598984771573 99.1725888324873
1354 900 14 113.28426395939086 154.64467005076142 125.80203045685278
957 892 39 144.46763460375078 140.62552934059286 131.47428917120388
369 891 14 223.96446700507613 164.4517766497462 119.73096446700507
1608 891 21 237.30812854442345 121.1398865784499 109.02835538752363
894 888 15 196.3794466403162 151.12648221343872 114.03162055335967
1038 883 15 237.96442687747034 119.9486166007905 109.03162055335967
1540 879 38 167.8832425892317 127.2583182093164 99.93466424682397
1236 876 43 239.1909476661952 120.3936822253654 108.38943894389439
480 873 20 196.3514739229025 149.90702947845804 111.77551020408164
1769 872 36 238.54119973632166 120.59657218193803 108.2399472643375
1122 871 51 224.62545818060647 164.69276907697434 119.22359213595469
1680 867 46 223.41581736649002 165.73909498573175 119.7635548308194
607 866 12 195.63758389261744 150.53020134228188 113.97315436241611
766 860 15 169.20158102766797 127.29249011857706 97.00395256916995
1929 859 16 224.28706624605678 167.9589905362776 122.35015772870662
1321 858 34 238.03500397772476 119.68178202068417 107.76690533015116
682 859 52 168.1476174608464 123.95901366211264 96.40253248917028
1422 855 52 179.0816394535155 166.07564145284906 114.13295568143953
1179 851 12 116.54362416107382 155.2281879194631 125.41610738255034
382 851 23 222.50407830342579 162.77977161500817 117.63295269168027
545 849 43 196.37435172088638 150.62942008486561 112.91702027345592
763 842 22 161.2022684310019 120.03213610586012 93.52930056710775
1861 841 47 223.58173664900121 166.15165103954342 120.11903791275988
1598 833 28 216.81576026637072 162.3684794672586 135.34406215316315
1499 830 18 144.946949602122 143.17771883289123 131.67904509283818
844 829 52 196.49383538820393 150.36254581806065 112.33322225924692
609 827 18 195.81167108753314 149.9230769230769 112.17241379310344
1730 826 12 222.84563758389262 166.91275167785236 122.14765100671141
1016 825 42 218.96277409484958 160.3401325854156 134.37888832228455
1992 821 52 223.7960679773409 166.37487504165279 120.53782072642453
932 818 28 196.97780244173143 151.46836847946727 113.92563817980023
1647 810 12 223.4429530201342 166.98657718120805 121.63758389261744
447 801 54 195.5194764724213 150.1093798691181 112.39918977874727
1479 798 15 143.45454545454544 141.76679841897231 130.6086956521739
1090 795 21 219.35160680529302 161.9413988657845 136.1758034026465
1182 792 34 179.50039777247414 164.8623707239459 115.28639618138425
1692 791 26 223.96863237139272 166.1806775407779 119.9134253450439
524 792 12 197.0 152.50335570469798 115.75838926174497
1273 786 48 222.5899581589958 163.6078356789654 118.21985545834919
702 784 13 197.88324873096445 151.50761421319797 113.53299492385786
562 783 17 196.6372239747634 150.81703470031545 113.0031545741325
1914 782 27 223.96110414052697 166.08531994981178 119.68506900878293
903 779 12 196.68456375838926 151.80536912751677 115.51006711409396
1537 775 41 143.47577766445693 141.76542580316166 130.4263131055584
1364 775 34 179.4892601431981 166.46459824980113 114.80747812251393
758 776 34 196.8480509148767 151.07955449482895 113.38265712012729
1775 774 50 223.85466146756468 166.61751152073734 120.54945054945055
1426 775 15 177.48616600790513 165.20158102766797 114.13043478260869
816 768 8 198.4320987654321 154.28395061728395 118.44444444444444
1953 760 10 222.4513274336283 166.78761061946904 123.36283185840708
1857 759 28 223.6281908990011 165.88013318534962 119.73806881243064
1466 759 19 143.6153846153846 141.973474801061 130.68700265251988
1633 755 38 222.21778584392015 164.5468844525106 119.1663641863279
633 755 52 195.69443518827057 149.80773075641454 112.1789403532156
1048 751 29 111.17425083240843 157.61820199778026 126.51387347391787
1980 741 18 222.63925729442968 165.3846153846154 120.75331564986737
968 740 46 238.42193232776194 117.8544639217285 106.82266612311456
525 739 39 167.70356926799758 124.35753176043558 97.00181488203268
804 738 20 196.9637188208617 150.89115646258503 112.9297052154195
869 736 36 196.18984838497033 150.33487145682267 112.7798286090969
1124 733 42 134.4982151963284 176.19785823559408 135.06935237123918
1416 731 27 134.05144291091594 177.48306148055207 135.46800501882058
765 729 9 198.19753086419752 153.91358024691357 118.12345679012346
1206 723 31 216.75022143489815 159.89991142604075 134.04340124003542
1705 720 33 221.7239459029435 164.69371519490852 119.24025457438346
1342 719 18 111.22015915119363 159.20689655172413 127.28116710875331
715 717 28 195.78690344062153 149.0943396226415 111.27192008879024
1029 708 13 222.88324873096445 164.23857868020303 119.76649746192892
829 706 9 196.48148148148147 153.1358024691358 117.92592592592592
576 706 12 196.40939597315435 151.80536912751677 115.26845637583892
1765 704 13 237.1928934010152 122.96446700507613 110.02538071065989
1491 703 35 142.55134741442097 140.9155134741442 130.0640932265113
675 701 10 197.3716814159292 152.43362831858406 115.88495575221239
1919 699 49 223.22518067706352 166.10346139216432 120.63978699125143
466 698 20 194.89342403628117 150.2154195011338 113.27437641723357
1827 695 38 222.58923169993952 165.34724742891714 119.44162129461586
1071 693 21 176.26843100189038 161.55009451795843 113.33270321361059
1283 688 46 216.4044027721158 159.57969832857725 133.39217284957195
914 685 20 237.47619047619048 116.99092970521542 106.31746031746032
1573 682 39 194.39080459770116 151.60919540229887 114.28735632183908
601 679 21 195.03402646502835 149.86578449905483 112.49905482041588
1168 676 18 134.56763925729442 176.16976127320953 134.80636604774534
857 675 20 195.0793650793651 149.5827664399093 112.4671201814059
730 672 8 187.11111111111111 145.76543209876542 115.53086419753086
718 673 12 160.8724832214765 120.13422818791946 94.73825503355704
955 671 18 223.2705570291777 163.45888594164455 118.71883289124668
1378 669 38 112.36781609195403 162.35632183908046 129.1252268602541
780 668 48 195.5580068467098 149.43895017116776 111.86686953214151
1524 665 12 168.70469798657717 128.8791946308725 102.75167785234899
1220 663 19 238.01856763925727 121.56233421750663 109.6498673740053
1442 661 21 112.65028355387524 162.7750472589792 129.36862003780718
1660 653 40 180.5856107083101 167.71946458449526 115.6190741773564
662 652 37 196.64864864864865 150.977587343441 113.07646671061305
1013 650 38 177.77797943133697 162.36116152450091 114.38656987295826
533 649 43 195.73173031588874 150.63554926921265 113.22442244224422
1326 646 11 115.11409395973155 159.88590604026845 128.6979865771812
1758 639 48 179.8733358691518 167.00152149106125 115.01331304678585
1489 634 22 195.24952741020795 152.54253308128546 115.03213610586012
1602 631 11 196.6778523489933 155.248322147651 119.0
603 630 20 195.01814058956916 149.70521541950114 112.67120181405896
1191 629 18 223.02917771883287 165.0185676392573 120.15119363395225
1291 625 12 216.1006711409396 161.25503355704697 135.6979865771812
1112 625 51 177.84138620459848 163.16527824058647 113.8437187604132
969 620 12 222.74496644295303 165.61073825503357 121.39597315436241
1857 619 39 111.36237144585603 161.32909860859044 128.03811252268605
1243 611 30 237.53320118929634 120.58969276511397 108.51833498513379
900 609 54 222.68837644125895 162.6992832658149 117.2679962605173
1044 605 10 182.38053097345133 166.38938053097345 119.70796460176992
1697 602 17 180.06940063091483 167.397476340694 116.23028391167192
721 603 29 195.3118756936737 149.9811320754717 113.03440621531632
774 600 12 195.8926174496644 151.31543624161074 114.99328859060402
818 592 21 237.47826086956522 117.8960302457467 106.65406427221173
1450 590 41 178.44926058133606 164.9209586945436 114.02804691483938
1633 588 18 195.76923076923075 152.9389920424403 115.48275862068965
1800 587 18 113.60212201591511 162.78249336870024 129.6392572944297
1549 586 52 196.15794735088303 153.03932022659114 114.96067977340887
560 586 20 197.702947845805 152.3560090702948 114.80045351473923
1733 574 16 179.38485804416402 166.7981072555205 115.29652996845425
1348 574 52 179.09430189936688 165.23425524825058 114.90636454515162
1260 569 9 233.8148148148148 122.69135802469135 110.80246913580247
1068 567 14 113.28426395939086 156.9441624365482 126.90355329949237
632 558 52 195.65711429523492 150.08497167610795 112.54215261579473
1836 557 19 180.41114058355436 168.16180371352783 115.86472148541114
999 557 47 178.26538931920098 162.66775377089277 114.62372604973501
1124 555 12 180.04026845637583 164.93288590604027 117.57718120805369
1618 552 12 196.46308724832215 154.37583892617448 117.25503355704697
1190 552 45 223.69943206640454 166.23984272608126 120.8348623853211
703 548 11 196.71140939597316 153.06711409395973 117.67114093959731
1674 537 37 196.1951219512195 153.2584047462096 114.95187870797626
1486 537 19 196.83819628647214 153.41379310344826 115.6710875331565
857 538 24 223.56769983686786 164.93800978792822 119.73083197389886
775 531 49 221.608596424496 162.17192848992013 117.20844427538988
1771 528 41 180.66802651708312 167.8388577256502 114.67465578786334
1271 520 36 222.70929466051416 165.01186552406062 119.97956493078443
1599 516 31 168.72542072630648 127.84410983170949 100.60407440212578
920 504 39 178.1143375680581 162.07924984875984 114.03569267997581
1474 503 10 198.10619469026548 156.01769911504425 119.28318584070796
1096 503 41 179.07649158592557 163.72259051504335 114.75624681285059
1215 495 12 222.4295302013423 166.06040268456374 121.40939597315436
1415 494 45 179.21406727828747 165.0419397116645 114.76714722586283
834 494 19 114.25198938992042 157.17241379310343 127.09018567639257
1035 488 16 179.1514195583596 163.47318611987382 116.03470031545741
1644 485 14 195.95431472081216 153.76142131979694 116.78680203045684
694 484 38 222.12341197822144 162.97882637628555 118.41742286751362
1525 483 39 196.35087719298247 153.09618874773142 115.15486993345434
1335 481 29 178.56936736958934 164.34739178690344 115.02552719200888
1169 480 22 239.08695652173913 122.63516068052931 109.4366729678639
986 476 26 177.22961104140526 161.42659974905897 114.61104140526976
1697 463 36 196.3441001977587 153.76664469347395 115.75543836519445
1467 455 17 196.41640378548897 152.8391167192429 115.45741324921136
1370 447 12 178.36241610738256 164.04026845637583 115.74496644295301
777 441 36 221.67172050098878 162.6044825313118 117.81872116018457
1312 434 18 115.62068965517241 162.71618037135278 130.50928381962865
1133 432 35 223.15877640203934 165.18062636562274 120.23889293517844
1611 430 48 168.37010270064664 127.2130087485736 99.60669456066945
1237 426 54 223.0629479588657 165.442817076971 120.42380803988782
1439 425 23 178.3458401305057 164.54649265905385 114.43882544861339
869 424 53 113.59925210345902 158.35525085696477 127.60704269242754
961 423 24 178.2414355628059 162.61827079934747 115.23980424143556
1040 411 48 178.83948269303917 163.23392925066565 114.91137314568277
1309 395 14 179.75126903553297 164.71573604060913 116.11167512690355
1507 390 51 196.6291236254582 153.22625791402865 115.50983005664779
1376 383 47 178.7015898899307 164.13493681206685 114.95352629433347
1101 379 13 223.3451776649746 167.47715736040607 124.11167512690355
959 359 35 178.05899490167516 162.2301529497451 114.79606700655499
909 356 11 180.66442953020135 164.93959731543623 120.15436241610738
1437 353 21 114.39319470699434 161.8374291115312 129.88468809073726
1235 351 13 222.41116751269033 166.27918781725887 122.64974619289339
1159 341 52 238.91869376874376 122.0439853382206 109.60246584471842
1020 337 21 178.39697542533082 162.66540642722117 115.351606805293
1291 336 38 222.93587416817908 166.1542649727768 121.5837870538415
1075 330 29 178.32186459489458 162.56492785793563 115.42730299667036
1400 321 10 178.43362831858406 164.16814159292036 117.8141592920354
1348 318 15 180.24505928853753 165.48616600790513 117.58102766798419
1234 314 18 222.24137931034483 165.83289124668434 121.6286472148541
1201 105 2 168.20000000000002 165.4 166.0
