1210 2277 3 134.0 127.15384615384616 129.23076923076923
1211 2269 4 142.30769230769232 134.92307692307693 133.84615384615384
1199 2113 21 184.0170132325142 173.48393194706995 118.17391304347827
1258 2104 28 156.0788013318535 152.46392896781353 111.35627081021087
1325 2101 24 136.2610114192496 136.70799347471453 100.5562805872757
1124 2094 35 136.89876183539695 137.41733430444285 101.64457392571013
1037 2092 22 156.25330812854443 152.42722117202268 111.11531190926276
1448 2092 14 183.746192893401 173.05076142131978 119.23350253807105
1200 2091 10 156.69911504424778 151.99115044247787 110.53097345132743
1387 2090 32 136.1142604074402 136.72719220549158 101.53675819309123
904 2069 18 155.79575596816974 151.72944297082228 112.02652519893898
976 2065 42 184.00101988781236 174.14380418154005 117.63335033146355
1073 2054 19 136.3236074270557 136.89655172413794 100.80371352785146
840 2052 13 156.4213197969543 151.86802030456852 112.34517766497461
1032 2039 17 154.2776025236593 150.72870662460568 110.43533123028391
1411 2037 16 157.13249211356467 152.4353312302839 112.21451104100946
1309 2036 38 184.92982456140354 173.9231699939504 117.57108287961283
1202 2037 51 135.7940686437854 136.34488503832057 100.60646451182939
1488 2034 52 156.85471509496836 152.3762079306898 111.11596134621793
1369 2033 18 185.42440318302386 174.69230769230768 118.9840848806366
1122 2032 21 185.4820415879017 174.7977315689981 118.58790170132326
811 2014 24 134.3931484502447 134.884176182708 99.8515497553018
882 2014 37 154.38233355306525 150.76994067237968 110.15754779169413
1075 2010 18 185.16445623342173 174.82758620689654 118.6657824933687
1592 2002 38 185.2571082879613 173.95039322444043 118.37447065940715
771 2001 16 183.89274447949526 173.34069400630915 118.13564668769716
1348 1998 12 161.1275167785235 155.7718120805369 115.83221476510067
1007 1995 29 135.79911209766925 136.34295227524973 100.86792452830188
950 1995 22 137.1663516068053 137.4858223062382 101.36105860113422
1266 1992 19 184.65782493368698 173.67904509283818 117.57029177718832
1139 1985 18 138.68965517241378 138.80371352785144 103.71352785145888
1658 1982 28 137.1054384017758 137.12319644839067 102.02219755826859
1399 1976 37 157.68226763348713 153.0184574818721 111.9314436387607
719 1973 28 135.6881243063263 136.27524972253053 101.06215316315206
1317 1965 26 157.84943538268504 153.3939774153074 112.38519447929735
1205 1960 15 159.2094861660079 154.38339920948616 113.40316205533595
866 1957 20 183.5827664399093 173.1746031746032 117.76643990929705
1533 1955 17 136.33438485804416 136.21135646687696 101.66561514195584
1074 1953 35 157.1609613983977 153.35178441369266 111.83831026948289
800 1951 32 136.46412754650135 136.75465013286095 101.20106288751107
1583 1950 12 186.78523489932886 174.7986577181208 120.24161073825503
1741 1941 13 139.746192893401 138.48730964467003 105.68527918781724
1012 1938 18 156.88859416445624 152.05305039787797 111.6816976127321
1623 1936 24 158.58401305057097 153.65742251223492 112.33768352365416
1471 1933 33 137.09466984884648 137.05727923627686 101.68973747016707
1255 1931 34 138.06603023070804 138.1599045346062 102.10819411296738
1352 1930 17 158.90851735015772 154.50788643533122 113.75078864353311
666 1924 36 156.89189189189187 152.8556361239288 111.8457481872116
1688 1920 32 137.6873339238264 137.5465013286094 102.4517271922055
1165 1921 38 186.26376285541443 175.4071385359952 118.41863278886873
938 1918 53 186.31754440635711 175.13430975381738 118.24555936428794
744 1916 23 186.38336052202285 175.8042414355628 119.4437194127243
849 1914 17 136.8391167192429 136.77287066246058 101.96845425867508
1403 1914 21 186.1209829867675 174.70510396975425 119.3648393194707
1314 1910 21 157.9867674858223 153.765595463138 112.21550094517958
622 1906 12 183.91946308724832 173.40268456375838 118.95302013422818
1560 1898 38 158.1772534785239 153.58983666061707 112.45311554748942
1082 1898 12 158.51677852348993 153.61744966442953 112.77852348993288
622 1892 6 182.6326530612245 175.36734693877548 135.7142857142857
786 1891 23 156.06199021207178 151.87765089722677 110.74714518760196
1772 1888 37 186.1404087013843 175.0145023071852 119.38562953197099
1357 1888 19 157.10610079575596 152.3342175066313 112.6710875331565
1219 1880 21 137.20793950850663 137.39508506616258 102.19659735349717
1496 1878 20 138.55102040816328 138.18140589569163 103.23809523809524
1637 1877 26 186.6775407779172 175.60853199498118 119.51568381430363
1030 1877 39 138.8699334543255 138.75922565033275 101.85299455535392
1117 1870 20 185.72108843537416 175.2154195011338 118.62358276643991
1433 1858 38 157.2117362371446 152.70114942528735 111.87598306110104
1688 1855 23 157.8482871125612 153.2267536704731 112.65089722675367
722 1854 38 185.85541439806414 175.0278281911676 118.68542044767091
846 1852 37 157.5036255767963 152.79433091628212 111.45484508899142
972 1850 16 186.2365930599369 175.05362776025237 119.8359621451104
790 1848 11 187.4228187919463 176.51006711409394 122.2751677852349
1283 1847 41 185.86384497705254 174.76950535441102 118.73329933707294
553 1846 15 186.00395256916994 174.17786561264822 120.41106719367588
622 1839 48 185.494484594903 174.54659566375048 118.43400532521872
1583 1837 18 139.21220159151193 138.3580901856764 103.08488063660477
1364 1834 25 137.82228490832156 137.6290550070522 102.12552891396332
1082 1833 16 138.98422712933754 138.53312302839117 104.00946372239747
918 1834 20 139.63718820861678 139.13151927437642 103.80725623582767
1170 1821 50 158.3778801843318 153.7830556540234 111.77951081176887
1739 1814 34 157.0922832140016 152.54733492442324 111.38504375497216
1044 1809 19 187.25198938992042 176.20159151193633 119.78779840848806
1833 1805 51 137.58147284238586 137.97534155281573 102.52682439186938
1640 1805 38 157.0701754385965 152.97882637628555 111.82456140350878
1519 1804 51 186.41586137954016 175.22959013662114 119.10929690103299
1447 1799 14 188.48730964467003 177.2741116751269 120.81218274111674
1108 1798 17 187.60567823343848 176.66876971608832 120.5173501577287
980 1799 34 158.18536197295148 153.38663484486875 112.25536992840097
861 1795 16 187.58990536277602 176.41009463722398 119.4384858044164
523 1794 36 135.96901779828607 135.7112722478576 101.02900461437046
789 1793 32 138.9893711248893 138.93356953055803 103.05491585473871
730 1792 14 140.32487309644668 139.76142131979694 105.20812182741116
683 1792 20 140.02267573696145 139.89569160997732 104.46258503401361
1398 1791 23 157.93148450244698 153.23980424143556 112.77814029363785
1331 1779 35 159.14348142753096 154.25273124544793 112.93445010924982
910 1775 29 139.472807991121 138.81465038845727 103.23196448390678
1772 1772 12 187.7986577181208 176.92617449664428 123.03355704697987
1260 1770 27 139.59598494353827 139.27603513174404 103.96486825595984
1065 1768 21 190.60491493383742 125.68998109640832 115.18525519848771
1905 1768 20 157.1700680272109 152.47619047619048 113.19501133786848
1127 1764 21 220.30812854442345 164.52362948960302 135.64083175803404
652 1760 14 156.65482233502536 152.44162436548223 113.37563451776649
1584 1758 24 138.71615008156607 138.9477977161501 103.76182707993475
476 1759 16 184.07570977917982 172.76971608832807 119.93059936908517
1739 1757 14 187.243654822335 176.5431472081218 121.10152284263958
1693 1757 25 184.62764456981665 174.03526093088857 118.99153737658673
704 1757 16 185.60567823343848 174.45741324921136 120.04416403785488
959 1754 14 221.8984771573604 165.93401015228426 136.2233502538071
1205 1752 21 191.23629489603024 125.94706994328922 115.78638941398866
740 1750 21 158.16257088846882 153.3251417769376 112.3194706994329
1443 1745 29 138.28523862375138 138.52386237513875 103.31409544950056
590 1745 39 156.61403508771932 152.27828191167575 111.65335753176045
1389 1741 23 186.96411092985318 175.8874388254486 119.58564437194127
797 1741 16 187.75078864353313 175.84858044164037 120.63091482649843
1639 1740 20 138.0 138.1156462585034 103.02040816326532
859 1734 37 185.64469347396175 174.13711272247855 118.69808833223466
1013 1728 38 222.01996370235938 164.39261947973384 134.8354506957048
1505 1727 21 159.16446124763706 154.36862003780718 113.43289224952741
1305 1724 18 191.2917771883289 125.90716180371352 116.05039787798408
515 1724 29 136.09544950055493 136.05882352941177 101.18645948945615
1937 1723 23 137.38662316476348 137.50081566068516 103.51386623164764
1732 1722 13 186.3959390862944 175.75634517766497 121.25380710659897
1555 1721 21 187.13421550094517 176.13232514177693 120.04347826086956
1782 1718 34 137.090692124105 137.31742243436756 101.81304693715195
1090 1714 31 192.45881310894598 126.46235606731621 115.68024800708592
1871 1711 37 185.74884640738298 175.18391562294 119.80487804878048
1162 1709 33 191.90612569610184 126.59904534606206 116.3054892601432
455 1706 19 156.40583554376656 151.79045092838194 111.61803713527851
930 1704 34 191.14797136038186 125.53540175019889 115.22354813046938
1246 1702 38 221.32244404113735 164.1433756805808 134.84271022383547
671 1702 38 137.58862673926197 137.46521476104056 102.21052631578948
1682 1696 33 156.6793953858393 152.76054097056485 112.09148766905331
1420 1696 18 138.47214854111405 138.19098143236073 103.55968169761273
1617 1693 22 138.85822306238185 138.93005671077506 103.81285444234405
616 1688 12 184.8926174496644 173.3020134228188 120.90604026845638
1306 1685 17 221.2744479495268 164.15457413249212 134.85173501577287
1734 1685 14 138.01522842639594 137.69035532994923 103.34517766497461
562 1683 18 137.09814323607426 136.74005305039788 101.78779840848806
1982 1683 19 185.70026525198938 175.0026525198939 119.51989389920423
1362 1680 34 191.98647573587908 126.31264916467781 115.93317422434369
1043 1673 13 160.53807106598984 155.3451776649746 113.75634517766497
762 1671 51 157.44718427190938 152.6284571809397 112.05364878373875
1822 1671 13 140.74111675126903 139.82741116751268 106.33502538071065
984 1670 21 226.6086956521739 174.47826086956522 129.72589792060492
1569 1666 29 186.79578246392896 176.28412874583796 119.95227524972253
1476 1661 38 140.7447065940714 140.77253478523897 104.2679975801573
1927 1659 32 155.88219663418954 152.348095659876 112.15854738706821
434 1658 25 136.15232722143864 136.24541607898448 102.04090267983075
861 1655 35 190.73852876911872 125.37363437727605 115.28113619810634
510 1652 34 184.29116945107398 172.95863166268896 118.26889419252188
1097 1652 29 186.7136514983352 176.22419533851277 119.32630410654828
1185 1651 21 140.03024574669186 139.95841209829868 104.05671077504726
1775 1647 32 156.24800708591675 152.04960141718334 111.26306465899026
1143 1648 15 143.5810276679842 142.9169960474308 106.83003952569169
1415 1642 21 220.94328922495274 164.63137996219282 135.23629489603024
695 1642 20 184.64625850340136 172.8639455782313 118.82539682539682
625 1641 31 186.7422497785651 175.37555358724535 119.15677590788309
563 1640 14 158.08121827411165 152.73604060913704 112.73096446700507
1287 1639 21 192.17769376181474 126.89792060491494 115.9905482041588
1714 1638 26 185.39021329987452 174.58343789209533 118.91844416562107
937 1635 24 183.07504078303427 133.6590538336052 103.35725938009789
1236 1634 22 157.88846880907371 153.80907372400756 112.50283553875236
2003 1626 38 184.92619479733818 174.60919540229887 119.36297640653359
1635 1625 40 137.86781929726715 138.09481316229784 102.21416620189628
405 1624 17 186.77602523659306 175.1955835962145 120.29968454258675
1309 1609 9 189.59259259259258 176.87654320987653 125.22222222222221
1356 1607 37 221.8892551087673 164.61964403427817 135.1265655899802
1199 1602 23 186.9347471451876 177.03588907014682 119.1468189233279
1019 1599 51 139.32489170276574 139.3698767077641 102.91702765744752
686 1599 16 186.45110410094637 175.10094637223975 120.24921135646687
1857 1597 51 185.7037654115295 175.41852715761414 119.1569476841053
888 1595 26 226.23462986198243 173.9962358845671 129.49435382685067
1938 1594 25 137.61495063469675 138.2270803949224 103.06064880112835
1802 1594 9 185.61728395061726 176.20987654320987 121.1111111111111
1130 1594 33 157.9705648369133 154.28878281622912 112.51789976133652
818 1594 36 220.98549769281476 163.8332234673698 134.31048121292022
1786 1592 14 183.50761421319797 173.03553299492384 118.83756345177665
1737 1591 20 141.1904761904762 141.0544217687075 105.6734693877551
640 1586 17 138.403785488959 137.2744479495268 102.24290220820188
1443 1584 37 192.9063941990771 127.21028345418588 116.37969676994067
940 1584 19 157.2864721485411 152.9575596816976 112.48806366047745
1543 1583 52 157.8330556481173 153.82839053648783 112.49516827724092
458 1583 39 156.0635208711434 151.42468239564428 111.45372050816698
1688 1582 21 138.23629489603024 138.66351606805293 103.06049149338375
739 1582 33 137.56722354813047 137.65234685759745 102.54097056483691
2047 1576 20 157.0793650793651 152.8798185941043 113.281179138322
562 1571 51 135.37587470843053 135.7237587470843 100.38287237587471
376 1566 36 135.48450889914304 135.681608437706 100.80355965721819
1266 1560 48 187.04868771395968 176.85431723088627 119.09281095473564
1181 1556 18 138.9840848806366 139.19893899204243 102.78779840848806
1392 1553 16 194.13249211356467 129.66561514195584 118.90536277602523
1644 1552 26 185.07653701380175 174.70765370138017 118.71518193224591
673 1551 25 157.48236953455572 153.10578279266574 112.94217207334273
1929 1551 13 186.50253807106597 176.4010152284264 121.90862944162436
877 1547 16 193.21135646687696 128.66561514195584 118.16403785488959
1091 1543 21 158.34782608695653 154.84499054820415 112.91682419659736
1985 1537 43 138.0985384252711 139.12682696841114 104.26308345120226
1050 1536 11 189.2214765100671 178.5436241610738 123.93288590604027
419 1536 10 158.72566371681415 152.90265486725664 115.97345132743362
1478 1535 18 193.40053050397876 128.87267904509284 118.27586206896551
1340 1536 20 139.22675736961452 139.5668934240363 103.71882086167801
1772 1534 39 156.9395039322444 153.22928009679373 112.6085904416213
1705 1533 21 185.1890359168242 174.81285444234405 119.95841209829868
839 1534 21 221.9092627599244 164.7977315689981 135.703213610586
1591 1529 12 141.2281879194631 139.8523489932886 106.6510067114094
782 1528 29 193.1054384017758 127.4284128745838 116.77358490566039
725 1524 19 188.76392572944297 177.66312997347478 120.47745358090185
628 1525 24 136.278955954323 136.652528548124 101.51386623164764
342 1524 23 182.42740619902122 171.72267536704732 118.85644371941272
2062 1524 24 184.4371941272431 173.79608482871126 119.74388254486135
931 1523 34 118.98647573587908 141.76054097056485 122.60381861575179
1436 1523 24 222.6851549755302 166.18923327895595 136.62479608482872
1200 1522 15 140.0474308300395 140.03557312252963 104.57707509881422
1891 1519 25 156.44146685472495 152.93370944992947 112.21579689703808
1004 1520 24 188.9804241435563 178.61827079934747 120.89233278955955
1381 1518 18 221.24137931034483 164.3395225464191 135.09018567639257
557 1516 9 154.35802469135803 153.82716049382717 121.59259259259258
1836 1516 17 138.42586750788644 138.74447949526814 103.73817034700315
515 1514 23 184.91027732463297 174.21044045677 119.0163132137031
453 1513 24 135.13376835236542 135.42903752039152 101.28384991843393
1146 1505 34 186.36197295147176 176.27366746221162 119.33333333333334
555 1498 17 136.23028391167193 136.50157728706625 101.87381703470031
1064 1497 25 158.36953455571228 154.98448519040903 113.47672778561353
390 1496 29 185.6270810210877 174.480577136515 119.41509433962264
1561 1496 23 186.92822185970638 175.8482871125612 120.45024469820555
1941 1494 16 184.93059936908517 174.76340694006308 119.82649842271293
1629 1494 31 157.32949512843226 153.34898139946856 112.53232949512844
881 1493 20 222.19274376417235 166.3310657596372 136.92743764172337
1688 1487 20 138.38548752834467 138.38548752834467 104.22222222222223
751 1481 24 186.72920065252856 175.75530179445352 119.66884176182708
1737 1480 13 159.13197969543145 154.40609137055836 114.5736040609137
1493 1476 35 194.5782957028405 128.73707210487984 117.98907501820831
675 1476 36 135.83981542518126 136.47066578773894 101.40936058009228
1325 1474 38 138.23835450695705 139.11736237144586 103.11736237144586
601 1470 25 156.7574047954866 152.81100141043723 111.88293370944993
2034 1470 25 135.92524682651623 136.55994358251058 102.49224259520452
1845 1468 19 136.342175066313 136.81697612732094 102.46153846153845
963 1467 21 143.46502835538752 179.1531190926276 139.47637051039698
327 1468 25 134.34555712270804 134.77574047954866 100.72778561354019
1231 1466 43 158.63413484205563 154.96746817538897 112.82932578972184
922 1467 20 119.25396825396825 141.55328798185943 122.92063492063492
454 1465 18 186.77453580901854 175.84615384615384 120.40583554376657
817 1464 37 194.46143704680287 128.78048780487805 117.91562294001318
1018 1462 22 140.17958412098298 140.69376181474482 104.73913043478261
2084 1461 19 137.3474801061008 137.6021220159151 103.87002652519894
1900 1462 25 136.81805359661496 137.53173483779972 102.98589562764457
1978 1455 31 184.8131089459699 175.03631532329496 118.59167404782994
1788 1451 34 187.24184566428005 177.3659506762132 120.31742243436754
1407 1452 41 193.9418663946966 128.84344722080573 118.12646608873024
1164 1444 18 139.57559681697612 139.69761273209548 104.14854111405835
518 1442 41 185.77460479347272 174.94390617032127 119.02396736359002
1573 1435 36 137.74555042847726 138.2498352010547 103.01120632827948
1716 1434 32 157.57838795394156 153.71124889282552 112.87511071744908
1651 1434 21 186.79395085066164 176.50661625708887 119.95274102079395
708 1430 12 160.56375838926175 155.46308724832215 114.45637583892618
1097 1427 39 138.51905626134302 139.58076225045374 103.2776769509982
626 1426 19 158.6074270557029 154.53050397877982 112.9496021220159
586 1425 18 185.77453580901854 175.47480106100795 119.38726790450927
2029 1422 15 185.5177865612648 175.2569169960474 120.7193675889328
1981 1422 10 170.46017699115043 161.2212389380531 111.5929203539823
1298 1423 18 190.342175066313 180.08753315649867 121.6498673740053
1036 1419 17 187.06624605678232 176.62145110410094 120.23659305993691
916 1418 12 143.6711409395973 178.05369127516778 138.7986577181208
760 1418 32 226.27457927369355 175.0354295837024 130.43755535872455
1930 1415 23 183.87928221859707 173.66721044045678 118.77977161500816
872 1416 26 194.16185696361353 129.04642409033877 118.1242158092848
311 1414 25 156.65444287729196 152.62341325811002 112.27785613540198
395 1411 52 157.43618793735422 153.09696767744086 112.41252915694768
1858 1407 38 156.7846339987901 152.96612220205688 111.99818511796734
1350 1404 27 186.3651191969887 176.1919698870765 119.39397741530739
976 1405 37 188.04548450889914 177.9887936717205 119.87079762689518
1984 1397 23 184.89070146818923 174.99347471451875 119.55954323001632
1178 1397 21 188.38374291115312 178.15122873345936 120.63705103969754
2083 1395 39 136.8929219600726 136.62310949788264 102.13369630973988
820 1396 24 226.79771615008158 175.115823817292 130.68841761827082
470 1395 13 137.2741116751269 136.497461928934 102.96954314720811
1684 1387 13 140.2233502538071 139.46192893401013 105.24365482233502
1483 1386 51 221.96834388537155 165.26324558480508 135.59046984338553
1287 1383 14 159.35025380710658 155.41116751269035 113.58883248730963
1231 1383 31 139.75996457041632 140.73870682019486 104.5022143489814
2022 1381 13 140.29949238578678 139.497461928934 105.88324873096445
556 1381 18 135.58090185676392 136.11671087533156 101.55172413793103
608 1380 18 137.25198938992042 137.6445623342175 102.80636604774536
1633 1374 33 158.376292760541 154.28878281622912 112.68019093078759
1397 1371 28 222.16648168701443 165.9134295227525 136.3052164261931
910 1370 20 158.30839002267575 154.61904761904762 113.88888888888889
1567 1364 26 138.34002509410288 138.8996235884567 103.60351317440401
690 1363 51 186.26391202932356 176.22059313562147 119.56847717427524
1135 1362 27 189.3237139272271 179.27478042659973 120.69259723964868
742 1357 14 171.01522842639594 142.7969543147208 103.64974619289339
505 1358 31 134.42249778565102 135.17714791851196 100.31178033658105
1756 1354 51 137.92835721426192 138.74875041652783 102.73342219260248
774 1355 33 183.49164677804296 134.79793158313444 104.18058870326173
1937 1352 34 185.9482895783612 175.91885441527447 119.63086714399364
1832 1353 14 186.5431472081218 176.1522842639594 120.43147208121826
1876 1351 16 137.7981072555205 138.11356466876973 103.58990536277602
1686 1351 14 189.1472081218274 178.3451776649746 121.38578680203045
1182 1349 21 140.73534971644614 141.5897920604915 105.17580340264651
1048 1345 50 158.5012406947891 155.28323289613613 112.8014888337469
849 1342 38 214.9491833030853 154.20810647307925 115.25529340592863
315 1343 36 133.76400791034936 134.70929466051416 99.8121292023731
448 1341 24 186.84176182707995 176.56606851549756 119.94127243066885
2101 1333 23 185.11745513866234 174.0489396411093 119.64600326264275
392 1330 20 186.43764172335602 175.4263038548753 119.53287981859411
957 1327 34 136.71439936356404 137.9085123309467 102.09069212410502
1322 1318 51 138.79006997667446 139.79140286571143 102.79340219926691
1535 1316 20 196.93650793650795 132.36961451247166 120.86848072562358
578 1316 44 157.48561999057048 154.2164073550212 112.8043375766148
1670 1314 23 187.10603588907014 176.93964110929855 119.92495921696575
2022 1314 52 156.05498167277574 151.94868377207598 111.42785738087305
902 1312 14 184.57360406091368 135.78172588832487 105.43147208121826
1234 1305 35 187.68754552075748 178.37873270211216 119.94683175528041
1608 1303 38 185.3641863278887 175.4125831820932 119.13127646702965
482 1301 22 156.882797731569 153.1209829867675 112.10396975425331
1709 1299 16 158.50157728706625 154.4479495268139 113.28706624605678
1413 1299 37 195.89980224126563 130.412656558998 119.26763348714567
1845 1297 39 185.32486388384757 175.39806412583184 119.46098003629766
648 1297 19 134.78249336870024 136.17506631299733 100.9496021220159
1481 1295 23 197.4371941272431 131.62969004893964 120.28221859706363
292 1292 16 184.08832807570977 173.9558359621451 119.82334384858044
2126 1291 15 185.498023715415 174.69169960474306 121.0197628458498
1003 1291 14 184.03553299492384 174.80710659898475 119.36548223350253
797 1290 26 160.14805520702635 156.30991217063988 114.3513174404015
1145 1287 39 159.71929824561406 156.77132486388385 113.48578342407744
435 1287 21 134.64461247637053 135.99243856332703 100.9546313799622
685 1284 13 138.6497461928934 138.60913705583755 105.31979695431471
1525 1281 15 220.46245059288535 164.699604743083 136.45059288537547
1920 1280 34 136.06443914081146 137.1686555290374 101.87669053301512
362 1278 29 156.79356270810212 153.0788013318535 112.48612652608213
1079 1274 20 138.20861678004536 139.67120181405895 103.28571428571429
522 1274 18 156.74801061007958 153.25198938992042 112.39787798408487
736 1271 34 137.41527446300717 138.74542561654735 103.07398568019093
1369 1261 12 140.90604026845637 140.6241610738255 106.53020134228187
953 1261 22 160.83553875236296 157.9092627599244 115.56899810964083
1762 1259 42 156.21366649668536 152.65170831208567 111.7577766445691
1203 1251 15 162.30039525691697 158.6798418972332 115.55731225296442
1669 1249 35 136.9825200291333 137.98616168973052 102.91842680262201
476 1248 25 186.38222849083215 176.47249647390692 119.19322990126939
316 1248 31 184.34012400354297 174.06023029229408 118.94508414526129
411 1245 18 185.05835543766577 175.03183023872677 119.77984084880636
1555 1241 26 157.3074027603513 153.80803011292346 112.66248431618568
1034 1242 36 187.0856954515491 178.4416611733685 119.82069874752801
2096 1241 34 137.8615751789976 138.0922832140016 103.0079554494829
792 1240 18 187.3183023872679 177.82758620689654 120.22281167108753
869 1238 55 226.59548254620123 176.68905837489 131.58198885303608
2042 1237 15 184.41501976284584 173.86956521739128 121.02766798418972
1609 1238 19 138.9946949602122 139.23872679045093 104.08753315649867
1867 1236 18 138.75862068965517 138.81697612732094 104.41114058355437
1957 1236 13 185.746192893401 175.5482233502538 121.5736040609137
650 1236 33 184.71599045346062 175.8337311058075 118.99602227525855
524 1233 17 186.28706624605678 177.2776025236593 120.45741324921136
1128 1233 10 141.6637168141593 141.38053097345133 106.84070796460176
1992 1231 22 138.71455576559546 138.8601134215501 103.8601134215501
1481 1231 36 195.83651944627553 131.05800922874093 119.81542518127883
576 1231 29 133.97891231964485 135.96115427302996 100.51831298557158
1342 1231 25 186.8293370944993 176.9703808180536 119.57263751763047
1266 1222 40 136.9403234802008 138.98494143892918 102.48633575013943
1822 1218 23 157.15334420880913 152.95106035889071 112.43719412724307
361 1219 20 136.91836734693877 137.2721088435374 101.92290249433107
1405 1217 37 221.45682267633487 165.3744232036915 135.85497692814764
1092 1217 22 134.9640831758034 137.36294896030248 101.63894139886578
958 1215 20 184.82539682539684 136.28344671201813 104.91383219954649
756 1207 20 135.75056689342404 137.38321995464852 101.53061224489797
487 1203 15 184.41897233201578 174.92490118577075 119.39130434782608
279 1201 13 135.28934010152284 135.93401015228426 102.48730964467005
1696 1200 13 187.96446700507613 177.3451776649746 121.10659898477157
1526 1200 11 188.49664429530202 178.14093959731542 122.95302013422818
1739 1196 18 158.03448275862067 154.3633952254642 113.41909814323607
1654 1194 16 139.05362776025237 139.26182965299685 104.03154574132492
701 1195 26 156.93224592220827 154.65119196988707 112.66624843161856
996 1194 16 227.2302839116719 179.32176656151418 134.19242902208202
1779 1191 17 139.8422712933754 139.85488958990535 104.75078864353311
1988 1188 16 155.98107255520503 151.90851735015772 112.53943217665615
535 1189 22 155.33459357277883 152.8015122873346 111.51984877126654
1177 1188 50 186.1861042183623 177.75079758950727 119.55299539170507
1917 1186 42 157.67108618052015 153.63182049974503 113.11830698623152
801 1185 21 158.53308128544424 155.62381852551985 112.87901701323251
1046 1179 17 158.46372239747635 155.88643533123027 113.39116719242902
416 1179 43 157.73597359735973 154.2909005186233 112.44224422442244
2049 1177 38 184.5977011494253 174.35087719298247 119.71445856019359
1341 1178 24 195.85807504078304 131.815660685155 120.56117455138663
2113 1175 21 134.69754253308128 134.97920604914935 100.8015122873346
1302 1167 15 186.18181818181816 176.4584980237154 120.2490118577075
1094 1166 21 136.22873345935727 138.73534971644614 102.51417769376182
922 1162 36 213.8727752142386 154.9030982201714 115.8767303889255
1493 1161 26 138.69636135508154 139.77540777917187 103.20451693851945
1436 1159 20 195.36281179138322 131.3514739229025 120.13151927437642
1584 1158 53 157.81053287628544 154.04767840448739 112.22655032720473
494 1155 24 136.23164763458402 138.38988580750407 102.60195758564437
2346 1153 2 160.8 157.0 164.60000000000002
759 1153 28 186.35627081021087 178.3274139844617 120.44062153163152
2340 1152 2 168.4 164.60000000000002 165.0
1249 1149 26 136.43161856963613 139.05018820577163 102.94730238393977
615 1150 51 135.59346884371877 137.9480173275575 101.41686104631789
1835 1148 39 137.62310949788264 138.51966122202057 103.16817906836056
1698 1146 38 187.12159709618876 176.9122807017544 120.3696309739867
138 1147 2 168.0 165.60000000000002 166.8
1769 1145 25 186.8716502115656 177.17912552891397 120.54724964739069
1383 1145 24 197.73898858075043 133.30995106035888 122.24143556280588
326 1144 52 185.40886371209598 175.69776741086307 119.16794401866045
697 1141 19 136.315649867374 138.54111405835542 103.22015915119363
1982 1136 28 135.68257491675917 136.3840177580466 101.80133185349612
1004 1132 40 184.39598438371445 136.52481873954267 105.14389291689906
849 1133 38 135.3871748336358 137.75862068965517 101.1004234724743
1075 1129 17 184.37539432176655 136.58675078864354 104.8801261829653
539 1130 19 134.79840848806364 136.77453580901857 101.07692307692307
1466 1127 12 190.248322147651 180.34228187919462 123.46979865771812
403 1126 7 190.81632653061223 181.20408163265304 128.40816326530611
2108 1125 25 184.98589562764457 174.77291960507756 119.94217207334273
1427 1114 20 138.60090702947846 139.30839002267575 103.68707482993197
453 1112 28 157.73473917869035 154.7635960044395 113.07769145394006
507 1109 13 184.8984771573604 175.4720812182741 120.2233502538071
1124 1106 38 214.98064125831823 156.3176043557169 116.48336358136721
1644 1101 22 187.19281663516068 177.52173913043478 120.39508506616258
1737 1095 20 139.15192743764172 139.58956916099774 103.69160997732426
1316 1096 52 221.50749750083307 166.36387870709763 136.39220259913364
2046 1095 37 156.07119314436386 152.47264337508238 111.8345418589321
778 1090 29 135.3762486126526 138.26415094339623 101.5937846836848
1513 1088 39 187.1760435571688 177.20810647307925 119.73805202661828
1395 1088 17 220.78548895899053 165.71293375394322 136.57413249211356
563 1083 24 186.39967373572594 178.01957585644374 120.33278955954323
1210 1083 39 195.60254083484574 132.989110707804 120.79068360556565
280 1082 14 157.14213197969542 153.5482233502538 113.8730964467005
1984 1081 15 137.68774703557312 137.8814229249012 103.06719367588933
1914 1081 54 184.99875350576502 174.98722343409162 118.97101900903708
1062 1081 29 226.3274139844617 178.53496115427302 132.79800221975583
707 1078 37 186.68820039551744 178.9400131839156 119.7139090309822
390 1075 34 156.76213206046143 153.77565632458234 112.49482895783612
1692 1073 27 136.48055207026349 137.77666248431618 102.44542032622333
2099 1073 17 137.58044164037855 137.5646687697161 104.26813880126183
1807 1071 41 157.43957164711884 153.94900560938297 112.40438551759307
1438 1067 22 197.7977315689981 133.8241965973535 121.9773156899811
923 1067 51 156.70943018993668 155.31422859046984 112.22125958013996
455 1065 12 187.35570469798657 177.56375838926175 121.5503355704698
1009 1063 21 187.2797731568998 179.54631379962194 119.9773156899811
841 1059 29 134.27413984461708 137.62930077691453 101.2708102108768
1590 1058 38 137.8548094373866 138.88384754990926 103.4549304295221
621 1055 34 156.5354017501989 154.8480509148767 112.48687350835323
504 1055 29 132.83240843507215 134.88235294117646 99.68590455049944
1165 1050 13 186.44162436548223 139.32994923857868 108.51269035532994
1064 1049 9 200.35802469135803 152.12345679012344 114.46913580246913
752 1046 14 157.64467005076142 155.6243654822335 113.38578680203045
1065 1037 13 196.56345177664974 144.49238578680203 109.21319796954315
322 1036 40 133.46179587283882 135.2983825989961 100.52370329057446
2114 1035 16 183.28391167192427 173.9179810725552 120.75078864353311
1744 1034 23 186.15008156606854 176.62642740619904 119.66068515497554
786 1034 18 157.76657824933687 155.9522546419098 113.57029177718832
321 1033 40 133.0 135.0 101.0
558 1032 18 134.11140583554376 136.52254641909815 100.87002652519894
1534 1031 13 139.59898477157358 139.25888324873097 104.99999999999999
1651 1030 22 136.7826086956522 138.08695652173913 103.49527410207939
1118 1029 29 227.36403995560488 180.11986681465038 133.58712541620423
1035 1027 18 185.13793103448276 137.920424403183 106.9867374005305
1383 1027 32 196.96811337466787 133.71302037201065 122.10008857395925
2067 1024 24 135.4910277324633 136.66394779771616 102.09135399673737
1697 1022 17 157.97476340694007 154.6750788643533 113.77602523659306
1265 1021 30 137.73339940535183 140.29831516352823 103.74529236868186
725 1019 12 138.5234899328859 140.75838926174495 106.19463087248322
2114 1018 8 154.0 147.91358024691357 107.25925925925925
1996 1018 41 137.34319224885263 138.30035696073432 102.3901070882203
1861 1019 21 155.32703213610586 151.7618147448015 111.531190926276
988 1014 17 136.06624605678232 138.96529968454257 103.01892744479495
682 1014 24 186.02446982055466 178.18760195758566 119.0
437 1013 30 134.13577799801783 136.42715559960357 101.1645193260654
386 1008 16 183.23028391167193 174.11041009463722 119.18611987381703
2115 1005 14 149.23857868020303 145.67005076142132 108.0203045685279
1549 1002 14 196.25888324873094 133.08121827411168 121.2233502538071
1923 1000 24 156.6215334420881 153.33115823817292 112.17292006525285
1327 1000 24 137.95921696574226 139.9657422512235 103.43230016313214
1809 998 21 135.91493383742912 137.28166351606805 102.02646502835539
1473 998 50 220.8922367954626 165.55760368663596 136.0184331797235
1619 997 22 186.86767485822307 177.1304347826087 120.05482041587902
1193 996 36 157.13711272247858 155.4924192485168 112.58998022412656
890 994 18 135.21750663129973 137.9787798408488 101.61273209549071
835 989 34 185.93237867939538 178.87589498806685 119.66189339697694
632 989 24 133.373572593801 136.36704730831974 100.8515497553018
759 984 29 135.92230854605992 139.03773584905662 101.90899001109878
506 981 36 184.22148978246537 175.79894528675015 118.6354647330257
574 980 28 158.29078801331855 156.02774694783574 113.44062153163152
1006 979 18 184.6392572944297 137.04509283819627 105.47480106100795
1070 971 38 226.61222020568664 178.8832425892317 132.72776769509983
1671 971 34 156.8003182179793 153.76770087509945 112.4359586316627
944 969 35 186.6409322651129 180.0480699198835 119.92498179169702
1752 967 36 187.03625576796307 177.5009887936717 120.48648648648647
1135 965 21 139.06805293005672 141.49338374291116 104.41020793950851
1863 963 30 134.78691774033697 136.68582755203172 101.57779980178394
1570 963 24 197.4257748776509 132.9673735725938 121.0326264274062
321 963 25 157.05500705218617 154.2425952045134 113.4033850493653
2080 959 30 135.28642220019822 136.82556987115956 101.91674925668978
2026 957 18 184.68435013262598 175.315649867374 119.51458885941643
1530 955 14 219.70558375634516 164.4467005076142 135.9035532994924
1808 949 18 136.0026525198939 137.50928381962865 102.315649867374
1381 949 40 157.73006134969327 155.77244841048523 113.04629113218071
1225 947 13 140.78680203045684 142.86802030456852 106.64467005076142
692 946 37 134.8780487804878 138.1727092946605 101.38167435728411
1960 945 35 185.59067734887108 176.72250546249091 120.19737800437
1290 943 37 186.93408042188528 179.4515491100857 119.86222808174027
871 940 26 135.0953575909661 138.24592220828103 101.00376411543287
626 937 20 133.91156462585033 136.59863945578232 100.39002267573696
1180 934 21 157.73156899810965 157.12854442344045 113.2570888468809
1623 933 18 135.53050397877985 136.42440318302386 102.48806366047745
400 932 51 133.73675441519495 136.13528823725426 100.08597134288571
484 926 19 185.56498673740052 177.289124668435 119.6896551724138
1899 919 21 137.2022684310019 138.5406427221172 103.02457466918715
1774 917 13 187.91878172588832 178.53807106598984 123.07614213197968
999 918 33 226.89101034208434 179.3914081145585 133.45027844073192
1448 914 19 186.08222811671087 177.68169761273208 119.88594164456232
325 912 15 134.79446640316203 136.68379446640316 103.19367588932806
1834 909 18 185.70822281167108 176.973474801061 120.53846153846153
1056 908 21 216.23629489603024 157.92060491493385 117.69943289224953
1229 906 22 157.64272211720228 157.16446124763706 113.00189035916824
1127 906 33 186.9705648369133 180.55369928400955 119.57836117740653
799 905 53 186.95481458398254 179.80741664069802 119.53599252103459
1587 901 29 221.157602663707 165.4439511653718 135.95893451720312
1506 896 41 195.92707802141766 132.45079041305456 120.74502804691484
554 894 52 157.78873708763746 155.8153948683772 112.9630123292236
1337 892 21 138.14555765595463 140.90170132325142 104.37240075614368
1183 890 15 187.5573122529644 181.17786561264822 120.52569169960474
714 888 17 157.92429022082018 156.0410094637224 114.00630914826498
913 887 38 158.10284331518451 157.19540229885058 113.14216575922566
2032 885 51 135.87804065311562 137.38620459846717 101.83972009330223
1688 878 51 136.45618127290902 138.04198600466512 101.95334888370543
467 875 27 135.26976160602257 137.96235884567125 101.97992471769133
1947 875 28 157.35072142064374 154.71476137624862 113.77136514983351
653 872 37 185.32036914963743 178.02439024390242 119.40474620962425
343 871 20 186.52607709750566 178.2517006802721 120.98185941043084
1455 870 14 187.33502538071065 178.9695431472081 121.03553299492386
1036 868 18 188.17241379310343 181.06366047745357 120.79840848806366
1790 867 35 157.75236707938822 154.93663510560816 113.19737800437
1393 866 34 136.35401750198886 139.15831344470962 102.74383452665076
1284 864 34 186.65234685759745 180.1081941129674 119.69689737470168
425 862 11 137.53020134228188 137.7718120805369 104.25503355704697
983 860 24 184.20554649265907 137.08972267536706 105.40293637846656
1872 858 39 185.91712038717486 176.95644283121598 119.90865093768906
860 857 18 187.65782493368698 180.9310344827586 120.37135278514589
1086 855 22 220.38941398865785 167.95274102079395 137.9678638941399
1135 844 22 116.73156899810964 141.593572778828 121.25141776937619
735 845 20 135.90249433106575 138.78231292517006 102.27210884353742
1609 842 26 196.07779171894603 132.10664993726473 120.435382685069
1557 842 23 220.59380097879284 165.7389885807504 136.3083197389886
1203 838 35 135.0327749453751 139.09978150036417 101.9104151493081
938 836 15 156.80237154150197 155.61660079051381 113.50592885375494
601 836 12 189.81879194630872 181.79194630872482 123.28187919463087
1471 836 17 137.19873817034699 138.9968454258675 103.93059936908517
1340 835 20 158.28571428571428 157.156462585034 113.54421768707483
913 830 8 187.20987654320987 180.5432098765432 124.58024691358024
443 828 11 185.31543624161074 177.38926174496643 121.1744966442953
1977 827 16 157.77287066246058 155.01261829652995 114.05047318611987
1927 823 17 136.79179810725552 138.41640378548897 103.44479495268139
689 822 22 157.31758034026464 155.7069943289225 113.00945179584122
1428 818 20 159.6485260770975 157.16326530612244 114.04308390022676
379 817 39 156.5220810647308 154.82093163944344 112.42952208106475
2048 812 16 185.4763406940063 176.36593059936908 120.87381703470031
1758 813 15 137.6482213438735 138.49407114624506 103.85375494071145
492 811 34 184.57677008750994 177.6650755767701 118.8090692124105
1656 807 21 186.44423440453687 177.20982986767487 120.08695652173914
1382 807 19 136.12201591511936 139.3846153846154 102.59681697612731
554 807 25 158.09026798307474 156.47531734837798 112.75881523272214
1027 806 39 193.5662431941924 132.53962492437992 120.06533575317606
1270 804 17 136.58044164037855 140.33123028391168 104.198738170347
1093 803 17 192.83596214511041 133.36908517350156 120.84542586750788
786 800 42 158.39673635900053 157.40642529321775 113.26007139214687
972 798 15 183.90118577075097 177.1897233201581 120.18577075098814
873 797 31 135.48449955713022 139.0549158547387 101.78033658104518
1817 795 30 136.02378592666005 137.85332011892962 102.65113974231913
928 793 16 133.1955835962145 137.03154574132492 100.78864353312302
1505 791 36 196.28806855636122 133.12326961107448 121.24456163480552
1467 791 12 169.993288590604 144.751677852349 110.23489932885906
1460 791 13 160.15736040609136 140.31472081218274 104.10152284263958
1147 791 28 118.07658157602664 143.1953385127636 123.15316315205328
632 790 39 185.69449485783426 178.27828191167575 119.5674531155475
1711 788 31 185.39946855624447 176.59344552701506 119.73693534100974
434 786 16 156.20820189274448 154.62776025236593 113.11356466876971
1950 785 14 185.03045685279187 176.66497461928932 121.43147208121826
2004 780 33 185.14876690533015 176.6555290373906 119.82816229116946
1892 780 32 156.5571302037201 154.11691762621788 113.32506643046945
1585 776 37 196.24060646011864 132.56427158866182 120.9314436387607
1324 771 38 186.61101028433154 180.02722323049002 119.69449485783424
1766 770 18 156.69496021220158 153.9867374005305 113.11671087533156
1649 763 14 138.58375634517765 139.62944162436548 105.1472081218274
712 762 32 135.44109831709477 138.7050487156776 101.84056687333924
517 762 15 157.81027667984188 156.03557312252963 113.43873517786561
1388 753 25 158.32016925246828 157.0394922425952 113.60225669957687
404 749 25 157.43159379407615 155.91960507757403 113.62341325811
564 746 25 134.58392101551482 137.87306064880113 101.87306064880113
1449 744 29 137.38512763596006 140.10654827968924 103.37180910099889
891 744 18 156.3633952254642 155.75331564986737 112.6684350132626
1225 744 52 157.6781072975675 157.56581139620127 113.1086304565145
956 742 34 186.55926809864758 180.70803500397773 120.14717581543358
1149 741 10 141.38938053097345 179.26548672566372 138.10619469026548
1944 740 25 185.68688293370946 177.43159379407615 120.4132581100141
468 741 26 132.3513174404015 135.85194479297365 100.11543287327477
1098 740 37 220.81147000659195 167.81740276862226 137.2722478576137
1021 738 23 221.17455138662316 168.68352365415987 137.97553017944534
838 729 35 186.48506919155136 179.8601602330663 119.84777858703569
767 726 26 134.8143036386449 138.42283563362608 102.04516938519447
1722 724 27 136.79673776662483 138.50188205771641 102.65495608531994
1890 718 21 136.0812854442344 138.34971644612477 103.44045368620039
521 716 24 185.7846655791191 178.5725938009788 119.58727569331158
1986 716 19 135.69496021220158 137.75066312997347 102.59946949602121
1592 715 16 195.62460567823342 133.2365930599369 121.80126182965299
701 710 14 159.31472081218274 157.9746192893401 114.96954314720811
1809 708 50 157.6575682382134 155.35767458348104 112.90712513293158
1653 706 36 137.27027027027026 139.45220830586683 103.59393539881344
1310 703 22 136.47637051039698 140.31190926275994 103.47637051039698
430 702 17 157.92429022082018 156.38485804416402 114.49526813880126
1429 700 10 190.15929203539824 182.34513274336283 124.05309734513274
557 700 13 136.36548223350252 138.76649746192894 103.44162436548223
1526 699 50 222.1747607231478 168.12300602623182 138.21942573555478
1157 699 22 183.08884688090737 137.17202268431004 105.79395085066163
1045 691 25 193.95345557122707 133.19605077574047 120.74471086036671
627 691 52 158.0859713428857 156.71576141286238 113.23625458180607
1382 690 31 188.15500442869796 181.26395039858284 120.70682019486271
982 688 20 136.70521541950114 140.31292517006804 103.30385487528345
738 679 20 188.9591836734694 182.08616780045352 121.47165532879819
1939 678 32 135.66607617360498 137.72187776793623 102.10008857395925
1886 673 18 186.39522546419096 178.39787798408486 122.00530503978779
1222 673 15 185.5494071146245 139.60474308300394 108.03162055335967
1605 662 21 137.82797731569 139.89413988657844 103.87523629489603
1272 663 27 137.59598494353827 141.39648682559599 104.02509410288582
1441 658 27 193.76035131744038 132.46925972396485 120.34755332496863
1177 658 18 220.6100795755968 168.14058355437666 137.42705570291776
486 659 37 185.31773236651284 178.44957152274225 119.98286090969017
795 657 38 159.00725952813067 158.118572292801 113.9643073200242
701 657 15 188.51383399209485 181.33201581027666 121.36758893280631
1102 656 37 193.44429795649307 133.36387607119315 120.60711931443637
899 655 51 136.1712762412529 140.16527824058647 102.87337554148617
1330 654 22 158.73724007561438 157.81663516068053 114.04914933837429
550 654 23 158.38499184339315 157.32952691680262 113.82218597063623
1725 651 37 186.44297956493077 178.4311140408701 119.58141067897165
1848 648 13 187.47715736040607 179.11167512690355 122.08121827411166
1659 640 21 158.46502835538752 156.69187145557657 114.23251417769376
1497 637 12 220.21476510067114 168.40939597315435 139.4295302013423
1016 633 35 188.17479970866717 182.26729788783686 120.85287691187182
734 624 27 188.8557089084065 182.11292346298617 121.19322459222082
1811 622 28 157.25305216426193 155.65926748057714 113.36736958934517
965 622 10 190.1946902654867 184.43362831858406 125.06194690265487
670 619 22 159.87145557655955 158.70510396975425 114.54631379962193
587 618 23 156.4714518760196 155.68352365415987 112.88907014681892
1151 614 20 194.54421768707485 133.75283446712018 121.01133786848072
1221 612 36 220.06262359920893 168.27949901120633 137.937376400791
1887 611 37 187.65589980224124 179.79037574159523 121.30323005932762
1767 611 12 161.28187919463087 158.36241610738256 116.93288590604027
1610 609 21 188.5897920604915 180.98487712665406 121.92249527410208
1390 610 38 221.28493647912887 168.62068965517244 138.39261947973384
838 606 18 188.81697612732094 182.23872679045093 121.6445623342175
1460 599 26 194.63989962358843 132.69259723964868 120.20577164366372
1719 598 11 187.33557046979865 179.2013422818792 123.64429530201342
1544 597 39 158.79310344827587 157.53115547489415 114.02782819116759
1071 594 21 137.24196597353497 141.32703213610586 104.1531190926276
1299 593 37 193.41463414634146 132.6216216216216 120.13249835201054
1119 592 15 188.1897233201581 181.35573122529644 121.4782608695652
528 586 34 136.24821002386636 139.6404136833731 102.95863166268894
1668 576 38 158.16878402903814 156.51058681185725 113.71445856019359
780 576 31 139.18866253321525 142.36315323294951 105.01682905225864
956 569 30 137.50545094152625 141.66897918731416 104.19226957383547
1152 566 15 139.71541501976284 143.4584980237154 106.78260869565217
709 564 25 160.22143864598024 158.95345557122707 115.19746121297602
635 564 37 187.42452208305866 180.65194462755437 120.42320369149637
831 564 16 161.77917981072554 160.602523659306 116.04416403785488
888 563 30 188.7651139742319 182.7680872150644 121.50545094152626
1827 561 27 138.00627352572144 140.8155583437892 104.6762860727729
1020 560 29 156.77580466148723 156.62597114317424 113.18867924528303
1752 555 36 138.34871456822674 141.1179960448253 105.47330257086354
1196 555 17 160.0410094637224 159.80757097791798 115.38485804416403
1425 552 19 137.78779840848804 140.9283819628647 104.43236074270557
1093 548 26 139.3074027603513 143.10539523212043 105.27979924717691
1595 542 28 140.04661487236405 143.0 106.37846836847947
577 539 23 188.64437194127245 181.86460032626428 121.6231647634584
1486 536 33 189.206046141607 182.16308671439938 121.52505966587113
1253 533 32 188.45969884853852 182.31886625332152 121.15500442869796
1641 531 8 162.91358024691357 159.50617283950618 120.98765432098764
1704 531 8 192.2222222222222 184.45679012345678 128.44444444444443
1544 525 18 141.27320954907162 143.70026525198938 107.54376657824933
685 519 20 140.6122448979592 143.0589569160998 105.61224489795919
976 515 24 188.71451876019577 182.90538336052202 121.9820554649266
779 515 23 188.87438825448615 182.10440456769985 121.43230016313214
1804 514 18 187.21220159151193 179.9151193633952 121.9893899204244
1432 510 17 161.70347003154575 160.49842271293375 115.397476340694
729 509 18 138.631299734748 141.6445623342175 105.61803713527851
1351 508 51 138.32289236921028 142.12962345884705 104.62579140286572
908 503 21 139.26275992438565 142.8563327032136 105.78260869565217
1154 501 43 159.44695898161245 159.28854314002828 114.47289014615747
838 500 38 159.49243799153055 158.632183908046 113.92619479733818
611 500 21 137.31568998109643 140.68052930056712 104.52362948960302
1514 484 20 139.3310657596372 142.3469387755102 106.12698412698413
1756 483 28 139.48279689234184 142.20421753607104 106.13651498335183
1278 481 14 140.12690355329948 143.73604060913704 106.92893401015228
1581 477 33 188.024661893397 181.2370723945903 121.70564836913286
1050 475 53 187.83110003116235 182.0143346837021 120.68432533499532
1231 474 20 160.82766439909298 160.17233560090705 115.80272108843538
1673 468 52 187.67310896367877 180.10896367877376 121.29490169943352
1406 464 13 139.61928934010152 142.73604060913704 106.69035532994923
662 460 31 159.66253321523473 158.2338352524358 114.7688219663419
1459 459 32 160.30292294065546 159.60938883968115 115.3215234720992
939 449 39 140.19056261343013 144.2335148215366 106.48094373865699
827 441 11 161.53691275167785 159.5234899328859 116.12080536912751
1245 437 14 160.13197969543145 159.1472081218274 115.80710659898476
758 433 53 188.55905266438143 181.73698971642256 121.26176378934247
871 432 26 141.2521957340025 144.9962358845671 107.06148055207025
1301 429 35 160.39912600145666 159.8900218499636 115.16533139111435
1196 427 25 139.97179125528913 143.27503526093088 105.76868829337094
1529 422 38 159.6454930429522 158.69267997580158 114.6031457955233
1129 417 33 140.4661893396977 144.12649164677805 105.91885441527447
1386 409 37 188.2610415293342 181.78773895847064 120.9861568885959
1601 408 28 139.677025527192 142.61487236403997 106.1198668146504
1647 398 9 144.82716049382717 146.33333333333331 112.86419753086419
1243 394 23 141.09951060358893 144.26427406199022 106.76182707993475
1054 392 21 141.82230623818526 145.0945179584121 107.49149338374292
1458 388 28 140.1953385127636 143.7480577136515 107.03662597114318
989 382 36 159.70270270270268 159.32036914963743 114.89255108767303
922 382 24 187.3605220228385 181.26916802610114 121.7373572593801
837 372 35 137.78295702840495 141.45229424617625 104.97232337946105
1569 371 16 159.88958990536278 158.48895899053628 117.05993690851734
1189 371 27 187.5294855708908 181.46800501882058 121.04391468005018
1095 371 21 160.55009451795843 159.7334593572779 115.18525519848771
1418 365 10 144.1504424778761 145.9203539823009 110.51327433628319
1139 362 17 160.60567823343848 159.57097791798105 115.81072555205047
1520 354 24 189.18270799347474 182.10603588907014 122.73083197389886
1231 352 13 141.93401015228426 144.8730964467005 109.01522842639594
1386 349 15 160.68774703557312 159.2687747035573 116.14624505928853
893 341 20 188.6326530612245 181.93650793650795 122.31065759637188
1476 340 15 189.65612648221344 182.57707509881422 122.9090909090909
1047 337 28 140.42175360710323 144.32186459489458 107.3529411764706
1308 336 52 160.13762079306898 159.45884705098302 115.08830389870043
1434 326 20 187.88662131519274 181.36961451247166 121.90702947845806
941 326 24 140.48450244698205 143.95106035889071 106.81566068515498
994 319 19 162.24933687002653 161.71618037135278 117.00795755968169
1384 312 13 140.98984771573603 143.59390862944161 108.09137055837563
1205 304 36 140.31641397495054 143.6664469347396 106.67963085036254
1129 300 37 190.03625576796307 183.42584047462094 122.206328279499
1073 292 13 189.96446700507613 183.37563451776649 123.78172588832486
1236 55 3 172.53846153846155 173.30769230769232 170.53846153846155
1237 48 2 149.8 150.6 152.0
