1212 2311 2 160.0 159.0 165.60000000000002
1216 2306 3 167.3846153846154 163.30769230769232 162.84615384615387
1231 2107 8 207.06172839506172 164.44444444444443 127.83950617283949
1129 2086 19 173.85941644562334 158.88859416445624 112.6631299734748
1192 2078 33 204.25775656324583 157.70723945902944 117.37788385043756
1362 2077 17 205.0 158.21135646687696 118.16403785488959
1475 2072 13 229.45177664974617 166.95939086294416 121.70558375634516
1283 2071 49 204.0422213769494 157.1529098516546 116.91707873716243
1419 2053 39 230.0895341802783 165.33030852994557 117.98306110102844
1567 2049 10 229.76991150442478 168.16814159292036 122.87610619469027
1153 2046 11 205.18120805369128 160.02684563758388 120.85906040268456
1224 2040 10 204.5132743362832 159.30973451327432 120.7787610619469
975 2035 40 174.08310094813163 159.03680981595093 111.20524261015059
1082 2031 51 110.06831056314562 156.6321226257914 125.55348217260914
1359 2028 23 181.1794453507341 135.22185970636215 105.16150081566069
901 2028 25 175.26093088857544 160.0394922425952 112.89280677009873
1514 2021 45 229.36653560506772 165.01965923984272 118.08431629532546
1238 2017 9 204.58024691358023 158.61728395061726 119.69135802469135
1603 2012 35 245.22214129643118 130.4027676620539 116.20101966496723
1322 2007 11 206.2013422818792 160.248322147651 121.38255033557047
1183 2002 37 205.75675675675674 158.94792353328938 118.18457481872115
847 2001 22 203.48960302457468 157.30245746691872 117.57088846880907
1444 1997 10 230.80530973451326 169.08849557522123 123.88495575221239
886 1985 12 203.85906040268455 157.90604026845637 118.70469798657717
791 1978 32 204.62621789193977 157.9096545615589 117.46412754650133
1274 1974 42 206.27231004589495 159.19326874043855 118.59561448240694
1126 1969 15 113.06324110671936 157.1304347826087 127.06719367588931
927 1968 30 175.3191278493558 159.7700693756194 112.81169474727453
738 1967 12 203.76510067114094 158.5234899328859 120.02013422818791
1002 1960 31 176.00620017714792 160.5730735163862 112.90788308237379
1056 1959 11 177.88590604026845 162.29530201342283 116.19463087248322
1673 1958 46 230.64410925397473 166.47044435385243 119.28618018752547
1462 1956 30 231.6005946481665 166.95242814667986 119.42616451932606
1376 1956 49 205.20387980220616 158.0190186382655 117.84176492963104
1208 1954 10 205.2212389380531 160.99115044247787 123.11504424778761
1517 1947 19 244.80901856763924 128.9973474801061 115.33952254641909
1580 1942 32 231.71567759078832 167.04605845881312 119.13640389725421
864 1932 35 205.57611070648215 158.55426074289878 117.62272396212674
1153 1931 23 205.58564437194127 158.63621533442088 118.39477977161502
805 1921 18 204.39522546419096 158.10875331564986 118.47480106100795
1752 1905 39 229.71082879612828 165.92196007259528 119.34724742891713
726 1902 49 204.5774058577406 157.9037656903766 117.55610498288323
1075 1899 47 176.95393395841828 161.41907867916836 112.80962087240114
1306 1898 31 206.7555358724535 159.77147918511957 118.86713906111603
955 1894 44 176.28005657708627 160.43564356435644 112.61480433757662
1439 1888 31 208.35518157661647 160.859167404783 119.97962798937112
1149 1887 14 207.16243654822333 160.1776649746193 119.32994923857868
1223 1886 47 183.64940888707704 138.0627802690583 107.18711781492051
1520 1879 44 231.52852428099953 167.63272041489864 120.53182461103253
1683 1879 28 230.3007769145394 165.96004439511654 119.07769145394006
640 1876 32 205.2533215234721 158.56598759964572 118.12488928255094
1611 1872 39 231.1542649727768 166.83484573502724 119.31578947368422
884 1867 23 178.14192495921696 162.1109298531811 113.77814029363785
824 1864 32 206.6164747564216 159.3675819309123 117.99822852081489
1023 1853 16 113.10094637223975 157.76971608832807 127.24290220820188
775 1853 10 205.15929203539824 159.858407079646 121.15929203539822
597 1851 12 228.248322147651 165.7986577181208 120.48993288590604
1368 1846 43 207.23668081093822 159.5968882602546 118.46440358321546
1813 1843 38 174.95583787053843 159.31457955232912 112.55958862673927
1293 1838 22 184.7826086956522 139.13799621928166 108.10964083175804
1142 1835 32 206.94951284322408 159.71036315323295 118.38352524357839
941 1831 10 177.3716814159292 161.2920353982301 116.6283185840708
755 1828 16 206.9558359621451 160.0725552050473 119.1577287066246
633 1823 17 229.53943217665613 165.3249211356467 118.37854889589904
1651 1820 18 243.6127320954907 129.88859416445624 115.684350132626
990 1812 31 112.36669619131976 158.881310894597 127.511071744907
697 1808 38 204.82698124621902 158.02964307320025 117.73986690865095
1461 1807 38 184.20387174833638 138.80399274047187 108.37628554143981
1068 1806 35 178.10123816460307 162.3794610342316 113.70793882010197
1863 1802 23 176.67536704730833 160.9983686786297 114.4584013050571
1725 1801 52 176.5004998333889 160.7024325224925 113.48817060979674
563 1797 46 242.50509580105992 127.29922543823889 113.68528332653894
804 1795 32 206.4605845881311 159.64836138175377 118.96191319751993
1558 1792 43 244.2079207920792 127.77510608203677 114.04856199905704
1308 1786 28 205.5305216426193 158.4628190899001 117.87458379578247
893 1787 50 176.58773484579936 160.60616802552286 113.30237504431052
1215 1781 52 178.81706097967344 162.81406197934024 114.27924025324891
1128 1770 25 206.95486600846263 159.57968970380819 118.78420310296191
1033 1763 10 179.90265486725664 163.39823008849558 117.64601769911505
752 1764 22 185.46313799621927 140.24007561436673 109.66918714555766
1812 1762 29 112.20421753607103 157.74916759156494 127.34739178690344
642 1762 22 205.51984877126654 158.35349716446126 117.93005671077505
517 1759 12 228.48322147651007 165.70469798657717 120.75838926174497
1639 1758 36 229.73500329597888 165.68358602504944 118.53922214897824
1389 1757 42 207.37021927587966 160.03365629780725 119.21060683324835
605 1740 12 228.96644295302013 166.71812080536913 120.80536912751677
834 1739 20 205.48526077097506 158.5827664399093 118.79818594104309
537 1740 12 229.3288590604027 166.51677852348993 120.78523489932886
1324 1738 18 206.3448275862069 159.50663129973475 119.51458885941643
1277 1737 16 179.09463722397476 163.58990536277602 115.82334384858044
1076 1737 28 207.57824639289677 160.5338512763596 119.76581576026638
1892 1730 50 227.97908543069835 165.0648706132577 119.10953562566466
697 1728 30 205.86025768087214 158.58671952428148 118.09811694747275
1965 1727 16 226.80757097791798 165.03154574132492 120.21766561514195
489 1724 31 228.95039858281666 164.79893711248894 118.36846767050487
916 1723 11 178.4228187919463 162.5436241610738 117.1744966442953
1573 1720 30 230.20515361744302 166.13280475718534 119.37661050545094
983 1718 50 177.8206309819213 161.86068769939737 113.69939737681673
639 1717 22 230.65595463137996 166.57088846880907 119.19659735349717
1479 1716 50 206.71428571428572 159.81176887628502 119.18716767103864
1705 1715 27 177.0715181932246 161.76537013801754 114.44291091593475
1349 1703 14 206.0203045685279 159.38578680203045 119.72588832487308
1222 1699 22 180.02457466918716 164.1266540642722 114.58601134215502
1778 1698 37 176.30257086354646 161.01120632827948 114.0296638101516
1148 1696 46 206.61394211169997 159.58173664900121 118.3257236037505
777 1696 44 206.62281942479962 159.13578500707214 118.3917963224894
877 1694 32 178.02834366696192 161.70416297608503 114.15589016829053
1399 1691 18 206.14854111405833 159.85941644562334 119.89124668435012
569 1684 48 229.80372765310005 165.532521871434 117.83035374667175
1284 1680 35 178.70575382374363 163.1128914785142 114.92425345957757
838 1674 9 204.7530864197531 159.45679012345678 121.08641975308642
1635 1669 45 229.52031454783747 165.39536915683703 118.81520314547838
1065 1669 31 206.6173604960142 159.81399468556245 118.8086802480071
1569 1667 16 230.45425867507885 166.9179810725552 120.34384858044163
1838 1665 26 228.6863237139272 165.55332496863235 119.04516938519447
928 1665 18 178.07427055702917 162.3527851458886 114.6366047745358
1354 1661 26 158.3249686323714 153.13299874529486 141.42785445420324
1979 1654 51 227.08030656447852 164.4495168277241 118.39820059980008
675 1654 44 230.001414427157 165.64545025931164 118.54926921263555
1901 1651 18 227.48010610079575 165.19363395225463 118.91777188328912
1020 1648 12 161.76510067114094 155.75838926174495 143.51006711409394
737 1646 12 205.4496644295302 159.16778523489933 120.36241610738254
462 1644 47 229.38361190379126 165.31471667346108 118.57236037505096
1721 1640 36 111.95847066578773 159.01384311140407 127.53856295319709
1517 1636 30 223.8414271555996 167.0515361744301 139.46481665014866
1217 1636 34 111.82338902147971 160.0692124105012 127.73985680190931
895 1634 24 137.00163132137033 178.3115823817292 137.74877650897227
1433 1630 45 158.62254259501967 153.20358235037133 141.32415902140673
823 1628 33 225.24343675417663 167.91249005568815 139.703261734288
1789 1622 27 229.5608531994981 167.1643663739021 120.63864491844416
1170 1621 8 207.61728395061726 163.82716049382717 126.06172839506172
1129 1620 25 206.48660084626235 160.0719322990127 119.22425952045134
1579 1618 19 244.01591511936337 128.14854111405836 115.07161803713527
970 1616 38 136.01875378100425 178.31518451300667 137.29582577132487
403 1615 11 227.9731543624161 166.3020134228188 122.43624161073825
1672 1613 13 177.2233502538071 161.35532994923855 116.29949238578679
1285 1612 27 136.3500627352572 178.84441656210788 137.8456712672522
763 1610 29 231.23862375138737 166.66703662597115 118.82574916759157
535 1604 29 228.826859045505 164.36625971143175 117.3607103218646
1936 1593 15 226.90513833992094 164.699604743083 118.72727272727272
1732 1593 10 178.50442477876106 164.2920353982301 118.21238938053096
610 1594 37 230.10283454185893 166.37903757415953 119.28279499011205
1355 1592 30 136.07036669970267 178.22497522299307 137.47670961347868
1494 1591 18 158.81432360742704 152.70822281167108 141.40053050397879
1863 1590 47 228.00285364859357 164.53893192009784 118.04076640847941
1696 1585 19 177.81962864721484 162.79840848806364 114.75331564986737
2041 1582 29 201.90788013318536 157.02663706992232 118.9589345172031
1059 1579 48 206.0106504374287 159.15024724229747 118.35412704450361
1242 1578 17 112.9589905362776 161.45425867507885 128.89905362776025
393 1570 27 241.74027603513173 125.56461731493098 112.60727728983689
1625 1568 38 224.20326678765883 167.31820931639444 139.8844525105868
903 1569 37 113.36717205009887 161.55899802241265 129.2076466710613
1545 1565 35 223.99635833940278 166.58339402767663 139.05899490167516
984 1559 22 157.20415879017014 151.92060491493385 140.47069943289225
1400 1558 21 204.82041587901702 158.71077504725898 119.02079395085066
1179 1553 42 179.44977052524223 164.35798062213158 114.67567567567568
463 1551 39 229.01451905626135 164.49969751966123 117.64609800362977
703 1551 49 230.44960060859643 165.89235450741728 118.36173449980981
1974 1547 36 202.7969676994067 157.5959129861569 118.31443638760712
1916 1545 14 227.28426395939084 164.7918781725888 119.05076142131979
368 1541 11 227.6510067114094 166.3020134228188 122.55704697986577
1688 1540 18 113.3129973474801 159.45092838196285 128.26525198938992
815 1540 49 231.32407759604413 166.78052491441613 119.12780524914416
1297 1534 43 136.02781706742104 178.8915605846299 137.94153701084394
1768 1532 51 229.75041652782406 166.7320893035655 120.10663112295902
627 1530 20 229.7437641723356 165.84580498866214 119.00226757369614
1469 1525 46 205.7851610273135 158.97513249082755 118.73746432939258
1013 1524 13 206.85279187817258 160.2944162436548 120.48730964467003
554 1522 49 229.78508938759987 165.4903004944846 117.93647774819323
1365 1519 21 114.62003780718337 163.98487712665406 130.99810964083176
1591 1513 20 223.687074829932 166.1904761904762 139.35374149659864
878 1507 15 231.35573122529644 167.7905138339921 120.3201581027668
1109 1501 37 206.40870138431112 159.547132498352 118.65919578114699
1230 1499 23 112.04730831973899 160.92169657422514 128.06035889070148
1044 1495 23 206.47308319738988 160.19902120717782 119.77814029363785
1406 1492 17 206.16403785488959 159.62145110410094 119.16719242902208
947 1491 46 224.76477782307379 167.35792906644926 139.30289441500204
464 1487 15 228.44664031620553 165.21343873517785 119.81818181818181
392 1486 48 228.50361354127045 164.32597945987067 118.02966907569419
2054 1486 52 201.7664111962679 156.45784738420528 118.1136287904032
1871 1485 51 227.83038987004332 164.69543485504832 118.38220593135622
500 1478 12 227.7986577181208 164.64429530201343 119.81879194630872
1658 1475 44 137.66478076379067 179.4988213107025 138.75011786892975
1179 1475 25 180.6657263751763 164.79830747531736 114.9181946403385
1963 1473 31 202.088573959256 156.84499557130204 117.9185119574845
1727 1459 18 138.03183023872677 178.18567639257293 138.85145888594164
1014 1459 18 157.46153846153845 151.78249336870024 140.40583554376656
1787 1455 18 242.2732095490716 127.04244031830238 114.11671087533156
749 1454 46 243.41948634325317 126.58214431308602 113.26620464737057
647 1453 48 203.5587675922404 156.83720045644733 116.95549638645873
1542 1448 53 230.81738859457775 166.54689934559053 119.35119975070116
1357 1447 45 112.32546963739624 161.0353866317169 128.62166885102664
1268 1447 34 137.23229912490055 180.5043754972156 138.63245823389022
859 1443 40 230.90295593976577 166.32348020078084 118.5058561070831
1204 1441 10 182.4513274336283 167.10619469026548 118.99115044247787
1072 1439 29 204.677025527192 158.33851276359601 118.27857935627081
2117 1436 15 199.57312252964425 154.30434782608694 118.03162055335967
1451 1437 34 206.15672235481307 159.16785998408912 118.8631662688942
556 1436 28 228.99778024417316 164.48612652608213 117.70366259711432
482 1427 35 229.15731973780044 164.93153678077203 118.59650400582666
1145 1422 32 157.78122232063774 152.762621789194 141.07263064658991
1881 1417 12 227.1006711409396 164.7986577181208 120.30872483221476
1618 1418 13 203.38071065989845 157.56345177664974 119.13705583756344
2005 1416 19 180.3236074270557 136.54376657824932 107.40848806366047
414 1415 16 239.596214511041 123.38170347003154 111.20504731861199
1738 1413 29 222.28856825749168 166.29522752497226 139.52386237513875
2054 1408 16 201.73817034700315 156.46056782334384 118.67192429022082
355 1405 33 228.66109785202866 164.62291169451075 118.2673031026253
930 1405 32 243.93268379096546 126.67139061116032 113.00797165633304
1815 1401 37 241.02570863546472 125.55899802241265 112.33223467369808
695 1401 23 157.0505709624796 151.6851549755302 140.36867862969007
1943 1398 37 200.8852999340804 155.569545154911 117.28806855636122
1008 1399 37 223.5978905735003 166.39485827290704 138.67237969676992
804 1396 17 178.26182965299685 162.92429022082018 115.89589905362776
1498 1394 12 229.51006711409394 166.28859060402684 120.47651006711409
1214 1395 30 179.08027750247768 164.1684836471754 115.18731417244797
1404 1393 17 204.9621451104101 159.10725552050474 119.75078864353311
1306 1392 21 111.43289224952741 159.46691871455576 127.52362948960302
1264 1390 10 180.6283185840708 165.91150442477877 118.03539823008849
1669 1386 37 135.93803559657218 177.7125906394199 137.87079762689518
604 1386 22 184.39886578449907 139.4196597353497 108.83175803402646
1881 1381 19 239.2758620689655 124.09814323607426 112.07957559681697
318 1376 11 227.57718120805367 166.53020134228188 122.40939597315436
1463 1374 21 203.9867674858223 157.62759924385634 118.0453686200378
2104 1373 37 200.22808174027685 154.6117336849044 116.92485168094923
1092 1373 32 158.15766164747563 153.0903454384411 141.16917626217892
1595 1370 30 203.73736372646184 157.29732408325074 117.69078295341923
1343 1366 24 178.90864600326265 163.7389885807504 114.96411092985319
529 1359 43 221.5869872701556 164.51390853371052 137.42809995285242
2021 1356 36 200.70929466051416 155.01779828609097 116.86750164798944
852 1354 42 223.67618561958187 166.8179500254972 138.83018867924528
762 1354 35 135.90823015294976 178.1522214129643 138.0480699198835
996 1345 8 237.61728395061726 131.8395061728395 119.20987654320987
435 1346 48 227.65918600228224 163.21757322175733 116.79650057055915
1753 1342 35 221.9701383831027 165.1034231609614 137.7632920611799
1060 1342 7 237.1224489795918 134.0612244897959 121.99999999999999
588 1338 12 219.51006711409394 164.38255033557047 138.59731543624162
1162 1335 40 156.72950362520916 152.35192414947016 139.9180145008366
1523 1335 43 242.51956624233853 123.56954266855257 111.11315417256012
654 1332 50 154.24317617866004 150.01063452676357 138.21269053527118
944 1327 36 223.4686882003955 166.26038233355305 138.5484508899143
341 1327 39 226.98124621899578 162.55474894131882 116.4095583787054
1699 1325 13 113.49238578680202 158.8172588832487 128.50761421319797
1662 1324 16 136.26498422712933 177.52996845425866 137.87381703470032
1342 1320 12 179.15436241610738 163.93959731543623 116.12080536912751
1410 1318 44 181.61857614332862 136.34417727487033 105.66855256954267
1263 1316 53 179.4122779682144 164.70458086631348 114.62137737612963
2135 1314 19 199.25994694960212 153.75066312997347 116.35543766578249
1027 1313 31 222.99291408325954 166.16386182462355 138.28963684676705
1946 1310 36 183.23071852340144 138.57218193803558 108.33684904416612
1846 1310 53 226.83110003116235 162.73605484574634 116.59925210345902
2086 1309 22 200.2514177693762 154.89792060491493 117.28166351606805
1090 1308 23 222.88580750407831 166.3115823817292 138.23327895595432
799 1303 20 221.94331065759638 166.10430839002268 139.20861678004536
1607 1297 37 202.9400131839156 156.45286750164797 116.93408042188528
501 1296 14 201.10152284263958 155.4467005076142 116.58883248730963
888 1294 17 221.50788643533122 164.61829652996846 137.50157728706625
737 1292 23 135.90375203915173 178.36867862969007 138.13703099510604
1469 1290 19 241.56763925729442 123.88063660477452 111.35013262599469
378 1283 11 199.55704697986576 156.23489932885906 120.30872483221476
309 1279 10 224.929203539823 163.72566371681415 120.94690265486726
1513 1278 10 228.21238938053096 166.53982300884957 121.86725663716814
1345 1277 25 179.35401974612128 164.83497884344146 114.54019746121297
845 1278 26 228.62860727728983 163.58594730238391 116.58218318695106
1684 1275 28 135.0643729189789 176.97447280799113 136.9889012208657
1910 1274 12 200.1476510067114 155.03355704697987 117.19463087248322
566 1273 44 154.46346063177745 150.26874115983026 138.8048090523338
2023 1265 43 200.5808580858086 154.87647336162186 116.76284771334277
1550 1266 20 227.6122448979592 162.20181405895693 115.83673469387756
978 1266 23 223.41924959216968 166.97389885807505 139.48287112561175
412 1264 23 201.26427406199022 155.3719412724307 116.7194127243067
2347 1261 3 165.30769230769232 159.30769230769232 160.6153846153846
1202 1257 22 111.87145557655955 160.0264650283554 127.98298676748583
1140 1258 33 227.66905330151155 163.47016706443915 117.06364359586317
1757 1251 44 221.34417727487033 164.42102781706743 137.94200848656294
1285 1252 6 126.24489795918366 164.55102040816325 135.40816326530611
1958 1250 16 180.3627760252366 136.01261829652995 106.97476340694006
2113 1248 36 199.55767963085034 154.8681608437706 117.66381015161502
1642 1246 14 177.50253807106597 162.5177664974619 115.8223350253807
719 1245 15 176.9802371541502 163.02766798418972 115.34782608695652
661 1246 28 155.97447280799113 152.25416204217535 139.8645948945616
475 1246 36 200.89321028345418 154.97033618984838 115.93935398813447
1834 1241 11 226.7986577181208 164.06711409395973 120.52348993288591
1398 1240 32 179.40389725420727 164.59875996457043 115.13551815766165
789 1237 36 178.2821357943309 163.8740936058009 115.09096901779827
527 1236 8 180.02469135802468 139.320987654321 111.7037037037037
1048 1230 45 222.11052861511578 166.22804718217563 138.21319353429445
910 1224 49 228.10802586534805 163.7367820464055 116.60631418790415
1243 1221 25 180.6361071932299 166.6911142454161 116.1607898448519
349 1220 46 179.83530370974316 135.7007745617611 106.62739502649816
1683 1217 26 114.16060225846925 162.56336260978668 130.55207026348808
1974 1215 18 200.84350132625994 154.88594164456234 116.72413793103448
128 1214 2 162.0 156.8 157.0
1905 1212 43 200.82602545968882 154.87553041018387 116.2993870815653
1489 1212 53 227.72047366780927 162.5063882829542 115.97818635088812
1590 1212 34 202.97454256165474 156.98011137629277 117.78520286396181
733 1208 21 110.7882797731569 160.65028355387523 127.98487712665407
837 1208 14 240.8730964467005 125.55329949238578 112.3248730964467
619 1202 24 181.1778140293638 137.85644371941274 108.36052202283851
1321 1202 44 179.75860443187176 165.0947666195191 114.55728429985855
1113 1200 13 240.89340101522842 126.86802030456852 113.44162436548223
984 1199 20 241.3265306122449 125.16326530612245 112.2358276643991
1825 1197 31 226.8768821966342 162.38618246235606 116.91674047829939
428 1196 26 201.38519447929735 155.90464240903387 116.99247176913424
2041 1191 20 179.70068027210885 135.94784580498867 107.52380952380953
1417 1191 12 116.44295302013423 161.93288590604027 131.0201342281879
477 1191 10 201.60176991150442 156.8495575221239 119.11504424778761
536 1186 36 201.5207646671061 156.16479894528675 116.87079762689518
1179 1174 48 227.57208063902624 163.52111068847472 116.22327881323697
1766 1171 22 222.03213610586013 165.42911153119093 138.4045368620038
1714 1170 21 114.1398865784499 162.23629489603024 130.48771266540643
1253 1169 19 226.87798408488064 163.0026525198939 115.6525198938992
846 1169 25 226.836389280677 163.0126939351199 116.94640338504936
681 1163 37 135.62491760052734 179.01384311140407 138.51153592617007
1557 1162 18 204.10875331564986 157.45623342175065 118.32625994694959
1863 1161 17 225.95899053627758 161.1514195583596 115.61514195583595
1591 1157 8 205.49382716049382 161.82716049382717 125.44444444444444
954 1156 25 227.34273624823695 163.6262341325811 116.83215796897038
392 1154 22 201.3780718336484 155.97920604914935 117.51228733459358
1093 1153 25 158.18899858956277 155.05782792665727 141.11988716502114
1989 1147 43 200.95756718528995 155.63460631777463 117.47477604903348
1646 1147 37 137.11931443638758 179.03361898483848 138.64733025708634
2102 1145 48 179.27500950931915 135.40966146823888 106.52985926207684
774 1145 44 135.9047619047619 180.14144271570015 138.73267326732673
318 1144 25 200.9675599435825 156.08603667136813 118.05641748942172
1344 1142 10 182.1946902654867 168.13274336283186 119.5929203539823
1394 1139 33 136.73667462211617 179.83532219570407 138.6046141607001
1516 1134 21 241.50661625708887 124.20793950850663 111.76937618147448
899 1135 30 227.78889990089198 163.94152626362734 116.53815659068384
1021 1134 37 157.01186552406062 154.07053394858272 140.08899143045483
601 1133 41 201.37582865884755 156.6909739928608 117.52218255991842
1459 1130 22 222.94328922495274 166.2022684310019 138.89792060491493
1908 1126 31 203.21966341895484 157.4278122232064 118.4118689105403
539 1125 14 203.18781725888323 158.57360406091368 118.78680203045684
468 1124 49 201.11068847470523 155.84214530239635 116.79764168885508
2043 1121 10 201.23008849557522 158.04424778761063 122.27433628318583
1127 1116 13 180.746192893401 167.53299492385784 116.21827411167511
1289 1115 38 241.61766485178467 124.97035692679977 111.74107683000607
1224 1113 21 227.4536862003781 163.8374291115312 116.882797731569
838 1114 20 221.6326530612245 166.41043083900226 138.45804988662132
1716 1106 29 136.66592674805773 177.834628190899 138.1354051054384
711 1106 20 113.49659863945578 165.6485260770975 131.3718820861678
1813 1105 52 226.84205264911697 162.20759746751082 116.13795401532823
662 1100 19 179.03183023872677 165.87267904509284 114.946949602122
1357 1099 24 178.7699836867863 164.8482871125612 115.23980424143556
1163 1097 17 182.19242902208202 168.92429022082018 116.8391167192429
1578 1092 43 156.5214521452145 151.73361621876472 140.1937765205092
1089 1091 22 179.38941398865785 137.02268431001892 107.65406427221173
368 1090 42 201.7684854665987 156.185619581846 116.97552269250383
1498 1088 26 222.07904642409034 164.9824341279799 137.82434127979923
309 1081 11 202.0 158.43624161073825 121.75167785234899
1657 1080 25 137.63187588152326 179.87729196050776 139.42595204513398
2025 1077 30 201.30723488602575 156.6005946481665 118.38255698711595
879 1078 22 241.01512287334594 126.48960302457468 113.3875236294896
751 1076 20 135.91156462585033 180.2766439909297 138.40589569160997
957 1075 42 202.4467108618052 158.35543090260072 118.56246812850587
1426 1072 36 222.52142386288725 166.06526038233355 138.46209624258404
623 1064 19 179.69761273209548 166.12997347480106 116.47745358090185
1126 1061 16 158.58359621451103 156.41640378548897 141.64668769716087
550 1062 40 201.54545454545456 156.5861684327942 117.27607361963192
1878 1060 18 225.45623342175065 161.9151193633952 117.25994694960211
423 1057 10 200.93805309734512 157.00884955752213 119.57522123893806
809 1055 38 221.8439201451906 167.68481548699336 139.62734422262554
1947 1052 43 201.6949552098067 156.1824611032532 117.51485148514851
2101 1050 41 200.1718510963794 155.38245792962775 117.61244263131056
1037 1048 36 158.1654581410679 155.84113381674356 141.4264996704021
1746 1048 28 178.8945615982242 164.06992230854607 115.87902330743619
1692 1047 19 179.19893899204243 164.50132625994695 116.38726790450927
1276 1046 22 240.6748582230624 124.91682419659736 111.91682419659736
1621 1044 14 156.9746192893401 152.10659898477155 140.243654822335
1200 1039 44 181.0900518623291 167.95945308816596 114.98396982555398
1545 1034 13 182.13705583756345 138.43147208121826 109.49238578680202
467 1027 37 200.77059986816082 155.62887277521423 116.6031641397495
1650 1025 19 178.72413793103448 164.09549071618036 115.57824933687002
2012 1023 17 199.93690851735016 155.92429022082018 118.48580441640378
691 1023 51 179.74741752749085 166.48083972009331 114.33822059313563
396 1021 24 202.6215334420881 157.5546492659054 118.43230016313214
616 1020 14 179.38578680203045 166.26395939086294 116.45177664974618
338 1020 29 201.4839067702553 156.74583795782465 118.18534961154273
764 1019 12 181.18791946308724 167.7986577181208 116.44295302013423
2051 1017 10 201.63716814159292 157.7433628318584 120.04424778761062
1490 1017 36 222.83915622940012 166.50889914304548 139.0125247198418
1354 1015 53 227.6986600186974 163.7086319725771 116.46213773761296
1881 1010 25 226.29619181946404 162.6657263751763 116.90691114245416
974 1010 15 202.38339920948616 158.91304347826085 119.45059288537549
522 1005 12 204.3020134228188 159.2214765100671 119.46308724832214
890 1003 45 222.49716033202273 168.39580602883356 139.9724770642202
1981 1000 12 202.04026845637583 158.08053691275168 120.53020134228187
1012 999 12 202.9798657718121 159.71812080536913 120.77852348993288
1110 998 44 159.2748703441773 156.9160773220179 142.1923620933522
1805 996 43 241.2069778406412 125.57048561999056 112.55586987270155
792 995 18 227.78249336870024 164.9018567639257 117.32360742705569
634 991 9 180.8148148148148 167.7037037037037 120.12345679012346
1043 991 12 160.6778523489933 157.71812080536913 143.40268456375838
1427 990 20 222.9092970521542 167.8027210884354 139.92517006802723
426 988 10 202.44247787610618 159.43362831858406 121.56637168141593
1648 985 8 183.04938271604937 168.20987654320987 123.55555555555554
1581 981 49 203.77291745910995 158.29060479269685 118.59832635983264
1705 981 42 179.53442121366652 164.72208057113718 115.35084140744519
752 980 16 179.9558359621451 166.801261829653 115.20820189274447
2109 977 27 200.3500627352572 156.0677540777917 118.14554579673776
1260 977 37 181.4614370468029 168.1740276862228 115.25313117996043
833 976 16 227.84858044164037 165.596214511041 118.1167192429022
501 972 18 201.50132625994695 157.0 118.11936339522546
652 965 12 182.7718120805369 169.68456375838926 117.44295302013423
1934 964 37 225.47462096242583 162.435069215557 116.81542518127883
454 963 20 201.63492063492063 157.50340136054422 118.84126984126985
685 961 8 183.80246913580245 172.20987654320987 120.81481481481481
1188 961 29 183.17536071032185 170.3795782463929 116.33407325194229
579 960 49 179.47242297451504 165.85393685812096 114.84632940281476
2028 954 48 202.27881323697224 157.75808292126285 118.67972613160899
1866 954 23 240.70146818923328 126.46982055464927 113.37194127243067
1049 949 22 159.7069943289225 157.49149338374292 142.39697542533082
976 947 39 158.9479733817302 156.66182698124624 141.95281306715066
729 948 17 182.02208201892745 168.6750788643533 116.11356466876971
1646 946 16 117.18611987381703 166.89274447949526 133.17981072555204
378 943 49 202.5427919360974 157.60707493343477 118.03537466717384
1359 940 11 239.51006711409394 130.15436241610738 116.36241610738254
1408 938 28 228.39178690344062 164.53607103218647 117.26748057713652
1763 938 22 179.00756143667297 164.40264650283555 115.90170132325142
865 938 21 228.7750472589792 165.72211720226844 117.72589792060492
1316 933 21 228.94517958412098 166.66162570888469 119.35538752362949
915 933 22 222.75047258979205 169.22306238185254 140.9187145557656
2101 928 13 199.9441624365482 156.48730964467003 119.11167512690355
1488 926 44 224.13767090994813 169.37906647807637 140.92833569071192
1891 920 12 226.1744966442953 163.6778523489933 118.57718120805369
789 921 45 241.64613368283094 129.34906072520752 114.62210572302315
1975 917 10 224.60176991150442 163.72566371681415 119.87610619469027
1556 915 15 204.60079051383397 159.95256916996047 120.93280632411066
670 913 39 114.9437386569873 168.54083484573505 132.95160314579553
1163 912 20 116.64625850340137 170.45351473922904 134.45578231292518
1103 912 30 181.53022794846382 138.9246778989098 108.1189296333003
435 902 11 181.60402684563758 168.00671140939596 119.12080536912751
494 900 41 180.6598674145844 167.01172870984192 115.40081591024988
1657 896 24 182.02936378466558 167.6378466557912 117.43556280587276
1596 896 24 205.44045676998368 160.4094616639478 120.605220228385
1720 893 30 180.57581764122892 166.09514370664024 115.94648166501486
2083 888 20 201.7437641723356 157.54195011337868 119.55328798185941
610 888 18 181.9336870026525 168.78249336870024 116.46949602122015
2043 886 11 223.83221476510067 164.14093959731542 121.40939597315436
733 884 17 180.1135646687697 166.5173501577287 116.12618296529968
564 884 19 181.16976127320953 167.73740053050398 116.54907161803713
1821 882 52 226.83605464845053 163.44285238253917 117.07064311896035
2000 881 20 225.01133786848072 162.6530612244898 117.38321995464852
1357 880 39 242.09860859044164 128.82516636418634 114.16515426497278
1244 880 53 184.0751012776566 171.45154253661576 115.8974758491742
1931 879 42 226.27944926058134 163.4212136664967 117.50739418663947
956 878 24 160.42088091353997 158.05383360522023 143.0146818923328
1028 872 41 159.75675675675677 157.69862315145335 142.28913819479857
1554 871 18 162.19098143236073 158.09549071618036 144.53315649867372
883 864 47 228.04321239298818 165.81532816958827 118.27191194455769
1435 862 25 228.21861777150917 165.07334273624824 118.13681241184767
1635 860 11 181.06711409395973 166.60402684563758 118.57718120805369
762 859 18 227.25464190981432 165.40318302387266 118.07427055702917
813 853 18 227.65251989389918 165.72413793103448 118.6763925729443
477 846 14 118.29949238578679 168.56345177664974 133.85279187817258
1139 845 40 139.3307306190742 186.4372559955382 141.9654210819855
413 842 43 181.14238566713814 167.3889674681754 115.43045733144743
628 837 28 182.2663706992231 169.0410654827969 115.9811320754717
1747 835 23 115.86949429037521 167.91027732463297 133.31484502446983
1980 833 19 238.44297082228115 126.19628647214853 112.77718832891246
2047 833 39 224.6364186327889 162.70538415003026 117.72837265577738
1398 832 11 227.23489932885906 167.04697986577182 121.91275167785234
1506 831 37 162.88134475939353 158.92551087673039 144.90969017798284
700 828 37 182.20171390903096 169.0830586684245 116.28411338167435
1309 826 25 227.0662905500705 165.46685472496475 118.3046544428773
1677 824 35 140.90240349599418 184.8324836125273 142.26584122359796
1874 818 26 226.3914680050188 163.32873274780425 117.17314930991216
1592 810 42 162.395206527282 158.35390107088222 144.6598674145844
1365 805 24 227.87601957585645 165.3784665579119 118.05057096247961
1270 805 15 183.57707509881422 171.23715415019763 116.90513833992094
1199 805 20 141.60544217687075 188.83446712018142 143.98185941043084
545 801 53 181.75880336553442 168.68588345278903 116.00373948270489
1731 801 11 143.48322147651007 185.3489932885906 143.78523489932886
1071 799 34 113.26571201272873 169.17899761336517 132.52028639618138
465 792 19 182.08488063660477 169.06631299734747 116.56233421750663
970 788 55 203.47315928424757 159.90554414784395 119.01760046934585
1436 785 42 227.68536460989293 164.52473227944927 117.47730749617543
785 784 51 227.1989336887704 164.731422859047 117.32789070309897
872 780 33 241.94431185361975 129.28082736674622 114.22354813046938
1942 775 45 225.0869375273045 162.83748361730014 116.76714722586283
1793 776 45 140.6168632590651 184.2795980777632 141.77151594582787
422 772 19 181.45358090185675 168.66843501326258 116.59151193633951
713 770 15 226.60079051383397 164.97628458498022 118.43083003952569
1235 767 29 183.46836847946727 171.45283018867926 115.70810210876803
1378 763 15 227.00395256916994 164.27272727272725 117.5494071146245
1870 763 19 221.45623342175065 167.50132625994695 140.0185676392573
1645 757 23 159.81076672104405 155.9021207177814 142.73246329526918
1706 756 32 117.86625332152347 170.1674047829938 135.19663418954826
2022 756 32 224.25775022143492 161.77590788308237 116.40035429583703
646 752 49 181.74857360213008 168.80068467097757 115.70254849752759
1313 750 45 227.3997378768021 165.1236347750109 117.41546526867629
1522 747 39 161.36539624924382 157.470054446461 143.65819721718088
1149 746 48 139.88284518828453 187.92810954735643 142.48383415747432
913 738 15 204.37154150197628 161.2806324110672 120.83399209486166
1588 736 21 179.68620037807185 136.13232514177693 106.78260869565217
1461 734 9 227.16049382716048 168.320987654321 122.82716049382715
530 727 12 185.4429530201342 172.45637583892616 118.02684563758389
468 727 41 114.67924528301887 168.20193778684344 132.75216726160124
723 724 25 227.52891396332862 164.9774330042313 117.69111424541607
1218 721 15 221.10276679841897 168.81422924901185 139.92094861660078
1623 718 11 179.41610738255034 137.47651006711408 109.8255033557047
1055 715 37 183.0692155570204 171.00791034937376 116.00791034937376
570 715 24 181.768352365416 168.8548123980424 115.74551386623165
1257 715 15 227.29249011857706 166.6679841897233 119.37549407114624
799 715 13 227.28426395939084 166.05583756345177 118.7005076142132
1819 708 22 180.0945179584121 166.47069943289225 116.27599243856334
997 704 14 202.6243654822335 159.70558375634516 119.79695431472081
860 703 43 227.11881188118812 165.1056105610561 117.76709099481377
1394 701 40 228.1254880089236 165.5164528722811 117.70050195203571
1978 696 31 224.62621789193977 162.89813994685562 117.43224092116918
944 690 30 180.2338949454906 137.99603567889 107.70366699702676
1657 690 30 203.75024777006936 159.3597621407334 119.46283448959366
1892 688 46 225.57113738279656 163.4443538524256 117.53118630248674
1749 683 42 180.27740948495668 166.6236613972463 115.90973992860786
1325 682 19 240.19893899204243 127.33687002652519 112.71087533156498
1479 678 37 204.5135135135135 160.51549110085693 120.01186552406064
603 678 17 181.48580441640377 168.10410094637223 116.28391167192429
1281 671 28 227.80577136514984 165.9289678135405 118.55826859045506
1356 662 9 225.77777777777777 166.33333333333331 121.43209876543209
667 663 42 227.34319224885263 164.56756756756758 117.25293217746048
1573 662 48 203.48877900342336 158.9246861924686 118.84366679345759
1200 661 36 183.64205669083717 171.69545154911006 116.03889255108767
1826 654 26 181.01003764115433 167.53575909661228 116.30238393977415
766 654 50 227.29457639135057 164.90464374335343 117.61715703651187
1114 653 40 183.62688232013386 171.6893474623536 115.53653095370888
532 650 42 182.1601223865375 169.50484446710863 116.10606833248343
1952 649 14 237.73604060913704 127.99492385786802 114.9492385786802
844 639 14 227.0406091370558 165.48730964467003 118.86294416243653
1007 637 43 203.4992927864215 160.3177746346063 119.5044790193305
1512 636 10 204.3362831858407 161.67256637168143 122.53097345132743
1407 631 24 241.84502446982057 128.33768352365416 113.77161500815662
601 630 23 180.84339314845025 167.90864600326265 115.64274061990213
1720 627 10 181.5575221238938 168.5575221238938 118.93805309734513
905 619 42 203.62111167771548 159.85262621111679 119.03926568077512
1783 619 16 115.34384858044163 166.02208201892745 132.0725552050473
1256 618 18 227.04774535809017 165.23607427055703 117.6684350132626
1158 614 13 116.42639593908629 168.0 132.60913705583755
1661 612 39 203.00544464609803 159.26073805202662 120.05989110707804
1919 610 31 224.6979627989371 162.80248007085916 117.1984056687334
1071 605 19 183.78514588859414 171.9071618037135 116.20954907161803
701 603 18 241.262599469496 128.16445623342173 113.59946949602121
1334 600 50 226.78447359092522 164.40694789081886 116.81283232896136
1194 596 19 182.9442970822281 170.87533156498674 116.17771883289124
1546 595 13 201.02538071065987 157.9746192893401 118.80710659898476
964 595 11 205.08724832214764 162.70469798657717 122.11409395973155
825 593 29 226.86903440621532 164.29855715871255 117.26970033296338
564 584 24 181.67536704730833 169.19249592169658 116.46492659053834
1403 583 14 225.30964467005074 163.97969543147207 118.01522842639594
1472 581 49 203.97945987067325 160.00304298212248 119.61430201597565
1737 573 38 114.58862673926195 166.56140350877195 132.07743496672717
1593 569 30 203.34786917740337 159.37859266600594 119.22794846382557
1840 565 55 179.56673511293636 166.3968905837489 115.35875623349956
1041 564 26 202.58092848180675 159.36762860727728 118.93350062735256
1244 553 42 226.90872004079552 165.17797042325344 117.33911269760327
1127 553 51 183.55014995001667 171.44618460513163 115.72175941352883
641 552 55 226.53652097389264 163.94778527427397 116.7970079202112
1538 552 15 201.72332015810275 158.68379446640316 119.28063241106719
751 551 43 226.77227722772278 164.02687411598302 117.13861386138613
971 534 41 203.1514533401326 160.0484446710862 119.2870984191739
1312 523 22 240.5671077504726 127.75425330812855 113.37240075614368
874 522 48 204.5846329402815 160.77025484975277 119.91707873716243
1666 522 40 202.77356385945345 158.98326826547685 119.24651422197435
1391 518 43 226.51956624233853 164.17020273455918 116.7095709570957
1189 511 14 226.40609137055836 164.82741116751268 117.86802030456852
1498 509 16 202.41955835962145 158.993690851735 118.80126182965299
1460 509 17 204.33438485804416 161.5520504731861 121.60252365930599
798 502 17 178.25867507886434 136.16403785488959 107.06309148264984
1227 488 13 225.90355329949236 165.497461928934 119.45685279187816
1758 486 46 180.7496942519364 167.6392172849572 116.06481858948227
1567 487 50 202.44771357674583 158.6678482807515 118.84934420418291
1048 480 41 114.13972463029067 167.95869454360022 132.09127995920448
1113 479 16 228.35015772870662 166.88958990536278 118.74447949526814
706 474 38 226.0429522081065 163.1155474894132 116.47307924984877
1699 474 10 203.65486725663717 161.67256637168143 124.13274336283186
1354 469 14 225.43654822335023 164.6954314720812 118.9492385786802
1647 463 12 201.38255033557047 158.6778523489933 120.1744966442953
948 455 33 203.90453460620526 160.2752585521082 119.51710421638823
1472 452 38 202.87840290381126 159.9243799153055 120.10889292196008
1285 448 48 240.80753138075315 128.98668695321416 114.20844427538988
1171 449 43 226.97029702970298 164.60348892032061 117.12116925978312
1622 439 12 200.71812080536913 158.5503355704698 120.5973154362416
1106 438 17 225.24605678233436 164.73186119873816 118.47634069400631
886 436 25 178.8787023977433 136.6812411847673 107.15514809590972
794 429 52 203.79140286571143 160.0403198933689 119.68343885371543
1735 428 10 199.98230088495575 159.39823008849558 122.48672566371681
1001 427 16 181.85804416403784 169.72555205047317 116.2776025236593
1682 424 34 201.67859984089102 158.34685759745426 119.11933174224345
1534 417 16 178.01577287066246 135.8328075709779 106.72239747634069
1387 416 42 226.34166241713413 164.13309535951046 116.91228964813871
1448 395 14 201.7969543147208 158.88324873096445 119.83248730964466
1596 388 38 202.78644888082277 159.1433756805808 119.55777374470661
1227 387 33 225.99840891010342 163.9626093874304 117.60620525059666
858 383 17 226.44479495268138 164.14195583596214 117.89905362776025
1652 382 9 200.1358024691358 158.9506172839506 122.43209876543209
1054 379 51 226.2279240253249 164.20859713428857 117.31556147950684
930 373 50 241.140375753279 128.75930521091811 114.70896845090394
1152 366 33 226.4447096260939 164.57677008750994 117.92840095465394
1502 364 43 201.97218293257896 158.19613389910418 118.62942008486563
1317 338 51 226.14195268243918 164.35454848383873 117.77807397534156
1415 328 39 179.45009074410166 136.50332728372658 106.28735632183908
993 322 18 240.67639257294428 128.49867374005305 114.91511936339522
1215 309 40 225.99442275515895 164.26715002788623 117.91634132738427
1068 305 16 227.41640378548894 166.9116719242902 121.12302839116718
1123 302 28 226.67369589345174 163.71476137624862 116.74583795782465
1208 96 2 138.20000000000002 137.20000000000002 134.8
1213 90 2 150.6 153.20000000000002 153.20000000000002
