1201 2303 2 157.20000000000002 153.20000000000002 158.20000000000002
1209 2296 2 146.8 137.0 133.8
1209 2073 40 227.06190741773565 164.65867261572785 118.03959843837146
1113 2042 50 202.09429280397023 156.11343495214462 116.549805033676
1016 2037 40 226.08365867261574 163.72894590072505 117.42554378137201
945 2035 24 225.3719412724307 163.11745513866234 117.61500815660686
1303 2034 50 226.0035448422545 163.29032258064515 117.27188940092167
1401 2032 39 226.80701754385967 163.74712643678163 117.72292800967938
902 2013 17 241.89905362776025 127.01261829652996 113.5173501577287
1503 2007 40 174.0340211935304 158.1121026213051 112.5398773006135
846 1985 41 226.14737378888324 163.60632330443653 117.36053034166243
1364 1977 19 220.11405835543766 159.52254641909815 116.26525198938991
1594 1976 41 173.4538500764916 157.70933197348293 111.91891891891892
1203 1974 45 203.80690257754478 157.43818261249453 117.29183049366536
1126 1962 19 202.74801061007958 156.43236074270555 116.49602122015915
1654 1959 12 176.93959731543623 160.36241610738256 116.05369127516778
950 1957 48 227.0007607455306 164.41612780524915 118.21833396728795
1058 1952 46 227.60048919690175 164.83081940481043 117.81328984916429
768 1943 37 225.51746868820038 163.11997363216875 116.8754119973632
1431 1940 48 244.21110688474707 126.2054012932674 112.94903004944847
1693 1940 24 174.26753670473084 158.54486133768353 112.85481239804243
1317 1930 43 228.16595945308816 164.78830740216878 117.7034417727487
1531 1929 32 174.7360496014172 158.86891054030116 112.68467670504872
1248 1924 12 204.73825503355704 159.26845637583892 120.34228187919463
856 1910 25 227.6657263751763 164.96897038081806 118.03102961918195
899 1909 15 242.03162055335966 125.98418972332016 112.66798418972331
1004 1905 16 227.80757097791798 165.5930599369085 119.80757097791798
710 1904 25 226.08039492242594 163.54160789844852 117.53878702397743
1375 1903 15 228.22529644268772 165.09486166007903 119.11067193675889
1212 1899 22 204.48015122873346 157.89792060491493 117.71077504725898
1140 1892 42 203.99439061703214 157.42427332993373 117.16981132075472
1255 1887 13 204.88832487309642 158.96446700507613 119.34517766497461
1626 1882 51 174.7784071976008 159.01866044651783 112.4218593802066
1737 1881 46 177.52466367713004 133.33591520587035 104.38687321646962
1552 1880 12 176.0201342281879 159.8993288590604 114.87919463087248
967 1875 25 243.20874471086037 126.34837799717913 113.11565585331452
1404 1870 18 243.51458885941642 126.54641909814323 113.39257294429707
1806 1862 18 177.14058355437666 133.12732095490716 104.43501326259947
1492 1859 39 227.4797338173019 164.5154264972777 118.59225650332729
1281 1857 21 179.0453686200378 133.95274102079395 104.58034026465029
718 1857 16 224.65299684542586 162.4826498422713 117.7192429022082
648 1856 40 201.82933630786394 156.1829336307864 117.01226993865032
1348 1854 30 244.49752229930624 127.74628344895936 114.2398414271556
901 1851 38 243.50514216575925 126.15305505142167 112.81669691470056
797 1849 53 226.93829853536926 163.5708943596136 116.64537239015269
1555 1846 16 114.97791798107255 159.38485804416402 128.90536277602524
1051 1837 54 227.7700218136491 164.3483951386725 117.67248363976316
1133 1825 18 180.77188328912464 135.75596816976127 105.73209549071618
1212 1818 47 204.62168772931105 157.9441500203832 117.49531186302487
966 1815 26 228.11794228356334 164.73776662484315 118.13676286072771
707 1805 24 203.7520391517129 157.49592169657424 117.56769983686787
1581 1802 25 115.06346967559944 162.07475317348377 130.10719322990127
573 1796 44 202.37199434229137 156.4097123998114 117.03017444601603
1686 1795 44 203.03536067892503 157.07119283356906 117.69684111268269
1420 1793 50 228.1924849344204 165.43282523927687 119.39205955334988
915 1791 14 203.59898477157358 157.38578680203045 118.17766497461928
1873 1784 12 200.1476510067114 155.56375838926175 118.28187919463087
1304 1784 39 203.5305505142166 156.7610405323654 117.15184513006656
743 1784 11 203.51006711409394 159.1476510067114 121.15436241610738
649 1782 24 176.5562805872757 132.13866231647634 103.42088091353997
1801 1780 51 202.4438520493169 156.7294235254915 117.50449850049984
1514 1777 36 227.2597231377719 164.46473302570863 118.41858932102834
506 1768 21 202.44612476370511 156.53875236294897 117.80718336483932
1250 1765 11 204.36241610738256 159.04026845637583 121.01342281879194
852 1765 39 179.9153055051422 134.72171808832428 104.83787053841502
1069 1763 14 227.46192893401013 165.1522842639594 119.03045685279187
1019 1760 17 206.07570977917982 159.19242902208202 118.78548895899053
779 1758 26 201.30991217063988 155.2647427854454 116.00250941028857
1132 1755 43 205.33239038189532 158.6850542197077 118.24233851956625
1617 1738 36 175.17007251153592 159.9004614370468 112.93473961766644
1342 1736 16 203.49211356466876 157.28391167192427 118.64353312302839
950 1732 47 204.6392172849572 157.7509172441908 117.51569506726457
477 1729 18 202.09814323607426 156.71087533156498 118.37135278514589
1898 1726 44 224.36869401225837 162.68316831683168 117.62611975483263
706 1727 44 203.22489391796321 156.9071192833569 117.48373408769449
1216 1724 35 204.52876911871815 158.21412964311727 117.97378004369993
1283 1722 17 204.06940063091483 158.54889589905363 119.25867507886434
1389 1720 22 227.72400756143668 164.90170132325142 118.99621928166351
616 1717 35 202.35178441369266 156.0844865258558 116.86307356154407
1549 1717 21 113.50661625708885 158.6389413988658 128.23062381852552
535 1714 31 202.93445527015058 156.8653675819309 117.36492471213464
881 1702 23 180.2952691680261 135.35073409461666 105.45350734094617
1048 1699 43 204.27109853842526 157.5007072135785 117.13295615275813
1713 1695 48 202.3457588436668 156.75808292126285 117.37847090148345
1466 1694 51 227.48683772075975 164.67144285238254 118.37387537487504
805 1688 40 203.89291689905187 157.29894032348022 117.36977133296152
1811 1686 39 224.30187537810045 162.46279491833033 117.27223230490019
1337 1685 27 204.56963613550815 158.22710163111668 118.32747804265996
1631 1683 20 180.0702947845805 135.54875283446714 105.90022675736962
574 1681 12 203.2281879194631 158.3288590604027 119.61073825503355
663 1676 13 202.45177664974617 157.10659898477155 118.99999999999999
1270 1675 25 204.93935119887163 158.77856135401976 118.83497884344146
985 1675 16 181.63406940063092 137.12618296529968 107.24921135646687
1394 1673 16 227.0283911671924 164.37539432176655 119.08517350157729
753 1671 11 156.60402684563758 149.9731543624161 139.63087248322148
1219 1668 15 204.9683794466403 159.5494071146245 119.98023715415019
1957 1662 33 223.8329355608592 162.90692124105013 118.26491646778044
471 1658 49 174.787751996957 158.9052871814378 113.06542411563332
1873 1657 20 238.4308390022676 122.4013605442177 110.9092970521542
1141 1656 46 204.89237668161434 158.58744394618833 117.87240114145943
948 1652 23 204.73246329526918 158.46818923327896 117.99184339314846
1359 1645 10 240.15929203539824 130.858407079646 118.0
710 1641 31 154.4534986713906 148.56244464127548 138.30912311780338
543 1638 17 114.53312302839116 156.5930599369085 127.33753943217665
1064 1636 16 182.12618296529968 137.37223974763407 106.59621451104101
1571 1630 54 175.50233717669056 159.8694297288875 112.68557182923028
1660 1628 25 201.9478138222849 156.23554301833568 117.049365303244
1836 1627 17 224.5583596214511 163.17034700315457 117.85804416403785
1403 1621 36 218.37969676994067 160.00131839156228 134.22940013183916
621 1621 54 174.97008413836085 159.1919601121845 112.61389841071984
1228 1621 27 156.69761606022584 151.78419071518192 140.20577164366372
883 1620 49 176.24610117915557 160.54165081780144 112.7797641688855
1016 1617 39 177.2528735632184 161.80399274047187 113.28251663641865
1478 1611 21 242.56521739130434 125.01890359168242 112.2703213610586
780 1612 33 136.95147175815436 177.57120127287192 137.1439936356404
2000 1609 21 237.72400756143668 122.15122873345936 110.5179584120983
1309 1610 44 155.10655351249412 150.34276284771335 138.7090994813767
1744 1606 42 225.1840897501275 163.43294237633862 117.9056603773585
689 1600 11 118.02013422818791 159.5503355704698 129.93288590604027
1903 1586 50 224.01276143211626 162.6575682382134 117.20843672456576
1508 1583 14 117.71065989847715 162.9238578680203 131.5482233502538
529 1583 32 175.42869796279894 159.58458813108948 113.47209920283437
1972 1578 13 237.32487309644668 124.72081218274111 113.06091370558374
1814 1579 28 224.83351831298557 163.04328523862375 117.60710321864595
1366 1575 16 218.9148264984227 160.74132492113563 135.21135646687696
957 1575 23 177.46982055464926 162.1761827079935 113.69983686786297
1088 1567 41 177.67108618052015 162.7475777664457 113.83426823049466
1611 1566 17 176.32807570977917 161.1230283911672 115.17350157728707
1130 1565 11 145.0201342281879 156.27516778523488 114.28187919463087
1170 1562 39 137.5922565033273 180.23411978221418 138.2129461584997
426 1560 48 225.82160517306963 163.11487257512363 117.45112209965767
1665 1558 36 201.79762689518785 156.33355306526036 117.35003295978905
1396 1556 11 240.2281879194631 126.02013422818791 113.87248322147651
1450 1556 37 218.26565589980223 159.50955833882662 133.83124588002636
723 1555 37 135.6282135794331 176.10876730388924 136.16611733684903
1247 1548 28 137.78801331853495 179.8568257491676 138.67147613762486
1776 1546 13 239.5177664974619 126.25380710659897 113.8477157360406
1310 1545 14 154.56345177664974 149.0203045685279 138.32487309644668
658 1542 26 175.22584692597238 159.45169385194478 113.23588456712672
815 1540 38 114.4204476709014 162.4301270417423 130.02117362371447
596 1539 25 176.2002820874471 160.29760225669958 113.96473906911142
2024 1536 41 174.5053544110148 159.6532381438042 113.79296277409486
1533 1532 35 137.49745083758194 178.65914056809908 138.08667152221415
1959 1528 16 174.62776025236593 160.33123028391168 113.57413249211356
1013 1527 40 115.42219743446738 164.3335192414947 131.2972671500279
908 1520 42 177.17746047934727 161.79704232534422 113.69505354411015
1599 1519 20 136.99092970521542 177.51700680272108 137.68480725623584
1840 1509 40 225.27607361963192 163.65699944227552 118.06636921360848
1289 1503 22 118.00756143667297 166.66918714555766 133.52362948960302
1077 1503 17 178.78548895899053 163.6750788643533 114.53312302839116
689 1499 18 226.13262599469496 163.0238726790451 117.9920424403183
1133 1496 32 114.14171833480957 162.99379982285208 130.0947741364039
524 1494 44 226.8024516737388 164.67232437529466 118.9042904290429
1646 1492 26 156.00125470514428 150.8996235884567 139.90338770388956
1734 1490 52 225.7954015328224 163.72209263578807 118.29356881039654
1369 1490 50 228.45870258773485 165.48777029422192 118.74689826302729
361 1489 29 240.1054384017758 121.92008879023308 110.2031076581576
1922 1487 32 175.78565101860053 161.13374667847654 114.31355181576617
1517 1485 14 115.50253807106598 161.87817258883248 130.28934010152284
2075 1483 22 176.17391304347828 161.38941398865785 115.61058601134216
1467 1480 28 228.31853496115428 165.95671476137625 119.68368479467259
1212 1478 42 137.4931157572667 180.08669046404896 138.09892911779704
840 1475 26 218.81179422835632 160.3488080301129 134.48682559598493
749 1475 45 217.347750109218 159.23066841415465 133.62166885102664
625 1470 40 226.25209146681541 163.91132180702735 118.18404907975462
971 1468 23 226.76672104404568 164.33442088091354 118.20228384991844
436 1469 36 225.92023731048118 163.35464733025708 117.63480553724455
1576 1460 37 136.92419248516808 178.00791034937376 137.40936058009228
908 1456 13 241.98477157360404 127.248730964467 114.0203045685279
685 1450 17 226.54889589905363 163.89589905362774 118.60252365930599
1289 1447 30 218.99008919722496 160.70564915758177 134.61744301288405
1515 1445 17 176.88643533123027 161.53627760252365 114.93059936908517
1642 1442 17 115.1577287066246 162.28391167192427 130.49842271293375
1817 1441 21 239.3553875236295 122.8109640831758 110.43289224952741
2004 1438 52 174.69210263245586 160.12529156947684 113.54415194935022
2089 1433 23 113.41761827079935 157.68189233278957 128.0456769983687
1046 1432 50 227.68876285005317 164.95249911378943 118.35164835164835
1143 1429 32 218.6873339238264 160.6501328609389 134.80868024800708
878 1425 19 242.24933687002653 123.9575596816976 111.51989389920423
474 1413 27 225.46675031367627 162.55332496863235 117.15181932245922
1692 1412 33 215.85918854415274 158.01352426412092 133.115354017502
1891 1407 45 175.59589340323285 160.7212756662298 114.02795980777633
819 1405 39 217.95825771324866 159.6606170598911 134.27525710828797
947 1403 41 227.1412544620092 164.1035186129526 117.44977052524223
1352 1402 31 227.58547387068202 164.28520814880426 118.02302922940656
552 1401 44 239.992927864215 120.60113154172561 109.1023102310231
1441 1396 51 242.1299566811063 122.01166277907365 109.92902365878041
750 1397 23 218.00326264274062 159.46329526916804 133.77814029363785
376 1394 51 225.33688770409864 162.46084638453848 117.01099633455514
1537 1394 32 176.60938883968115 161.32506643046943 114.07174490699735
1773 1389 42 224.29474757776646 162.16777154513005 116.6460989291178
1612 1389 37 153.69479235332892 148.7659854976928 137.99802241265655
1222 1390 45 218.18567059851463 160.0965487112276 134.19746614242027
1291 1388 15 243.26877470355728 125.399209486166 112.58102766798419
1159 1379 10 216.3008849557522 160.5486725663717 136.60176991150442
669 1375 50 225.05919886565047 162.29563984402694 116.71676710386387
1063 1367 12 226.248322147651 163.91275167785236 118.51677852348993
2019 1366 17 112.97476340694006 157.2807570977918 127.42902208201892
1008 1365 21 240.41587901701322 122.08695652173914 110.23251417769376
1833 1362 17 175.19873817034699 160.34069400630915 114.68769716088327
1963 1362 25 175.03526093088857 160.33991537376588 114.43441466854725
1113 1359 32 227.5287865367582 164.35872453498672 117.79362267493357
2082 1355 44 174.15040075436116 158.996228194248 113.82602545968882
1381 1350 17 226.51735015772869 163.13564668769715 117.69716088328076
889 1349 33 217.10580747812253 159.07080350039777 133.34049323786795
776 1346 20 240.2721088435374 122.01814058956917 110.3718820861678
736 1345 17 224.90536277602524 162.1135646687697 117.13880126182966
1927 1342 8 178.44444444444443 164.0 119.48148148148148
1173 1337 16 242.0347003154574 124.9589905362776 112.44794952681387
1810 1333 15 113.11462450592884 157.15415019762844 127.58102766798419
598 1331 23 225.0962479608483 163.22512234910278 118.09461663947798
322 1331 23 224.98368678629691 162.6916802610114 117.41272430668842
1771 1330 15 115.14624505928853 159.7905138339921 128.90513833992094
1481 1330 20 114.1156462585034 161.36054421768708 129.2108843537415
542 1329 22 238.5633270321361 119.34782608695653 108.12287334593573
1621 1326 20 177.55782312925172 133.98866213151928 104.99773242630386
468 1326 50 224.88904643743354 161.8252392768522 116.18326834455867
1700 1323 45 216.3556138051551 158.61031017911753 133.2000873743993
967 1319 37 225.7969676994067 162.49439683586024 116.49505603164138
1312 1317 49 226.42335488779005 162.9688094332446 116.6420692278433
1877 1316 38 175.36176648517846 160.66848154869936 113.35208711433758
1051 1313 36 226.30916282135792 163.3506921555702 116.9077125906394
2023 1310 23 175.17292006525287 160.05220228384994 113.99510603588908
1225 1309 25 226.0324400564175 163.58392101551482 117.69393511988716
1553 1308 48 176.48915937618867 161.50589577786232 113.52719665271967
1421 1304 36 226.614370468029 163.21489782465392 116.83520105471324
819 1302 36 136.17468688200395 178.2821357943309 137.7073170731707
784 1298 16 141.3596214511041 158.92744479495266 118.8801261829653
755 1294 30 172.77601585728445 159.65708622398415 112.77502477700693
379 1290 40 175.66034578918016 160.21305075292807 113.1952035694367
1958 1287 38 175.21234119782216 160.51058681185725 113.97640653357533
1004 1278 13 225.5431472081218 164.41116751269035 118.98984771573603
309 1276 22 174.80340264650283 160.0756143667297 114.31379962192817
1485 1273 20 178.24036281179139 163.03174603174602 114.46031746031747
671 1272 49 176.21567135793077 162.0604792696843 113.5812095853937
512 1270 16 175.87066246056781 160.92744479495266 114.3154574132492
1144 1268 51 226.25391536154615 163.29490169943352 116.78307230923026
575 1269 38 177.13974591651544 162.72292800967938 114.57955232909862
1632 1258 37 152.45418589321028 147.97824653922214 137.36585365853657
968 1257 21 179.00756143667297 164.53497164461248 115.14177693761815
2077 1255 49 197.48003042982123 152.86534804108027 115.50057055914797
1796 1254 51 175.87337554148618 160.84538487170943 113.67144285238254
890 1254 41 136.26007139214687 178.96328403875575 138.11881693013768
1521 1251 10 178.30973451327432 163.1769911504425 117.49557522123894
1893 1247 27 112.17314930991216 158.05018820577163 127.53450439146799
1370 1247 33 225.0620525059666 161.70803500397773 115.83691328560064
1307 1246 13 240.02538071065987 124.42131979695431 111.8984771573604
1431 1245 16 239.09463722397476 123.76971608832807 111.68454258675078
736 1241 15 176.91304347826085 162.64426877470353 113.90118577075098
451 1242 29 176.55715871254162 161.9167591564928 113.93340732519422
1999 1237 21 197.95652173913044 153.20037807183365 116.02646502835539
1708 1235 30 215.1942517343905 157.39147670961347 133.0396432111001
1238 1234 43 241.55681282413957 123.47571900047147 110.47289014615747
1563 1228 25 176.82228490832156 162.0197461212976 113.89280677009873
2316 1223 2 164.4 160.4 165.0
2308 1220 2 161.20000000000002 154.60000000000002 155.4
401 1221 17 113.0 158.2460567823344 127.6403785488959
1037 1217 48 177.9341955116014 163.9885888170407 113.59452263217953
2313 1216 2 174.8 176.20000000000002 181.20000000000002
802 1215 48 176.7835678965386 162.91023202738685 113.45492582731077
514 1212 33 176.27923627684964 162.18138424821004 113.8711217183771
1372 1211 9 209.61728395061726 161.91358024691357 125.82716049382715
1945 1209 28 198.5260821309656 153.80688124306326 116.65149833518313
1592 1207 13 176.492385786802 133.61421319796952 105.45177664974618
1485 1207 39 177.01149425287358 162.32667876588022 113.93647912885663
1423 1207 15 224.399209486166 161.40316205533597 116.77075098814228
949 1206 19 136.46153846153845 179.72944297082228 138.55437665782492
1317 1205 25 225.34978843441468 162.53596614950635 116.98307475317348
336 1202 47 175.48430493273543 160.64084794129636 113.44965348552792
2001 1197 13 171.25380710659897 129.84263959390861 103.97969543147207
1114 1196 20 113.31065759637188 161.82993197278913 129.3469387755102
1177 1192 22 224.98865784499054 162.9413988657845 117.69943289224953
91 1193 2 167.0 163.20000000000002 165.20000000000002
1743 1191 14 199.11675126903552 154.5482233502538 116.9492385786802
710 1188 37 177.25379037574157 163.8220171390903 114.0296638101516
100 1186 2 158.4 154.20000000000002 155.60000000000002
1276 1183 11 238.51006711409394 123.81879194630872 112.12080536912751
91 1183 2 149.0 143.0 147.4
2106 1179 23 197.8499184339315 153.4747145187602 116.72430668841763
2046 1178 25 197.2919605077574 153.31593794076164 116.6755994358251
1710 1179 12 198.7986577181208 154.10738255033556 116.95302013422818
611 1177 50 176.35554767812832 162.83870967741936 113.29989365473236
1652 1174 41 153.3972463029067 148.7649158592555 138.09026007139215
1374 1173 37 225.20039551746868 161.932762030323 116.11074489123268
1783 1170 28 173.87014428412874 130.95227524972253 103.2441731409545
894 1166 41 111.18255991840898 162.43243243243245 128.7924528301887
1867 1165 46 199.7354260089686 154.61394211169997 116.47370566653078
1312 1158 15 225.50988142292488 162.76679841897231 116.68379446640316
1141 1158 20 226.06122448979593 164.66893424036283 118.34920634920636
961 1157 22 136.29867674858224 179.91304347826087 138.71266540642722
828 1154 14 113.55837563451776 161.64467005076142 129.08629441624365
443 1153 50 177.09110244594115 162.81673165544134 114.45054945054945
337 1153 8 164.93827160493825 153.1851851851852 112.34567901234567
526 1148 21 113.18336483931948 161.6219281663516 129.40831758034028
1076 1143 28 176.7136514983352 134.12985571587126 104.70810210876803
1555 1143 46 136.75417855686914 178.65674684060335 137.79657562168774
1505 1142 10 114.84070796460176 157.7079646017699 125.41592920353982
1494 1142 14 108.23857868020303 151.73096446700507 121.19289340101521
1441 1137 26 137.77540777917187 180.28356336260978 139.14554579673776
765 1135 30 177.7561942517344 164.4856293359762 113.82358771060456
1974 1134 46 172.89930697105584 130.09580105992663 102.76559315124338
1232 1131 51 224.79973342219262 162.6077974008664 116.37887370876375
1018 1130 21 199.61625708884688 156.18147448015122 117.22117202268431
980 1124 9 200.19753086419752 158.62962962962962 121.20987654320987
560 1121 12 177.81208053691276 164.14093959731542 116.00671140939598
1155 1116 18 239.50397877984085 123.51724137931033 110.9761273209549
1729 1110 49 223.9497907949791 160.92925066565235 116.02092050209205
1121 1106 13 224.43147208121826 164.15736040609136 119.11675126903552
2080 1104 49 197.4328642069228 153.20197793837963 115.83605933815139
1389 1100 16 137.62145110410094 180.09779179810724 138.47318611987382
339 1100 48 176.0616203879802 161.85317611259035 114.10155952833777
1330 1099 40 224.87618516452875 162.42052426101506 116.50306748466258
681 1098 44 111.44130127298445 162.34936350777934 128.7864214992928
1433 1093 17 115.84227129337539 165.62145110410094 132.10725552050474
1631 1090 32 200.8219663418955 155.49867139061118 116.92648361381754
938 1090 37 154.89123269611073 152.18457481872116 138.89123269611073
1895 1088 28 199.25971143174252 154.4583795782464 116.31520532741399
599 1087 30 176.3290386521308 163.06838453914767 113.3230921704658
1818 1086 38 200.35511191772537 155.2788868723533 116.91651542649728
1487 1079 36 137.56493078444296 180.12195121951217 138.79564930784443
831 1077 50 200.04820985466148 156.09996455157744 116.87096774193549
1009 1076 23 154.91843393148451 152.28874388254488 138.8042414355628
506 1072 44 177.24611032531826 163.3894389438944 113.6963696369637
427 1069 27 177.17691342534502 163.267252195734 114.20075282308656
1950 1067 15 171.98418972332016 129.8577075098814 103.35177865612647
1073 1068 35 201.35688273852878 157.95775673707212 118.31609613983977
745 1063 27 200.58469259723964 157.13299874529486 117.93726474278543
1678 1052 14 200.99999999999997 156.76649746192894 119.01015228426395
1167 1052 40 225.07473508087006 162.84383714445065 116.15839375348578
2009 1051 28 199.76470588235296 155.82019977802443 117.85460599334074
574 1046 13 178.2944162436548 164.43654822335023 116.97969543147207
1571 1045 38 154.4355716878403 150.11675741076832 138.83605565638234
1028 1041 9 201.80246913580245 159.96296296296296 122.28395061728395
1783 1036 11 236.9798657718121 122.79865771812081 111.79194630872483
1857 1035 16 223.17665615141956 161.33123028391168 117.59621451104101
377 1026 27 178.24466750313675 164.00376411543286 115.34002509410288
1331 1024 10 181.7079646017699 168.35398230088495 117.30088495575221
1259 1024 50 241.04679191775966 124.07373271889401 110.87415809996455
701 1024 22 199.56143667296786 156.17202268431004 117.5992438563327
1733 1023 27 239.21329987452947 121.83688833124215 109.97867001254704
1400 1022 52 179.25791402865713 165.38087304231922 114.63178940353215
319 1018 21 114.50472589792061 163.08506616257088 130.59168241965975
634 1014 43 176.91749174917493 163.74870344177276 113.47807637906648
2084 1011 37 197.6750164798945 154.06789716545813 116.81674357284112
1049 1009 19 176.21485411140583 133.53050397877985 104.06631299734748
904 1009 38 200.134906231095 156.76588021778585 117.78342407743497
1103 1007 24 224.2430668841762 163.163132137031 116.82544861337684
993 1007 37 155.1404087013843 152.83717864205667 138.95583388266314
1922 1005 48 222.01711677443896 160.27538988208445 115.68391023202739
1655 1004 38 154.59891107078042 149.96551724137933 138.6896551724138
502 1002 12 178.38926174496643 164.09395973154363 115.01342281879194
552 1002 30 178.73141724479683 165.2457879088206 114.998017839445
1492 1001 33 178.29514717581543 164.17820206841688 114.77645186953063
444 998 37 114.41727092946604 164.55042847725773 131.1516150296638
773 996 35 201.05535324107794 157.58557902403496 118.01893663510562
836 993 21 176.0718336483932 133.8374291115312 105.00378071833649
1585 983 15 175.7391304347826 132.46640316205531 104.9090909090909
2014 974 37 221.85102175346077 160.99934080421883 116.92353328938694
1813 973 50 222.87912087912088 160.96738745125842 116.1343495214463
1725 970 25 216.35966149506348 158.98871650211566 134.05077574047954
1337 967 24 180.65579119086462 167.41761827079935 115.74061990212073
863 965 13 175.08629441624365 134.75126903553297 107.1979695431472
1231 963 10 239.6283185840708 131.94690265486724 117.49557522123894
1449 960 15 180.3399209486166 166.52569169960472 116.56521739130434
1163 954 51 224.97534155281573 163.91936021326225 117.3528823725425
708 955 38 155.94736842105263 152.92377495462796 139.19963702359348
360 954 39 178.73684210526318 164.8699334543255 115.40713853599517
590 949 26 115.14680050188205 166.1530740276035 131.93475533249685
588 948 26 114.99999999999999 166.0 132.0
1622 948 15 157.7391304347826 152.4584980237154 141.01185770750988
977 947 21 175.45746691871457 133.33648393194707 104.69943289224953
2078 944 21 236.75047258979205 123.07939508506617 111.07561436672968
1059 940 44 216.4884488448845 161.75388967468174 134.98868458274399
644 938 23 178.8874388254486 165.51876019575857 114.61990212071778
1886 938 20 221.90702947845804 160.7074829931973 116.27664399092971
426 938 23 179.442088091354 165.61827079934747 115.62479608482872
1474 932 17 119.12933753943217 169.41009463722398 135.1955835962145
1536 931 45 202.58366098733072 157.7479248580166 118.10528615115771
912 924 35 202.49089584850694 158.9198834668609 118.57101238164604
506 924 52 179.7400866377874 165.79673442185938 115.02065978007332
1342 922 13 118.27918781725887 170.46192893401013 135.13705583756345
1275 919 40 180.70775237032908 167.99107640825434 114.69938650306749
1671 919 40 216.48912437255996 159.44004461795873 133.95761293920805
1397 916 39 139.1336963097399 183.5674531155475 140.38415003024804
1948 912 38 237.24682395644285 123.04174228675137 110.98427102238355
1215 909 8 235.5432098765432 131.1851851851852 117.23456790123456
1112 905 9 237.4691358024691 129.19753086419752 114.9506172839506
812 906 51 201.59980006664446 158.0 118.07230923025658
1751 904 28 216.55049944506104 159.87458379578246 134.0488346281909
670 904 13 237.0406091370558 124.54314720812182 112.48223350253807
1610 901 17 224.1198738170347 162.19873817034699 117.48580441640378
1809 895 19 179.19098143236073 164.70026525198938 115.75066312997347
1473 876 28 158.05882352941177 154.6725860155383 141.08102108768037
718 875 38 215.51784633998793 160.1500302480339 133.96370235934666
1142 873 29 217.67036625971144 163.7524972253052 136.37402885682576
2045 872 52 221.21192935688106 160.2122625791403 116.22125958013996
985 871 42 240.74553799082102 124.81845996940338 111.19122896481387
1872 867 40 179.43000557724486 165.22141662018964 115.73563859453431
614 864 50 224.05955334987593 162.8709677419355 116.83091102445941
865 863 12 178.9731543624161 137.2281879194631 108.0469798657718
1333 861 33 140.8941925218775 186.76213206046143 142.6404136833731
1075 862 28 216.35738068812432 162.38179800221977 135.14095449500556
1521 861 21 177.56521739130434 134.85255198487712 106.179584120983
908 859 21 200.73913043478262 157.51228733459357 117.84688090737241
398 860 52 238.7910696434522 122.23625458180607 109.98500499833389
1216 854 34 182.37708830548928 170.38663484486875 115.59665871121719
1279 852 16 181.61829652996846 169.35015772870662 115.74447949526814
484 851 13 222.83756345177665 163.27918781725887 119.03553299492386
1420 849 22 116.27221172022685 170.66729678638941 134.5803402646503
1782 849 20 140.63038548752834 183.08616780045352 141.48979591836735
532 837 25 223.62341325811002 162.72496473906912 117.52609308885755
1705 828 44 140.10985384252712 182.97218293257896 140.76520509193776
1954 827 38 179.29703569268 165.2335148215366 115.65577737447067
1607 827 50 224.7940446650124 162.54732364409784 116.8021978021978
1492 826 13 199.32994923857868 156.37055837563452 119.07106598984771
1461 822 15 158.1897233201581 154.43478260869566 141.15415019762844
1824 820 19 179.2917771883289 165.11405835543766 116.47480106100795
679 816 20 222.91156462585036 161.39455782312925 116.16780045351474
790 813 34 158.28560063643596 155.53699284009548 140.95067621320607
953 809 26 216.11292346298617 161.9673776662484 135.14554579673776
479 809 21 224.46313799621927 164.0359168241966 118.35538752362949
1131 804 30 114.81466798810703 170.22993062438056 133.4826560951437
723 803 23 216.38009787928223 160.89233278955956 134.69820554649266
1891 800 19 179.52785145888592 165.82493368700264 116.09018567639257
1781 801 20 116.0952380952381 166.56916099773244 132.80725623582768
1191 799 19 116.76392572944296 172.05305039787797 135.3183023872679
1484 794 10 197.98230088495575 156.49557522123894 119.46017699115045
1532 793 20 224.93650793650795 163.02721088435374 118.07256235827664
1035 791 45 216.042376583661 162.39231105286152 135.13979903888162
879 792 45 157.59414591524683 155.36697247706422 140.67103538663173
1369 786 39 139.8983666061706 185.73321234119783 141.63702359346644
592 786 21 238.99243856332703 124.23818525519849 111.50094517958412
2017 785 23 198.5073409461664 155.4110929853181 117.71778140293638
1271 774 52 181.3578807064312 169.43852049316894 114.69476841052983
1454 772 26 158.50188205771641 154.93224592220827 141.30238393977413
809 771 15 174.33596837944663 133.98418972332016 105.99209486166008
531 766 38 224.78342407743497 163.7090139140956 117.34361766485179
428 764 36 223.41463414634146 162.53922214897824 117.11470006591956
1910 762 14 178.64467005076142 164.2690355329949 116.09137055837563
1567 761 13 238.68527918781723 126.02538071065989 112.85786802030456
1660 759 26 141.42409033877038 184.56336260978668 141.8180677540778
1100 757 15 141.0316205533597 187.18181818181816 142.38735177865613
1837 745 50 179.46579227224387 165.6997518610422 115.7933356965615
951 739 38 216.13611615245011 162.31820931639444 135.1718088324259
1734 738 36 140.3197099538563 183.5121951219512 140.86090969017798
654 737 51 238.98233922025992 122.93635454848385 110.3082305898034
765 735 36 157.78378378378378 154.97824653922214 140.8068556361239
1340 728 20 180.45804988662132 168.34013605442178 114.80045351473923
1962 727 49 199.5850133130468 156.32902244199315 117.82198554583492
1512 727 44 217.35549269212635 161.92692126355493 135.4908062234795
1383 726 12 181.3288590604027 168.83892617449663 117.31543624161074
587 727 16 223.2334384858044 162.5583596214511 117.50788643533123
893 724 14 159.10659898477155 156.11675126903552 141.4213197969543
1428 722 21 157.82041587901702 155.06805293005672 140.72589792060492
1163 722 49 141.27691137314568 188.87675922403957 143.1513883605934
472 720 21 238.01890359168243 123.39697542533082 111.18714555765595
1605 719 39 216.92135511191773 161.10949788263764 134.82698124621902
1016 715 20 239.70521541950114 127.05442176870748 112.78004535147393
842 715 28 159.03551609322975 156.42841287458378 141.71143174250832
1077 714 26 141.41907151819322 187.66875784190714 143.02258469259723
1681 706 24 115.55464926590538 166.884176182708 132.50570962479608
1311 706 15 118.60079051383399 170.73517786561263 134.93675889328063
538 702 18 222.9628647214854 162.3554376657825 117.6445623342175
1892 702 18 200.56498673740052 157.25198938992042 119.00530503978779
1785 692 15 180.16600790513831 166.46640316205531 117.22134387351778
1048 685 12 182.04697986577182 170.5503355704698 116.87919463087248
1819 678 12 180.10738255033556 166.48993288590603 118.36912751677852
721 675 27 201.44165621079046 158.11292346298617 118.43914680050187
1854 671 20 199.94331065759638 156.95238095238096 118.70748299319729
1450 672 28 241.2896781354051 126.4583795782464 112.57269700332964
1251 671 38 181.9001814882033 169.97519661222023 115.13732607380521
589 671 33 223.3906125696102 162.4821002386635 116.81225139220366
901 662 42 224.72768995410507 163.75726670066294 116.91891891891892
1360 656 48 201.61810574362877 158.50361354127045 118.4142259414226
1296 655 11 176.1275167785235 136.73154362416108 107.69798657718121
1309 654 7 171.0204081632653 139.0 110.87755102040815
800 651 42 201.9933707292198 158.65425803161654 118.58898521162673
494 651 40 223.85722253206916 163.29224762967095 117.07138873396543
1732 649 43 179.56388495992456 166.23102310231022 115.23903818953323
1190 649 21 119.11342155009451 175.51228733459357 137.66918714555766
997 649 43 224.08109382366808 164.26921263554928 117.74351720886375
1914 644 36 199.64007910349372 156.65721819380354 118.40606460118654
1651 640 31 180.10628875110717 166.80248007085916 115.92028343666962
734 633 22 172.8922495274102 131.9224952741021 104.02457466918715
1101 632 52 181.51949350216594 170.0363212262579 114.82905698100633
658 630 44 201.5808580858086 158.2069778406412 118.41961338991042
1558 625 52 223.71809396867712 162.35121626124626 116.2272575808064
1813 622 37 200.68094924192482 157.58404746209624 118.27752142386288
850 600 20 239.1156462585034 124.34693877551021 111.38321995464852
1285 600 30 202.02378592666005 159.1565906838454 118.86223984142715
762 598 10 203.94690265486724 162.30973451327432 123.61946902654867
1447 597 38 224.69086509376893 163.91107078039929 117.52752571082881
1754 592 12 200.13422818791946 157.94630872483222 119.5973154362416
556 584 47 200.92825112107624 158.16306563391765 118.54993885038728
1873 578 28 199.2253052164262 156.96892341842397 119.09544950055493
1016 578 24 180.52854812398044 168.10440456769985 114.41598694942904
1629 573 27 179.68005018820577 166.72020075282308 115.97490589711417
1201 572 45 201.9563128003495 159.58409785932722 119.1996505024028
1509 571 15 222.95256916996047 163.37549407114622 118.81027667984189
1704 569 34 116.11217183770884 168.40970564836914 133.66825775656326
931 568 52 223.73842052649118 163.1262912362546 116.7627457514162
1154 563 13 174.23350253807106 150.61928934010152 107.497461928934
716 564 31 201.39858281665192 157.83170947741365 118.25597874224978
1138 561 19 172.15384615384613 158.50132625994695 108.21485411140583
796 555 36 202.26367831245878 158.61371127224785 118.41661173368489
637 546 33 201.19331742243438 158.054892601432 118.44073190135244
1356 546 49 202.0102700646634 159.255230125523 119.1369341955116
1281 545 15 202.399209486166 160.07509881422925 120.48616600790513
1075 539 38 181.46763460375078 169.68300060496068 115.08953418027829
1661 530 15 119.23715415019763 171.11067193675888 136.15415019762844
1784 528 51 199.12095968010664 156.31989336887705 117.82139286904365
1568 523 39 179.91712038717486 167.34119782214157 115.34180278281913
859 521 20 238.43990929705217 124.6780045351474 111.3061224489796
1471 520 37 222.88134475939353 162.24719841793012 116.51549110085695
1147 518 19 201.3209549071618 158.76127320954907 118.81432360742706
1004 514 26 182.28230865746548 169.90087829360098 115.25595984943537
597 514 21 174.63327032136107 134.05671077504726 106.68620037807183
1627 513 13 180.38071065989845 168.05583756345177 117.11675126903552
1716 504 19 178.9655172413793 165.77453580901857 116.12997347480105
1248 504 35 174.77057538237437 133.68754552075748 105.09686817188638
1192 505 14 203.48730964467003 161.6243654822335 121.40609137055837
1118 499 11 181.8523489932886 169.88590604026845 116.6510067114094
779 499 16 224.0347003154574 163.01892744479494 117.7160883280757
1308 489 15 202.20948616600788 159.6798418972332 119.13043478260869
1050 485 12 181.6241610738255 169.53020134228188 116.70469798657717
1524 478 20 116.2108843537415 168.4875283446712 133.4625850340136
627 478 14 200.86294416243652 158.20304568527916 120.15228426395939
1353 477 13 221.14213197969542 162.3451776649746 118.1218274111675
698 476 49 200.59680486877141 157.38113351084064 118.24610117915557
1091 470 22 114.72589792060492 168.41020793950852 132.4366729678639
934 461 47 239.50183448838158 123.98736241337139 110.55279249898084
831 460 40 224.10485220301172 162.92359174567764 116.80981595092025
1405 458 36 222.8727752142386 162.33882663150953 116.81674357284112
1754 455 28 115.27524972253052 165.842397336293 132.32519422863484
1581 454 23 180.37520391517128 167.66557911908646 116.15334420880914
1445 453 9 228.17283950617283 147.9753086419753 119.50617283950616
1662 450 49 180.00494484594904 167.2206162038798 115.88360593381515
1467 451 22 238.45746691871457 124.9054820415879 111.27221172022685
1232 450 16 175.47318611987382 134.77917981072554 106.71608832807571
1156 443 48 201.2620768352986 158.6386458729555 119.07265119817421
1030 431 36 181.44891232696108 169.3269611074489 115.4291364535267
1297 430 37 200.66710613052075 158.0184574818721 118.51417270929466
883 417 16 223.9495268138801 163.60567823343848 118.39116719242902
1724 414 9 179.28395061728395 168.01234567901233 118.80246913580247
770 406 32 223.25686448184234 162.3897254207263 117.00974313551816
1527 403 43 180.981612446959 168.4959924563885 115.42668552569543
1369 402 22 222.5085066162571 162.57466918714556 117.46502835538753
1091 399 25 180.950634696756 168.52327221438645 115.12976022566995
1448 398 26 222.43789209535757 161.75031367628605 116.50815558343788
974 399 14 180.88324873096445 168.6700507614213 116.746192893401
1228 385 35 201.85943190094684 159.17771303714494 119.24544792425347
1660 381 12 180.35570469798657 167.4295302013423 118.64429530201342
1606 380 31 179.74844995571303 167.1302037201063 115.76527900797166
927 373 33 224.19013524264122 163.5568814638027 117.73587907716787
841 373 39 222.68784029038113 162.11312764670296 116.83000604960678
1319 359 26 222.0112923462986 160.9824341279799 115.84567126725219
1082 356 13 180.45177664974617 167.8984771573604 116.44162436548223
1137 351 40 200.35638594534302 157.51254880089238 117.93586168432795
1557 341 22 112.12665406427222 160.91682419659736 128.9508506616257
1011 335 51 181.5588137287571 169.48883705431524 115.49750083305565
1488 327 32 179.0921169176262 166.56598759964572 115.2028343666962
1289 325 14 222.08629441624365 162.58375634517765 117.92385786802029
1398 325 52 222.01166277907365 161.487170943019 116.25958013995336
932 316 23 112.62969004893965 164.73409461663948 130.59053833605222
1219 300 46 173.33591520587035 132.4781899714635 104.5132490827558
1082 293 27 200.06524466750312 157.3613550815558 118.04642409033876
1314 286 29 222.67813540510545 162.73695893451722 117.51720310765816
1139 281 21 200.80340264650283 157.7920604914934 119.00567107750473
1162 78 2 153.0 152.0 150.0
1156 71 2 148.20000000000002 147.6 147.6
