1181 2311 5 167.44827586206895 168.0344827586207 167.27586206896552
1175 2099 14 159.47715736040607 154.76649746192894 142.63451776649745
1330 2094 31 101.37466784765279 100.49158547387069 97.93888396811337
1390 2089 21 160.25330812854443 155.60680529300566 142.66918714555766
1256 2085 36 125.73104812129202 122.26565589980223 115.5372445616348
1443 2083 15 161.71146245059288 156.63636363636363 143.9802371541502
1125 2075 31 126.42692648361383 122.92914083259522 116.1806908768822
1490 2060 25 126.0 122.06770098730607 115.55853314527504
1361 2056 14 160.93908629441623 155.75126903553297 143.63451776649745
961 2049 18 102.53050397877983 101.45888594164455 98.82493368700264
1546 2046 28 101.4583795782464 100.64150943396227 97.84017758046615
1191 2046 31 102.30115146147033 101.57838795394154 98.70770593445528
1041 2038 51 161.28557147617462 156.892035988004 143.01432855714762
904 2029 21 160.72778827977316 156.07750472589794 143.1758034026465
1240 2020 15 104.99604743083003 103.31620553359683 101.10671936758892
1411 2018 44 103.08675153229609 101.8010372465818 99.38943894389439
1365 2013 9 139.16049382716048 136.92592592592592 128.46913580246914
1312 2008 51 163.52682439186938 158.4381872709097 145.23992002665779
1543 2002 12 163.81879194630872 158.04697986577182 146.48993288590603
1611 2002 45 102.35736129314111 100.9392747924858 98.60725207514199
856 1998 28 103.58823529411765 102.4472807991121 99.83129855715872
1491 1995 30 164.43310208126857 158.9187314172448 146.2854311199207
959 1992 34 127.86157517899763 124.0461416070008 117.17183770883055
1201 1990 23 162.09461663947798 157.00978792822187 144.3066884176183
1128 1989 41 162.54563997960224 157.70015298317185 144.20244773074964
800 1986 20 162.31972789115648 157.38321995464852 144.26757369614512
1014 1967 19 162.13793103448276 157.43236074270555 143.75862068965517
1065 1959 21 129.84877126654064 126.15689981096409 119.33837429111531
898 1958 26 162.24466750313675 157.38895859473024 143.99247176913426
1546 1955 29 128.77580466148723 124.819089900111 118.04439511653719
1372 1951 24 164.3588907014682 159.0309951060359 146.13539967373572
1439 1944 30 128.89296333002974 124.65312190287413 118.19226957383547
1246 1943 31 103.62710363153234 102.13994685562444 99.6651904340124
1691 1940 51 164.18627124291902 158.94635121626126 145.97200933022327
1184 1940 19 104.3129973474801 102.92572944297082 100.44562334217507
754 1936 37 103.4251812788398 102.16150296638101 99.12261041529334
1098 1934 13 107.37563451776649 105.12690355329948 102.16751269035532
1494 1932 21 104.66351606805293 102.92249527410208 100.54253308128544
975 1931 22 128.27788279773156 124.117202268431 117.43856332703214
832 1930 36 102.68754119973632 101.04943968358602 98.40474620962425
1309 1923 25 129.75881523272213 125.98589562764457 119.0888575458392
1025 1918 21 104.08128544423441 102.85255198487712 100.4234404536862
1603 1917 31 104.80779450841453 103.26395039858282 101.0088573959256
1139 1912 28 164.60266370699225 159.67369589345174 146.1953385127636
876 1910 7 171.0204081632653 165.1020408163265 153.14285714285714
679 1908 33 161.8337311058075 157.05091487669054 143.59506762132062
1353 1905 14 166.65482233502536 160.7258883248731 147.5685279187817
1758 1903 17 104.99369085173501 103.01261829652996 100.52681388012618
1202 1894 25 163.05500705218617 158.0818053596615 144.65444287729196
1399 1893 24 104.22185970636215 102.38662316476346 99.96411092985319
1540 1888 28 164.2031076581576 159.0066592674806 145.88568257491676
924 1885 40 103.00390407138875 101.49191299498048 98.9882877858338
991 1883 17 163.2776025236593 157.96845425867508 145.006309148265
1797 1882 23 163.3246329526917 158.33605220228387 145.43066884176184
1262 1882 21 129.41209829867674 125.5992438563327 118.66918714555766
1079 1882 35 130.07574654042244 126.081573197378 118.86525855790241
783 1873 24 105.12234910277326 103.4110929853181 100.59869494290376
1363 1872 11 167.1275167785235 161.81208053691276 148.3221476510067
627 1870 22 105.66729678638941 103.6124763705104 100.72589792060492
1470 1870 39 104.24621899576529 102.53357531760436 100.07078039927406
1161 1868 16 131.87066246056781 127.29337539432176 120.27444794952682
1315 1860 31 164.37112488928256 159.24712134632418 145.96014171833482
1634 1859 24 129.5546492659054 125.54486133768353 118.9657422512235
1681 1857 18 108.32095490716179 106.34482758620689 103.90450928381962
726 1858 25 162.3314527503526 157.2820874471086 144.1086036671368
845 1855 34 163.87589498806685 158.42482100238664 145.07955449482895
1848 1853 23 129.43230016313214 125.04730831973899 118.59380097879283
1735 1850 33 164.79793158313444 159.61495624502786 146.76849642004774
1580 1847 21 165.531190926276 160.41209829867674 146.96030245746692
1027 1846 17 105.56782334384857 103.81072555205047 101.43217665615141
1401 1843 20 130.49886621315193 126.140589569161 119.53514739229026
1203 1839 20 103.71201814058958 101.90249433106577 99.51700680272108
672 1838 23 128.64274061990213 124.57748776508973 117.9836867862969
979 1830 26 104.26725219573399 102.69761606022584 100.03513174404014
1260 1829 21 129.73534971644614 125.64083175803403 118.86389413988658
1352 1826 10 168.91150442477877 163.4867256637168 150.15929203539824
777 1820 21 128.41776937618147 124.30056710775048 117.47448015122873
1062 1819 24 164.12071778140293 159.01141924959217 145.4747145187602
1132 1817 37 165.2036914963744 160.13974950560316 146.20105471324982
1445 1810 20 130.4172335600907 126.17913832199547 119.57369614512471
1887 1807 34 105.12092283214002 103.39777247414479 100.93317422434367
1668 1804 33 163.11933174224345 158.2450278440732 145.29116945107398
1804 1804 37 128.3071852340145 124.34607778510217 117.6018457481872
592 1802 52 162.80573142285905 157.41286237920693 144.2115961346218
1606 1799 25 103.8194640338505 102.57545839210155 100.0592383638928
838 1796 18 104.77984084880636 103.09283819628646 100.33421750663129
658 1790 12 163.24161073825502 157.6510067114094 145.34228187919462
1524 1786 50 128.44771357674583 124.24175824175825 117.74512584190003
1382 1786 31 166.63684676705049 161.09743135518158 147.87776793622675
715 1785 38 127.81851179673322 123.96733212341199 117.0907441016334
1312 1784 33 104.8098647573588 103.25457438345266 100.67382657120127
913 1783 51 128.01666111296234 123.77307564145285 116.98233922025992
521 1777 14 163.52791878172587 157.23350253807106 145.13197969543145
1010 1772 33 164.99443118536198 159.5568814638027 146.13365155131265
1733 1764 34 105.54733492442324 103.8862370723946 101.30708035003978
1848 1763 17 129.2334384858044 124.8832807570978 118.38485804416403
1081 1764 25 129.54301833568405 125.64033850493652 118.70239774330042
1218 1760 51 164.77874041986004 159.6781072975675 146.08130623125626
790 1760 32 104.34898139946856 102.69353410097432 100.044286979628
1941 1758 30 163.39544103072348 158.02775024777006 145.53221010901882
1440 1756 26 105.08281053952321 103.67377666248431 101.05646173149309
1137 1756 18 106.70026525198938 104.9496021220159 102.50397877984085
965 1738 12 166.28187919463087 160.36912751677852 147.51677852348993
655 1736 30 106.199207135778 104.19425173439048 101.66005946481665
1676 1735 24 107.0978792822186 105.58238172920066 103.11092985318108
1365 1734 19 167.06366047745357 161.40848806366046 148.3899204244032
1606 1729 37 164.8905735003296 160.0856954515491 146.81872116018457
1881 1726 27 128.73274780426598 124.80301129234628 118.4215809284818
598 1726 16 164.3564668769716 158.3123028391167 146.13249211356467
1159 1724 11 165.6711409395973 160.02684563758388 147.1476510067114
851 1723 25 106.41184767277856 104.36530324400564 101.9379407616361
534 1721 35 104.78077203204661 102.8557902403496 100.35542607428988
937 1714 17 165.0283911671924 159.60567823343848 146.3627760252366
747 1715 18 164.14588859416446 158.66578249336868 145.9628647214854
1546 1714 17 164.403785488959 159.0283911671924 146.3627760252366
1802 1709 48 163.46443514644352 158.58805629516928 146.0034233548878
1417 1707 24 105.4600326264274 103.80587275693313 101.557911908646
1306 1705 36 129.66051417270927 125.74423203691495 119.09756097560975
1110 1705 32 165.08768821966342 160.27723649247122 146.229406554473
1053 1704 19 106.16180371352785 104.39522546419097 102.07427055702917
803 1699 19 104.61538461538461 102.33156498673739 99.77984084880636
701 1699 26 164.11668757841906 158.3212045169385 145.78419071518192
1720 1699 27 164.1242158092848 159.29861982434127 146.32873274780425
1483 1696 38 164.35692679975804 159.40169388989716 146.24379915305505
1987 1692 38 105.18572292800968 103.69449485783424 101.13430127041742
1921 1693 22 104.89413988657846 103.66162570888469 100.95652173913044
470 1691 27 161.88958594730238 156.54328732747803 144.28356336260978
996 1689 35 104.87254187909687 103.16023306627822 100.7319737800437
899 1688 25 166.4132581100141 160.42736248236955 147.28490832157968
1369 1688 20 130.00680272108843 126.26077097505669 119.59410430839003
589 1685 19 165.19628647214853 159.53580901856762 146.04509283819627
1174 1682 25 106.04795486600847 104.4654442877292 101.89985895627645
1239 1678 26 129.43914680050187 125.64993726474277 118.65244667503136
550 1673 12 128.48322147651007 123.84563758389261 117.69798657718121
1595 1670 14 165.60913705583755 159.80203045685278 146.8984771573604
1650 1668 32 129.00088573959258 124.94596988485385 118.57661647475642
1549 1667 21 106.44423440453687 104.29111531190927 101.89792060491493
646 1665 30 128.7998017839445 124.11100099108027 117.60951437066402
1703 1658 14 162.61928934010152 157.71065989847713 145.5228426395939
1413 1658 21 164.53686200378073 159.58790170132326 145.98865784499054
1750 1658 17 166.02208201892745 161.05993690851736 147.89905362776025
841 1658 33 165.1996817820207 159.51789976133654 146.52505966587114
1058 1655 20 105.5873015873016 103.70975056689343 100.98185941043084
762 1653 37 105.28147659854976 103.13974950560315 100.68358602504944
1874 1651 35 127.35178441369266 123.64166059723235 117.07137654770575
699 1648 18 108.86472148541114 105.3050397877984 102.57294429708222
1290 1644 14 130.11675126903552 126.68020304568527 120.03045685279187
508 1641 29 104.64483906770255 102.29966703662598 99.74139844617092
460 1640 13 161.84263959390861 156.08121827411168 144.4010152284264
1587 1639 18 214.45092838196285 139.40053050397879 135.0291777188329
963 1640 13 225.4213197969543 131.2690355329949 119.9746192893401
1194 1637 21 105.4461247637051 104.29489603024575 101.24952741020795
1945 1634 25 162.38787023977432 157.92524682651623 144.63046544428772
1465 1634 25 165.60366713681242 86.3244005641749 104.31875881523273
646 1633 9 183.2222222222222 135.6543209876543 120.91358024691357
916 1633 21 227.44234404536863 86.36672967863895 96.61058601134216
1120 1627 38 129.39382940108894 125.72716273442228 118.80157289776166
1014 1627 22 247.5141776937618 160.7429111531191 137.62381852551985
1349 1625 34 105.52983293556086 104.08989657915673 101.5123309466985
421 1623 21 104.34026465028356 102.35538752362949 100.24952741020795
1245 1622 27 165.65119196988707 161.0953575909661 147.05771643663738
575 1621 38 222.53478523895947 84.01754385964912 94.65577737447067
647 1619 15 231.48616600790513 152.32411067193675 131.33596837944663
1671 1615 12 164.88590604026845 159.1208053691275 146.90604026845637
2014 1614 36 162.41001977587342 158.1278839815425 144.91364535266973
1799 1611 39 104.89776164549305 103.7912885662432 101.27162734422264
1629 1612 23 164.31484502446983 84.08319738988581 102.43556280587276
1724 1608 31 105.18777679362267 103.96811337466785 101.651904340124
1531 1604 38 165.96491228070178 85.77253478523896 104.14519056261344
1415 1603 25 194.2496473906911 120.5839210155148 125.76868829337094
1908 1601 14 106.06091370558374 104.64974619289339 101.99492385786802
815 1599 25 129.64315937940762 124.92242595204513 118.27362482369534
471 1599 20 163.0702947845805 157.27437641723355 145.49886621315193
1303 1595 15 105.71146245059288 104.25296442687747 101.50197628458497
692 1591 32 224.54030115146148 84.86979627989372 95.40921169176262
757 1588 18 225.3713527851459 129.41644562334216 117.74005305039788
878 1587 35 226.19300801165332 129.89512017479973 117.66496722505462
1467 1582 22 214.7296786389414 139.33837429111531 135.0945179584121
955 1581 36 225.78642056690836 85.23071852340145 95.84838497033618
637 1580 18 245.48010610079575 159.87002652519894 137.3713527851459
2070 1571 23 128.7047308319739 124.80424143556282 118.39967373572594
1182 1570 34 165.296738265712 160.854415274463 146.2680986475736
1948 1569 29 104.49389567147614 103.45394006659268 100.8645948945616
1761 1566 13 163.20304568527916 157.83248730964465 145.4720812182741
1597 1567 26 195.38143036386447 121.00376411543286 126.17063989962358
408 1566 33 127.48050914876691 123.23070803500399 116.86237072394592
528 1564 32 163.94951284322408 158.40212577502214 145.38618246235606
1864 1562 33 162.70883054892602 158.16308671439938 145.20127287191727
1425 1560 17 164.2018927444795 84.90851735015772 102.6372239747634
1123 1559 18 226.9708222811671 132.08222811671087 119.62599469496021
1665 1559 37 213.8292682926829 139.13183915622938 134.6058009228741
1260 1556 32 129.63330380868024 125.86891054030116 119.01594331266608
1047 1552 50 225.71995746189293 129.5381070542361 117.2414037575328
470 1553 20 104.4013605442177 102.38775510204081 100.26077097505669
806 1552 18 247.19098143236073 160.75862068965517 137.77453580901857
587 1552 27 223.46675031367627 85.1969887076537 95.60978670012547
670 1546 15 166.4308300395257 159.69565217391303 146.78656126482213
916 1545 13 166.64467005076142 160.69035532994923 147.0964467005076
1554 1544 12 133.18120805369128 128.40268456375838 121.93959731543625
1800 1537 26 163.92346298619825 159.15432873274779 145.98870765370137
1511 1537 25 128.60225669957686 124.50211565585332 118.06064880112835
1348 1537 51 214.47184271909364 139.56347884038655 134.50749750083307
876 1532 12 225.35570469798657 131.91946308724832 120.61073825503355
1738 1525 28 192.94450610432852 119.96670366259711 124.99556048834629
970 1524 22 247.37618147448015 161.33270321361059 137.86389413988658
2089 1523 21 162.7334593572779 158.01512287334594 145.56143667296786
737 1518 52 246.86604465178274 161.09263578807065 137.83572142619127
2009 1510 50 103.89365473236441 102.74122651542007 100.26090038993264
447 1509 17 162.5930599369085 157.44479495268138 145.17981072555204
1915 1508 34 127.50755767700876 123.81066030230708 117.23309466984885
909 1508 18 247.3580901856764 160.20954907161803 137.27320954907162
1211 1507 29 107.35072142064374 105.58379578246394 102.51831298557158
1446 1505 34 106.55926809864758 105.02784407319014 102.38743038981703
497 1502 21 128.2381852551985 123.8506616257089 117.09262759924385
1134 1499 36 225.88002636783122 85.98220171390902 96.10876730388925
831 1492 35 226.0138383102695 85.31536780772032 96.14930808448653
644 1493 38 223.66303690260136 128.40350877192984 116.77555958862675
1847 1489 30 106.93161546085233 105.36868186323092 102.53815659068384
1278 1488 30 194.47670961347868 120.60555004955401 125.54013875123884
388 1486 37 102.80883322346736 101.43441001977587 98.9340804218853
565 1486 38 105.65517241379311 103.53418027828192 101.1004234724743
950 1485 18 129.78779840848804 125.72944297082228 119.01061007957559
1594 1484 50 104.6479971641262 103.02197802197801 100.71464019851116
1076 1481 22 130.65217391304347 126.36862003780719 119.46124763705104
1685 1479 33 164.4136833731106 84.38504375497216 102.68416865552904
1508 1479 25 106.574047954866 105.23554301833568 102.36953455571226
893 1471 16 130.30914826498423 125.72870662460568 119.30599369085174
1008 1469 35 164.59213401310998 159.75018208302987 145.76547705753825
455 1466 20 104.61224489795919 102.69614512471655 100.33786848072563
1897 1463 8 112.5432098765432 108.37037037037037 105.93827160493827
1763 1458 42 163.25293217746048 84.48342682304947 102.48240693523714
1399 1459 25 164.81100141043723 159.67418899858956 146.07334273624824
2091 1455 37 126.54449571522741 122.55438365194462 116.45220830586683
1174 1455 17 246.70347003154572 159.51104100946372 137.42271293375393
1224 1451 17 105.75394321766561 104.06309148264984 101.12933753943217
507 1451 18 128.2944297082228 123.70557029177718 117.10344827586206
797 1448 21 129.97164461247638 125.47258979206049 118.92060491493385
1826 1445 16 130.27129337539432 126.16719242902208 119.82965299684543
1462 1444 20 128.36054421768708 125.01360544217687 118.54195011337869
1950 1443 29 162.98002219755827 158.6836847946726 145.496115427303
1648 1442 12 165.45637583892616 159.84563758389262 147.00671140939596
753 1439 18 107.07161803713527 103.79310344827586 100.973474801061
1331 1435 42 163.5670576236614 83.4691483936767 101.84803671596126
1264 1433 21 164.03402646502835 84.79017013232514 102.63327032136107
1052 1429 17 105.70031545741324 103.81388012618297 101.25236593059937
693 1429 35 127.77276037873271 123.7975236707939 117.37072104879826
572 1430 10 164.67256637168143 159.76106194690266 147.23008849557522
934 1429 34 104.58711217183772 103.39936356404138 100.89180588703262
1114 1426 35 129.61689730517116 125.83612527312455 119.00509832483613
617 1425 29 162.72475027746947 158.23418423973362 144.96559378468368
423 1425 27 103.51066499372646 102.31994981179422 99.82810539523211
2020 1425 29 103.21753607103219 102.07658157602664 99.5937846836848
1698 1424 25 213.08462623413257 138.91678420310296 134.45416078984485
1391 1419 11 165.95302013422818 160.45637583892616 147.4228187919463
1878 1416 34 160.8615751789976 156.49244232299125 143.60859188544154
856 1417 38 163.47247428917123 158.94010889292198 145.2819116757411
1430 1416 16 105.89589905362776 103.69400630914826 101.55205047318611
351 1416 36 162.44561634805535 157.7112722478576 144.85234014502305
1521 1414 37 163.48319050758073 158.84904416611732 145.58998022412655
476 1412 20 162.53061224489795 157.49433106575964 145.06349206349208
1006 1407 18 129.9416445623342 126.56498673740053 119.78514588859416
1815 1402 18 162.6206896551724 157.920424403183 145.16180371352783
1580 1402 17 108.41324921135646 106.81703470031546 104.77602523659306
1193 1398 37 104.29795649307843 103.34739617666446 100.71324983520104
2122 1396 22 102.59168241965973 100.93761814744802 99.12665406427222
2070 1394 22 126.648393194707 122.53497164461248 116.47069943289225
1328 1391 11 149.73825503355704 78.93959731543625 95.22818791946308
536 1391 37 103.43836519446275 102.21292023731047 100.00593276203031
774 1389 35 246.6627822286963 159.9373634377276 137.00218499635835
1641 1384 38 103.08348457350273 102.07924984875984 99.81367211131277
1268 1380 30 214.33498513379584 140.1506442021804 135.24677898909812
1951 1378 28 103.00554938956715 101.8157602663707 99.50943396226415
1462 1378 28 105.75249722530522 104.56936736958934 102.17758046614873
718 1374 15 214.35968379446638 85.83399209486166 95.09486166007905
398 1371 18 127.23607427055703 123.42175066312997 117.18037135278514
1326 1370 22 157.73724007561438 81.50472589792061 99.04725897920605
1058 1370 32 162.837023914969 158.73870682019486 144.47918511957485
1395 1366 33 127.38106603023071 124.22116149562451 117.52108194112968
1132 1362 24 104.81402936378467 103.66557911908646 101.43066884176183
591 1363 18 163.13262599469496 158.81697612732094 145.54641909814322
647 1361 33 103.34208432776452 102.59904534606206 100.1376292760541
885 1359 18 163.03448275862067 158.58090185676392 144.84084880636604
1832 1359 21 161.7788279773157 84.63137996219282 102.34404536862004
733 1358 14 106.95431472081218 99.90862944162436 98.01015228426395
1755 1357 51 189.6071309563479 117.77974008663779 123.13262245918028
836 1354 22 224.38374291115312 85.90926275992439 95.98298676748583
2015 1351 34 162.08194112967382 157.53142402545745 145.13126491646779
1684 1351 10 162.67256637168143 158.07079646017698 145.26548672566372
698 1351 14 163.3959390862944 158.63959390862942 145.18781725888323
460 1350 37 161.43704680290045 157.10744891232696 143.91364535266973
1556 1347 32 103.65456155890169 102.73427812223207 100.01682905225864
336 1345 29 126.65704772475029 123.0865704772475 116.58379578246394
960 1342 50 104.1793690180787 103.29457639135059 100.6118397731301
1499 1338 17 129.06940063091483 125.6813880126183 119.0788643533123
1894 1338 39 101.67150635208712 100.82214156079856 98.43315184513007
2095 1331 42 102.19071902090771 100.88883222845487 98.94084650688424
1300 1326 20 191.69614512471657 119.1655328798186 124.41043083900227
1609 1325 14 163.27918781725887 158.82741116751268 145.78172588832487
1183 1325 27 128.31493099121707 125.59096612296109 118.44291091593475
1455 1324 16 161.7097791798107 157.1198738170347 144.1135646687697
1345 1323 23 212.70636215334423 138.6867862969005 133.7243066884176
392 1323 26 126.89711417816812 123.04516938519447 117.00501882057715
1960 1319 22 162.01512287334594 157.79017013232516 144.67863894139887
796 1317 25 222.4428772919605 85.67842031029619 96.098730606488
1240 1315 22 164.33459357277883 160.52930056710775 145.5274102079395
1119 1312 23 103.88254486133769 103.33768352365416 100.48450244698206
1392 1310 14 167.10659898477155 162.46192893401013 148.8223350253807
624 1306 23 103.9004893964111 103.00815660685156 100.36215334420882
1664 1306 35 162.96139839766934 158.39985433357612 145.1536780772032
1299 1304 9 173.02469135802468 107.75308641975307 112.38271604938271
1049 1300 34 127.7859984089101 124.97852028639619 117.70723945902944
676 1299 22 127.68052930056712 124.72967863894141 118.04347826086956
543 1300 49 126.50323316850513 123.44237352605553 116.45036135412705
1820 1299 37 213.2386288727752 139.48187211601845 134.82597231377719
737 1299 33 162.15433571996817 158.14956245027844 144.5107398568019
867 1295 37 225.39947264337508 130.58734344100196 118.14436387607118
1551 1287 15 105.83399209486166 103.89723320158102 101.33201581027667
1503 1286 25 128.29619181946404 125.12976022566995 118.27362482369534
330 1283 28 103.43507214206437 102.1542730299667 99.96004439511654
1727 1281 23 161.0 82.87928221859707 100.64763458401306
787 1279 13 164.76142131979694 158.9492385786802 146.39593908629442
1158 1278 16 163.81072555205046 160.03154574132492 145.36908517350156
1933 1276 20 102.47165532879819 101.19047619047619 99.16099773242631
1600 1275 27 126.96361355081555 123.72020075282308 117.13048933500626
448 1273 37 103.22148978246538 102.36123928806855 99.79433091628212
1884 1271 18 127.52785145888593 123.6445623342175 117.59946949602121
1373 1272 20 164.0362811791383 85.48526077097506 103.38095238095238
2308 1270 5 159.24137931034483 158.48275862068965 160.72413793103448
1438 1270 37 103.28411338167435 102.24258404746209 99.67765326301911
1766 1268 14 163.34010152284262 158.50761421319797 145.74111675126903
381 1266 18 161.42440318302386 157.03448275862067 144.13262599469496
1209 1261 29 164.0821309655938 160.97891231964485 145.50943396226415
2011 1256 50 126.64232541651897 122.8840836582772 116.54342431761786
1687 1255 17 129.85804416403786 125.36277602523658 118.80126182965299
1109 1254 28 163.70033296337402 160.34628190899002 145.53496115427302
1299 1252 50 191.85218007798653 119.31619992910315 124.47040056717476
1297 1251 50 192.0 119.0 124.0
819 1251 25 104.06205923836389 102.94640338504936 100.27362482369534
2105 1248 35 159.7458120903132 155.23088128186453 143.2643845593591
947 1248 37 246.16809492419247 159.24456163480554 136.25642715886616
684 1246 26 129.05771643663738 126.28983688833124 118.81179422835633
91 1246 2 147.4 141.4 143.20000000000002
1016 1242 20 163.52154195011337 159.8843537414966 145.03854875283446
98 1242 2 173.20000000000002 171.8 173.20000000000002
616 1239 32 162.37023914969 158.6386182462356 144.27369353410097
91 1239 2 169.4 170.20000000000002 173.0
880 1237 21 223.4366729678639 86.11153119092627 95.85822306238185
1162 1235 17 106.52996845425868 105.62145110410094 102.6403785488959
503 1234 13 162.9035532994924 158.73096446700507 145.82741116751268
1847 1234 18 163.19628647214853 158.10344827586206 145.70822281167108
1889 1231 11 161.82550335570468 157.23489932885906 145.43624161073825
1932 1230 17 162.02523659305993 157.52681388012618 145.47318611987382
1796 1230 24 160.8026101141925 83.53833605220228 101.20391517128874
1643 1224 31 105.25952170062003 104.35518157661647 101.8281665190434
756 1222 36 103.83717864205668 103.46934739617666 100.65392221489782
401 1220 24 127.16150081566069 123.97226753670473 117.23327895595433
450 1217 14 127.6446700507614 124.15736040609136 117.86294416243653
1728 1212 37 213.71720500988792 139.32102834541857 134.74884640738298
1380 1212 36 214.89584706657877 141.0593276203032 135.87870797626894
333 1212 35 162.476329206118 158.1769847050255 144.71230881281866
1459 1211 22 127.61436672967864 124.60491493383743 118.0718336483932
847 1208 15 162.12648221343872 158.3478260869565 144.65217391304347
1540 1207 50 162.95143566111307 158.79688053881603 144.93725629209501
811 1205 16 162.32807570977917 159.26498422712933 144.8328075709779
556 1200 36 102.3282794990112 101.88068556361239 99.12195121951218
489 1197 23 126.94127243066885 124.03752039151713 117.35725938009789
1957 1195 21 128.11153119092629 124.12665406427222 117.94896030245746
1076 1195 26 223.80928481806774 86.69636135508155 96.68632371392722
2060 1192 24 101.35073409461664 100.50244698205547 98.58727569331158
1145 1190 24 129.0505709624796 126.20717781402936 118.69657422512236
1842 1188 18 106.48806366047745 104.62068965517241 102.38461538461537
1220 1186 40 104.4238706079197 104.12046848856666 100.96151701059676
953 1184 15 245.50592885375494 160.58498023715413 137.19367588932806
624 1183 21 160.6880907372401 158.06994328922497 143.80718336483932
685 1182 33 127.81304693715195 125.23150357995227 117.93396976929198
1898 1181 33 104.17024661893397 103.11058074781225 101.07000795544948
442 1181 19 103.21220159151193 102.28912466843501 99.80106100795756
2123 1179 32 126.75022143489814 123.01505757307352 116.87599645704164
1334 1179 11 161.74496644295303 157.33557046979865 144.48993288590603
896 1176 36 128.50823994726431 125.90507580751482 118.29861568885958
1608 1175 19 165.3527851458886 160.631299734748 147.19628647214853
1006 1172 38 223.22504537205083 86.23593466424683 95.85359951603147
1797 1171 23 189.30342577487767 118.26916802610114 123.88091353996738
1488 1170 9 164.35802469135803 160.0 146.46913580246914
399 1169 18 162.48541114058355 158.74270557029178 145.15915119363393
830 1168 24 130.0179445350734 127.31973898858075 119.97389885807505
1675 1166 25 190.3385049365303 118.14668547249647 123.83356840620593
1291 1158 31 161.49424269264836 84.66164747564217 102.37732506643047
2007 1152 38 103.52571082879614 102.54930429522082 100.32365396249244
1945 1148 16 128.22397476340694 124.13564668769716 118.23028391167192
1436 1144 37 161.5187870797627 83.5682267633487 101.58602504943967
1366 1143 25 191.2693935119887 119.47672778561353 124.79689703808181
603 1142 25 104.73624823695346 104.43441466854725 101.2722143864598
1173 1139 17 165.0 161.6750788643533 146.0851735015773
964 1139 19 107.40053050397877 106.81962864721484 103.62864721485411
1510 1138 23 214.3572593800979 140.30179445350734 135.31973898858075
1566 1136 20 161.76643990929705 84.37414965986395 101.73242630385488
342 1135 39 103.6442831215971 103.0701754385965 100.2885662431942
1752 1132 29 161.76581576026638 84.50832408435072 102.46281908990011
1701 1131 13 162.43147208121826 156.13197969543145 143.93908629441623
546 1131 23 160.2610114192496 157.23164763458402 142.89722675367048
481 1128 33 162.03023070803502 158.703261734288 144.38822593476533
1835 1125 35 127.78004369992718 124.3022578295703 117.90167516387473
2071 1125 24 162.43719412724306 158.46329526916804 145.22349102773248
756 1123 49 163.13389121338912 160.5777862305059 145.2693039178395
2125 1120 20 126.87301587301587 123.4875283446712 117.52607709750568
413 1121 25 102.53878702397743 102.38222849083216 99.0789844851904
1100 1116 50 224.94363700815313 132.03261254874158 118.80751506557958
1248 1115 23 162.93148450244698 160.21859706362153 144.86623164763458
1627 1112 38 162.42952208106473 84.26557773744707 102.1814882032668
1910 1109 25 161.64033850493652 157.64174894217206 144.61777150916785
924 1107 23 164.4061990212072 162.26427406199022 146.45024469820555
661 1107 38 127.95402298850576 125.8475499092559 117.70296430732003
855 1104 36 104.56031641397495 104.77389584706657 101.31311799604482
1012 1099 35 105.63364894391843 105.52585579024036 101.7946103423161
1320 1095 33 213.76610978520287 140.0318217979316 134.57120127287192
1484 1092 25 213.87729196050776 140.61212976022566 135.4033850493653
1698 1091 27 212.55207026348808 138.95357590966123 134.5495608531995
1441 1092 14 106.83756345177665 104.53807106598984 101.83248730964466
584 1091 25 102.83215796897038 102.89280677009873 99.82651622002821
1393 1090 24 190.89722675367048 119.23164763458402 124.22675367047309
1555 1084 26 188.96612296110413 117.70138017565871 123.20075282308656
1970 1079 34 129.1917263325378 125.72235481304695 119.07080350039777
456 1080 20 128.61904761904762 125.65532879818595 118.7641723356009
1187 1079 36 224.8035596572182 87.97429136453526 97.11470006591956
2033 1076 20 103.93424036281179 102.82993197278911 100.18367346938776
960 1076 16 107.29022082018928 107.21135646687696 103.17665615141955
1875 1074 20 105.5079365079365 104.08616780045352 101.92517006802721
1651 1064 16 213.28391167192427 141.10725552050474 136.33123028391168
1595 1065 19 160.51193633952255 84.53315649867373 101.93899204244032
711 1064 18 162.02917771883287 159.11140583554376 144.16710875331563
518 1063 38 104.67695099818512 104.59467634603752 101.36842105263159
797 1064 17 225.0378548895899 91.1167192429022 99.47949526813879
1257 1061 26 129.9272271016311 127.43287327478042 119.3513174404015
1425 1059 15 162.06324110671935 87.19367588932806 103.54150197628458
2097 1056 40 101.78583379810374 101.07808142777469 98.74233128834356
1915 1056 18 130.27586206896552 126.78249336870026 120.47745358090185
626 1057 9 163.12345679012344 159.60493827160494 145.87654320987653
1842 1052 11 162.63758389261744 158.33557046979865 145.92617449664428
1458 1053 12 163.33557046979865 158.74496644295303 145.51677852348993
915 1053 27 129.00627352572144 127.10163111668757 118.66499372647426
1776 1050 50 103.63629918468628 102.74512584190003 100.0170152428217
862 1042 13 224.84263959390861 135.01015228426394 121.4720812182741
380 1041 51 163.60813062312562 159.9126957680773 145.63045651449517
1188 1040 11 221.06040268456374 128.6778523489933 119.4496644295302
1129 1039 26 225.1367628607277 133.05395232120452 119.7176913425345
752 1038 28 223.37846836847947 88.13207547169812 96.99334073251943
1377 1035 31 161.07794508414526 83.62710363153234 101.10628875110717
1060 1034 35 163.73415877640204 161.9264384559359 145.49162418062636
1572 1031 19 129.14588859416446 125.75066312997347 118.77718832891246
590 1032 32 128.41364038972543 126.01417183348096 118.22940655447299
816 1030 19 244.80106100795754 160.3501326259947 136.9840848806366
670 1030 25 102.94499294781382 103.3836389280677 99.86600846262341
1508 1027 38 104.16031457955233 103.43375680580763 100.68723532970358
1690 1024 28 163.88235294117646 159.80910099889013 145.9433962264151
1306 1022 28 105.62597114317425 105.45948945615983 101.93784683684795
1626 1022 26 104.9134253450439 103.8168130489335 101.16687578419071
2098 1015 9 96.29629629629629 95.60493827160494 93.12345679012346
1941 1015 23 105.10929853181077 103.64110929853182 101.0978792822186
460 1014 25 162.10578279266574 159.05782792665727 144.56981664315938
1132 1013 12 158.05369127516778 117.73154362416108 108.97315436241611
1246 1012 14 244.68527918781723 157.55837563451774 135.08121827411168
979 1011 38 163.4355716878403 161.79612825166365 145.59407138535997
1875 1007 34 165.18138424821004 161.29116945107398 147.3070803500398
1440 1007 27 188.80050188205772 118.38268506900877 123.56461731493098
1133 1001 15 133.22134387351778 117.5691699604743 109.99999999999999
1188 999 39 244.41742286751364 158.08348457350274 135.26920750151243
921 1000 14 165.1522842639594 162.61421319796952 146.32487309644668
529 995 23 129.36541598694944 126.67699836867864 119.37683523654161
2020 991 49 163.23050589577787 159.56751616584253 145.48079117535184
1731 991 13 163.82741116751268 159.74111675126903 146.4263959390863
2099 989 24 103.52202283849918 103.14192495921696 100.394779771615
784 985 28 164.1764705882353 161.97336293007768 145.98335183129856
1037 984 18 131.77453580901857 129.9151193633952 121.17506631299734
860 984 34 225.86475735879077 90.28082736674622 98.59904534606206
714 984 30 225.32606541129832 133.18334985133797 119.94350842418235
1558 984 21 163.86389413988658 160.24196597353497 145.93950850661625
1354 982 19 190.9363395225464 120.89655172413792 124.81962864721484
366 978 13 133.70558375634516 130.2944162436548 123.61421319796953
1817 976 23 212.00978792822187 140.17292006525287 135.30505709624796
578 975 16 108.07255520504731 107.66561514195583 104.6782334384858
1604 975 16 130.07570977917982 126.34069400630915 119.73817034700315
1650 972 16 163.71293375394322 159.7097791798107 145.58675078864354
479 971 18 104.41114058355437 103.9575596816976 101.07692307692307
1472 970 15 167.01976284584978 163.08695652173913 147.98418972332016
1699 969 24 130.49592169657424 126.95595432300163 119.86949429037521
1267 966 25 226.85472496473906 91.12693935119887 99.28208744710861
1922 965 21 105.79584120982987 104.84688090737241 101.8015122873346
641 960 38 163.03629764065337 160.98548094373868 145.2323049001815
1089 959 34 106.25934765314241 106.75894988066827 102.62291169451075
416 957 35 130.1704297159505 127.65112891478515 119.90021849963584
1518 951 28 105.46503884572697 104.60821309655938 101.53829078801333
2085 946 13 162.2944162436548 158.62944162436548 145.38071065989845
1961 947 13 163.9492385786802 159.93401015228426 146.57868020304568
1764 945 35 162.28259286234524 84.61252731245449 102.04078659868901
1575 943 16 130.94637223974763 127.67507886435331 120.72870662460568
697 941 15 165.13438735177866 161.01976284584978 145.7391304347826
1000 940 27 164.90087829360098 163.5332496863237 147.0125470514429
930 939 36 165.21951219512195 163.5234014502307 146.88727752142384
589 939 12 163.2214765100671 160.28187919463087 145.58389261744966
1324 937 26 166.80050188205772 164.1668757841907 147.68255959849435
1151 937 24 225.60848287112563 133.81076672104405 120.19902120717782
1873 935 28 190.0710321864595 119.17647058823529 124.48390677025527
542 936 21 164.5274102079395 161.64083175803404 146.52173913043478
871 932 15 165.56521739130434 163.26086956521738 146.91304347826085
1219 930 30 131.96531219028742 130.02775024777006 121.05153617443013
1406 928 49 212.9691898060099 140.74629136553824 135.1289463674401
810 926 32 244.75465013286095 159.73250664304695 136.57395925597874
739 921 31 225.8219663418955 90.46235606731621 99.32683790965457
1634 919 38 105.15970961887479 104.6993345432547 101.44767090139142
1931 917 16 131.78864353312304 128.66246056782333 121.80441640378548
1270 916 21 244.8601134215501 158.37996219281663 135.8468809073724
680 910 21 132.17958412098298 129.53497164461248 121.68431001890359
485 910 33 164.4598249801114 161.69769291964997 146.37549721559267
1704 906 25 165.92524682651623 161.9605077574048 147.39210155148095
1985 905 32 105.31975199291409 104.83790965456156 102.06465899025687
1817 905 23 165.38336052202285 161.41924959216968 147.10114192495922
1106 906 13 165.497461928934 163.33502538071065 146.83756345177665
2057 904 32 163.05403011514616 159.58104517271923 145.09388839681134
1050 900 30 105.71159563924678 106.59762140733399 102.51437066402379
1487 899 23 163.2463295269168 86.55954323001632 103.92659053833606
1551 897 23 166.00652528548125 162.3458401305057 147.53017944535074
536 896 14 107.38578680203045 106.51269035532994 103.20304568527918
409 887 28 106.93007769145395 106.67258601553829 103.29522752497226
1817 881 12 169.43624161073825 136.66442953020135 128.20805369127515
980 881 30 166.69474727452922 165.48959365708623 148.39048562933598
606 879 48 105.01407379231647 105.33396728794219 101.57930772156713
1889 877 33 161.44073190135242 84.96022275258552 102.15831344470963
1768 875 23 192.87765089722677 121.40456769983687 125.93474714518761
1211 875 16 243.53943217665613 159.54574132492112 135.74132492113563
1588 870 16 164.77602523659306 160.82018927444796 146.74132492113563
1328 870 37 105.4067237969677 106.18259723137771 101.94660514172709
1092 871 16 106.80441640378548 106.63091482649843 102.62460567823344
1152 869 40 226.84160624651423 91.3792526491913 98.8605688789738
879 867 49 130.8592620768353 129.03651578546976 120.02890833016356
1517 866 20 213.78004535147392 140.63945578231292 135.45804988662132
717 866 25 227.40761636107192 91.81664315937941 100.00564174894217
1255 861 23 225.95758564437196 92.04730831973899 99.38662316476346
676 861 13 163.13197969543145 160.39086294416242 145.03553299492384
1625 860 17 108.76656151419559 107.65930599369085 104.7602523659306
782 855 33 225.43993635640416 132.98090692124106 119.72155926809866
458 855 24 129.9168026101142 128.02120717781403 119.46329526916803
1559 855 14 165.25888324873094 161.65989847715736 146.5228426395939
519 848 25 163.77150916784203 161.524682651622 145.91396332863187
1818 846 34 212.92203659506762 140.65473349244232 135.59347653142405
1458 846 31 161.74490699734278 84.86005314437556 102.44109831709477
2022 845 27 162.77917189460476 159.29987452948555 145.3086574654956
1393 844 24 130.86133768352366 128.61337683523655 120.13866231647636
949 844 15 106.91304347826086 107.11067193675889 102.98023715415019
1956 838 33 164.43993635640413 160.88146380270487 146.00397772474145
995 837 17 131.8832807570978 130.37223974763407 121.22712933753942
1108 835 10 165.84070796460176 163.69026548672565 147.10619469026548
1764 831 11 166.6510067114094 161.38255033557047 147.7785234899329
557 832 12 132.91946308724832 130.1006711409396 122.496644295302
1693 830 49 130.7725370863446 127.59452263217953 120.21110688474705
1053 828 35 131.08885651857247 129.6081573197378 120.38164603058996
419 829 18 106.47214854111405 106.12732095490716 103.05039787798408
1589 827 25 105.30606488011283 104.35966149506346 101.51763046544428
1891 825 17 210.17034700315457 138.397476340694 134.29652996845425
1284 826 17 130.86435331230282 129.27129337539432 120.34069400630915
521 822 11 134.0201342281879 132.0 121.14765100671141
734 820 17 165.29337539432177 162.4794952681388 146.6813880126183
1214 813 36 224.251153592617 132.98549769281476 119.3394858272907
675 806 37 164.99340804218852 163.04548450889914 146.95978905735
1532 806 34 191.56801909307876 120.28082736674622 125.15990453460621
1627 805 10 163.97345132743362 160.21238938053096 145.98230088495575
942 805 18 164.16445623342173 162.51724137931035 145.86472148541114
2018 802 12 109.26845637583892 107.98657718120805 105.42281879194631
523 800 23 128.5415986949429 126.22022838499186 117.86623164763459
1764 799 18 212.02387267904507 139.68435013262598 134.9336870026525
1419 793 24 104.67862969004895 104.78955954323003 101.13703099510604
1477 791 17 190.9116719242902 120.91167192429022 125.24605678233438
1864 789 15 160.31225296442688 86.85375494071145 103.3399209486166
590 790 37 130.0435069215557 128.05273566249176 119.44166117336849
991 787 21 164.20604914933838 163.64650283553877 146.38185255198488
816 782 39 227.22988505747128 91.20992135511193 99.6085904416213
1348 780 37 165.92682926829266 164.3394858272907 147.4983520105471
1983 779 21 163.22873345935727 160.11342155009453 145.50661625708884
1918 777 33 104.52426412092284 104.13922036595068 101.29355608591887
885 777 22 226.77315689981097 92.42533081285444 99.75803402646503
750 778 21 165.55009451795843 163.71833648393195 147.61058601134215
458 777 37 162.0955833882663 160.48648648648648 144.8358602504944
1280 776 19 165.6074270557029 164.3899204244032 147.13793103448276
1126 772 49 244.40775960441232 158.8820844427539 135.13997717763408
1029 772 13 164.8730964467005 163.0964467005076 146.39086294416242
1815 768 33 162.49323786793954 86.42879872712808 103.50835322195705
1663 762 15 211.11462450592884 139.47430830039525 134.8577075098814
1606 761 34 161.5863166268894 84.97056483691328 102.24264120922832
1449 758 11 166.0201342281879 163.45637583892616 147.85906040268455
695 757 17 131.94006309148264 130.0725552050473 121.32807570977917
1057 753 17 223.89589905362774 91.8359621451104 98.97476340694006
808 747 19 182.14854111405833 96.92042440318302 99.9708222811671
1549 747 19 160.9071618037135 85.88063660477454 102.80106100795756
1226 740 35 102.7225054624909 104.38018936635106 99.97523670793882
642 740 26 105.633626097867 105.96737766624842 102.27979924717691
1991 739 11 164.94630872483222 161.9798657718121 147.51677852348993
942 738 38 224.5468844525106 133.29522081064732 119.63944343617666
1288 736 16 105.07255520504731 106.60567823343848 102.06624605678233
1746 734 38 190.20810647307925 120.38717483363583 124.81669691470056
738 730 27 105.64240903387703 106.28481806775407 102.25345043914679
1489 730 34 164.21559268098648 161.70007955449483 145.9459029435163
859 728 23 244.92169657422514 160.22512234910278 136.74225122349102
516 727 38 104.17967332123413 105.04658197217182 101.06836055656383
1868 724 32 129.98139946855625 127.17006200177148 119.72099202834367
1405 722 37 129.93210283454184 128.06789716545813 119.0856954515491
1172 720 15 131.23320158102766 129.71146245059288 120.52173913043478
1014 718 31 226.2001771479185 92.06643046944198 99.56864481842338
803 717 32 131.92382639503987 123.27369353410097 115.59964570416298
1334 716 27 131.3789209535759 130.0677540777917 120.85319949811793
1676 713 25 160.52186177715092 85.01128349788435 102.1607898448519
587 714 25 163.59238363892806 162.0070521861777 145.9774330042313
1075 711 19 242.2679045092838 158.75596816976127 135.42175066312996
1631 708 17 213.4384858044164 141.49211356466876 136.26182965299685
1804 704 26 105.07904642409034 104.38393977415306 101.77540777917189
1951 704 33 165.06523468575975 162.38186157517902 147.5425616547335
896 699 14 222.62944162436546 93.05076142131979 100.26395939086294
1569 689 37 105.78312458800262 105.70204350692154 102.47923533289386
1516 682 10 165.35398230088495 162.7787610619469 147.84070796460176
1476 683 13 106.86294416243653 106.36040609137055 102.69035532994923
681 682 35 105.20903131828115 105.75600873998543 101.95411507647488
1129 679 32 104.04340124003544 105.2976085031001 100.84676705048716
986 679 22 105.86767485822307 106.12476370510397 102.04914933837429
1197 676 28 130.1387347391787 128.81132075471697 119.4361820199778
936 675 23 162.97879282218597 162.18433931484503 145.6867862969005
1667 673 15 130.8181818181818 127.85375494071145 120.45059288537549
535 673 13 131.66497461928932 129.31472081218274 121.31979695431471
575 670 19 130.58090185676392 128.87533156498674 120.28912466843501
1271 667 38 165.12704174228676 164.29522081064732 147.07199032062917
1046 668 29 130.89234184239734 129.42952275249723 119.96004439511654
620 667 17 165.05993690851736 162.94006309148264 147.1514195583596
865 664 34 105.42163882259348 106.28560063643596 102.33890214797137
745 665 22 163.3780718336484 161.71077504725898 145.67863894139887
1716 663 28 165.6836847946726 162.9134295227525 147.43174250832408
1438 657 20 163.43310657596373 161.98185941043084 145.79138321995464
1774 656 23 130.9657422512235 128.45350734094617 120.29526916802611
1831 652 23 163.89885807504078 161.22349102773248 146.15497553017946
796 648 22 163.1890359168242 162.00756143667297 145.53875236294897
1900 647 39 102.55414398064127 103.00665456745313 99.67090139140957
917 645 14 132.60406091370558 130.8477157360406 121.99492385786802
1509 642 28 164.21753607103219 162.48612652608213 146.5593784683685
1001 636 15 131.83399209486166 130.12648221343872 121.11857707509881
1631 635 28 104.12541620421754 104.19866814650389 100.76026637069923
1360 635 50 102.79014533853244 104.24920241049273 100.09571074087204
956 633 22 130.44612476370511 129.57277882797732 120.3421550094518
550 632 13 164.06091370558374 162.75634517766497 146.74111675126903
827 627 13 131.1725888324873 129.48223350253807 120.69543147208121
1162 622 20 161.34920634920636 161.27437641723355 144.5283446712018
758 620 23 130.721044045677 128.57096247960848 119.67536704730833
1682 617 16 164.09463722397476 161.38485804416402 146.21135646687696
1222 615 27 102.89335006273525 104.69761606022584 100.15934755332496
700 615 21 163.95841209829868 163.08506616257088 146.40642722117204
1801 608 19 164.03448275862067 162.24137931034483 146.67108753315648
1569 609 33 130.23150357995226 128.27207637231504 119.55688146380271
1093 608 29 162.19755826859046 162.08879023307438 144.8712541620422
610 604 49 129.21757322175733 127.74971472042603 118.80068467097756
1041 603 17 165.84542586750788 165.2776025236593 148.2397476340694
1448 602 39 130.7102238354507 129.09981851179674 120.28675136116154
1737 600 37 102.95715227422544 103.29334212261041 99.89518787079761
1280 600 23 164.54486133768353 163.59053833605222 146.46166394779772
1511 597 11 107.06711409395973 106.28187919463087 103.26845637583892
1850 590 26 130.89585947302382 128.62735257214553 120.65370138017565
806 579 28 103.2253052164262 104.51165371809101 100.27524972253052
680 575 17 163.02208201892745 161.7665615141956 145.397476340694
991 575 35 102.95265841223599 104.73998543335762 100.32774945375091
725 573 23 103.7699836867863 104.74714518760196 100.73246329526917
1057 568 20 131.0589569160998 129.92517006802723 120.48526077097506
1174 566 34 102.98090692124106 104.9474940334129 100.5035799522673
1112 565 19 131.9628647214854 130.2838196286472 121.12732095490716
1320 561 25 130.40902679830748 129.08321579689704 120.15232722143864
893 560 50 163.91102445941155 163.0613257710032 145.94044665012407
1803 558 23 103.35073409461664 104.17455138662316 100.84176182707994
1567 546 21 103.95652173913044 104.43856332703214 101.19659735349717
1649 545 50 164.70187876639488 162.5969514356611 146.92414037575327
1251 544 35 162.34231609613985 161.76256372906047 144.86525855790242
1503 541 29 164.1764705882353 162.57935627081022 146.1276359600444
1387 539 32 164.68467670504873 163.89016829052258 146.88308237378212
762 534 21 163.15879017013233 161.86578449905483 145.64083175803404
1451 534 19 102.12732095490716 103.54111405835543 99.72944297082228
1027 531 17 105.36908517350157 106.40694006309148 102.10094637223975
680 522 37 103.22544495715226 104.28279499011205 100.48253131179959
811 521 25 130.2891396332863 128.63187588152326 119.50070521861777
1745 520 39 129.94313369630976 127.59165154264974 119.6690865093769
963 515 24 130.43230016313214 129.31484502446983 120.07830342577488
1342 514 15 164.53754940711462 163.7905138339921 146.80237154150197
1144 508 18 162.80636604774534 162.43236074270555 145.2944297082228
1531 505 11 162.38926174496643 160.94630872483222 146.1006711409396
1419 500 18 132.18037135278513 130.9681697612732 121.72413793103448
1085 501 37 162.2597231377719 162.00395517468687 144.86486486486484
1571 491 30 130.9702675916749 129.14073339940535 120.48761149653122
859 488 25 103.67277856135402 104.80394922425951 100.58533145275035
1295 484 37 101.91825972313777 104.00065919578114 99.47264337508238
1373 481 22 164.5633270321361 163.6219281663516 146.96597353497165
1481 478 37 103.94990112063282 105.07317073170731 101.17139090309821
1019 475 25 162.5472496473907 161.67983074753172 145.2919605077574
1688 472 21 163.1568998109641 160.74480151228735 145.80340264650283
747 472 37 163.57679630850362 161.90969017798284 145.71852340145023
1201 468 49 129.40471662228984 128.1939901103081 118.8938759984785
1133 468 11 162.50335570469798 162.20805369127515 145.7986577181208
810 468 21 130.7826086956522 129.31758034026464 120.33459357277883
977 463 15 163.2569169960474 162.47035573122528 145.97233201581028
921 463 33 130.6117740652347 129.4821002386635 120.05648369132857
1056 453 16 131.19242902208202 129.98738170347002 121.06624605678233
998 452 24 126.68026101141926 127.56117455138663 118.30179445350734
1415 450 27 103.57089084065244 104.91091593475532 100.85069008782935
1348 444 15 159.96442687747034 159.2173913043478 143.19367588932806
1631 443 40 100.17401003904072 101.45454545454547 97.8499721137758
1534 439 26 129.4930991217064 128.07528230865745 119.29234629861982
1111 429 35 101.38310269482885 103.32410779315369 99.28113619810634
1271 425 21 103.85633270321361 105.33270321361059 100.9187145557656
800 423 18 102.9973474801061 104.33421750663129 100.48806366047745
1317 422 15 162.4071146245059 162.29249011857706 146.01581027667984
999 419 35 103.51201747997088 105.38091769847051 100.41442097596504
1057 415 14 130.87817258883248 129.4010152284264 120.76649746192892
860 407 37 162.6005273566249 161.94594594594594 145.51549110085693
1365 400 37 128.87013843111404 127.3691496374423 118.39419907712589
1576 399 22 102.06049149338375 103.13610586011342 99.75992438563327
1233 395 13 162.52791878172587 161.07614213197968 145.746192893401
1172 392 25 130.01551480959097 128.48377997179125 119.36107193229901
934 386 30 102.08721506442022 103.42913776015857 99.54905847373637
1297 382 25 128.99153737658673 127.54301833568405 118.78561354019746
1129 375 15 131.02766798418972 129.2490118577075 120.69169960474308
1533 373 16 163.5583596214511 161.53943217665613 146.26498422712933
1462 373 50 161.5381070542361 160.36511875221552 144.69868840836583
991 349 21 160.4196597353497 160.3100189035917 144.1984877126654
1067 346 47 100.16510395434162 102.38728088055443 98.18304117407257
1393 333 21 161.3780718336484 160.2155009451796 144.1890359168242
1352 332 16 163.34700315457414 161.93059936908517 146.09463722397476
1304 331 21 101.64083175803403 103.35349716446125 99.26275992438563
1230 331 46 161.67835303709742 160.69058295964126 144.62128006522624
1151 322 29 160.46836847946727 159.6015538290788 143.95671476137625
1177 85 2 161.4 164.20000000000002 161.0
1170 85 3 167.0769230769231 172.0 169.6153846153846
1171 80 2 156.4 161.60000000000002 161.20000000000002
1177 79 2 169.60000000000002 175.4 174.20000000000002
