1177 2324 2 161.8 158.8 163.20000000000002
1187 2323 2 143.20000000000002 138.8 141.6
1179 2318 2 155.4 150.4 152.0
1185 2316 2 153.8 147.8 146.4
1088 2131 10 128.5132743362832 124.78761061946902 118.38938053097345
1342 2126 22 100.37051039697543 99.53497164461248 96.90737240075615
1119 2116 23 162.85970636215336 158.13213703099512 144.80913539967375
1437 2101 22 101.9546313799622 100.74858223062382 98.21550094517958
1200 2101 48 124.05553442373527 120.7790034233549 114.06504374286801
995 2100 15 163.59683794466403 159.1304347826087 145.37154150197628
1288 2096 32 100.82285208148805 99.8237378210806 97.19220549158548
1057 2079 44 99.63884959924563 98.78076379066478 95.91230551626592
1487 2074 27 124.2647427854454 121.03136762860727 114.702634880803
1129 2070 22 100.81852551984878 99.8960302457467 97.3194706994329
1376 2066 33 166.10660302307082 160.68178202068418 147.33174224343676
1541 2061 18 164.9257294429708 160.0 146.49602122015915
863 2053 23 124.6721044045677 121.48123980424144 114.80424143556282
942 2048 51 165.4175274908364 160.46917694101967 146.1212929023659
1314 2045 15 165.16600790513831 159.98418972332016 146.57707509881422
1436 2036 24 166.38988580750407 161.00489396411095 147.1778140293638
1650 2033 17 103.97791798107255 102.10410094637224 100.03470031545741
1380 2029 9 163.92592592592592 158.60493827160494 145.09876543209876
1257 2023 38 102.57592256503328 101.14700544464611 98.51058681185724
1176 2018 29 168.38512763596006 163.29189789123197 148.52941176470588
1382 2014 14 161.75126903553297 156.53807106598984 142.994923857868
1108 2010 35 101.09468317552805 99.87035688273853 97.46103423160962
1496 2008 33 100.86634844868736 99.46857597454256 97.32140015910899
810 2003 39 101.0248033877798 99.6690865093769 96.86630369026014
1581 2001 49 166.61163940661848 160.85469760365157 147.63978699125144
1334 1996 35 126.76911871813547 122.55280407865988 116.1864530225783
1031 1991 41 125.7786843447221 121.9709331973483 114.96277409484958
883 1992 32 103.12843224092117 101.62887511071746 98.65899025686448
739 1988 21 165.65595463137996 160.62948960302458 146.1852551984877
1693 1984 41 100.94798572157063 99.42682304946456 97.1754207037226
1425 1972 38 102.43073200241984 100.54446460980037 98.32486388384756
1214 1971 15 166.40316205533597 160.86166007905138 147.44268774703556
958 1967 29 126.35183129855716 122.81687014428414 116.08102108768036
1161 1949 33 167.68337311058076 162.22991249005568 148.10580747812253
1349 1947 8 170.91358024691357 164.6543209876543 151.9753086419753
671 1947 31 103.73073516386182 102.4472984942427 99.52790079716564
1099 1946 23 126.89885807504079 122.9673735725938 115.99510603588908
1761 1939 30 166.39345887016847 160.47472745292367 147.50545094152625
1489 1935 27 170.13299874529486 164.2107904642409 150.4905897114178
903 1931 29 128.1764705882353 124.0377358490566 117.17203107658158
1552 1927 26 103.89585947302383 102.32873274780425 99.8858218318695
1001 1928 22 102.40264650283554 100.99243856332704 98.50661625708885
750 1925 38 126.09195402298852 122.25468844525106 115.31215970961888
1268 1924 50 126.76958525345623 122.98936547323645 116.3683091102446
1044 1923 17 167.4763406940063 161.86750788643533 147.95268138801262
1625 1917 42 125.96889342172362 121.97654258031618 115.73278939316675
829 1918 35 167.1034231609614 161.37436270939548 147.57756737072106
1811 1911 19 127.48010610079575 123.48541114058355 117.42705570291777
1704 1908 31 103.13728963684677 101.82728077945085 99.62267493356953
1359 1900 35 103.21412964311726 101.69191551347414 99.156591405681
1071 1896 13 170.36548223350252 164.6700507614213 149.74111675126903
1194 1890 26 127.24592220828104 123.30740276035131 116.68381430363864
1125 1890 32 104.2356067316209 102.84853852967228 99.85296722763508
681 1885 20 167.13378684807256 161.98866213151928 147.687074829932
616 1884 37 167.45286750164797 161.80553724456163 148.2722478576137
1438 1883 40 168.83993307306193 162.90462911321808 149.4723926380368
896 1878 18 129.12997347480106 124.9787798408488 117.85411140583554
1519 1877 31 104.8281665190434 102.97519929140833 100.61293179805138
1770 1876 26 127.19824341279798 123.0138017565872 116.63739021329987
1028 1876 28 169.19311875693674 163.61487236403997 149.20199778024417
957 1874 32 167.0398582816652 161.47918511957485 147.50841452612931
784 1870 17 168.26182965299685 162.54574132492112 148.45110410094637
1575 1867 18 168.6074270557029 162.9310344827586 149.44562334217505
1668 1865 15 169.01976284584978 163.78260869565216 149.85375494071144
1077 1860 13 170.4467005076142 164.71065989847713 150.76142131979694
1718 1853 18 169.0238726790451 163.14323607427056 149.9814323607427
1840 1848 42 167.838347781744 162.4676185619582 148.8041815400306
734 1848 36 126.84508899143044 122.57284113381674 115.96440342781806
1384 1845 15 168.76284584980235 162.7588932806324 149.2687747035573
1620 1845 20 167.4875283446712 162.1201814058957 148.6077097505669
1159 1840 19 169.45623342175065 164.07957559681697 149.50397877984085
1552 1839 15 105.8498023715415 103.60474308300394 101.21343873517786
1308 1836 35 170.33794610342318 164.35178441369266 150.5185724690459
1231 1832 39 104.60193587416819 103.00665456745313 100.66969147005446
915 1826 23 167.90701468189235 162.09461663947798 148.5872756933116
838 1823 49 102.15671357930772 100.35678965386079 97.75846329402815
572 1821 38 126.72595281306717 122.29885057471266 115.69147005444647
1747 1821 22 127.48393194706995 123.62759924385634 117.19470699432893
660 1821 35 103.45010924981793 101.72396212672979 99.13182811361982
1094 1816 36 128.00395517468687 124.00197758734343 116.95912986156888
1367 1813 19 128.80636604774534 124.16180371352785 117.9840848806366
1422 1811 33 128.1081941129674 123.75894988066827 117.24105011933175
1010 1810 42 102.82100968893423 101.16573176950536 98.68026517083122
1678 1807 40 103.50641383156722 102.10373675404351 99.73842721695483
1901 1805 23 166.0489396411093 160.58238172920065 147.7846655791191
1587 1801 30 127.11199207135778 123.26263627353815 116.86818632309217
1498 1800 42 127.98725140234575 123.6823049464559 117.10555838857726
768 1800 15 166.8814229249012 161.2094861660079 147.16600790513834
1791 1798 23 127.17618270799348 123.18270799347472 116.61011419249593
1161 1787 31 105.02302922940656 103.46589902568645 100.66784765279009
946 1786 22 128.82608695652175 124.11531190926276 117.59168241965973
508 1786 20 168.13378684807256 162.2766439909297 148.97052154195012
1328 1784 16 167.77287066246058 161.87066246056781 149.05362776025237
1289 1784 18 128.88594164456234 124.6392572944297 118.3103448275862
725 1767 38 103.37144585601936 101.42226255293407 98.65335753176045
1201 1766 8 170.0 163.49382716049382 151.0
610 1764 20 168.50566893424036 162.63718820861678 149.0408163265306
1439 1763 10 168.53097345132744 162.53982300884957 149.6283185840708
890 1763 20 168.8027210884354 163.06802721088437 149.2766439909297
783 1763 15 166.67193675889328 160.66007905138338 147.6679841897233
1935 1762 25 101.20310296191819 99.71791255289139 97.45839210155148
660 1761 17 128.4826498422713 124.10410094637224 117.33123028391167
1629 1759 21 104.14366729678639 102.51984877126654 99.88846880907373
1381 1750 39 102.87961282516638 101.30732002419843 98.88808227465215
1240 1750 28 168.2819089900111 162.6803551609323 148.78246392896781
1025 1750 13 169.60913705583755 163.46192893401013 149.9492385786802
1849 1749 49 126.79269684290605 122.74476987447699 116.31761125903385
1745 1747 41 126.95206527282 123.01529831718511 116.34319224885263
974 1745 22 106.46502835538753 104.29111531190927 101.68809073724007
553 1741 35 103.7130371449381 101.72323379461035 99.19810633648945
1308 1736 27 103.54203262233375 102.03764115432872 99.84190715181931
844 1736 31 104.42161204605846 102.30026572187776 99.8281665190434
1673 1729 23 167.43393148450247 162.39804241435564 148.61500815660685
612 1727 14 127.41116751269034 123.19289340101521 116.7715736040609
1560 1724 41 168.9724630290668 163.3493115757267 149.6343702192759
1085 1721 47 168.2560130452507 162.86384019567876 148.4011414594374
481 1721 25 168.17348377997178 162.08744710860367 148.92242595204513
780 1720 20 170.01814058956916 163.7981859410431 150.29705215419503
1013 1718 17 106.16403785488959 103.62145110410094 100.9558359621451
1915 1716 18 105.01856763925728 103.13527851458885 100.88594164456232
1177 1716 34 128.79236276849642 124.85839299920445 117.85839299920445
914 1713 33 129.08910103420843 124.54574383452666 117.80668257756564
1969 1712 23 126.92169657422512 122.91843393148451 116.59216965742252
1794 1711 12 107.6241610738255 104.98657718120805 102.57718120805369
1467 1706 49 103.95093191327501 102.55800684670977 100.15633320654241
1262 1706 14 167.32994923857868 161.9035532994924 148.4010152284264
1631 1705 21 128.85822306238185 124.61247637051041 118.20415879017014
812 1706 8 114.82716049382715 109.02469135802468 105.51851851851852
663 1698 34 169.1686555290374 163.3579952267303 149.52983293556088
985 1695 13 131.39086294416242 126.1218274111675 119.66497461928932
1342 1690 15 168.24110671936756 162.75098814229247 149.22134387351778
732 1690 26 167.26097867001255 161.0150564617315 147.59598494353827
855 1681 16 246.65299684542586 160.86119873817034 138.33753943217664
592 1680 30 104.23587710604559 102.40436075322101 99.89692765113973
1391 1676 16 128.50473186119874 124.54258675078864 118.28706624605678
1230 1672 27 104.0677540777917 102.84065244667502 99.98619824341279
521 1673 31 127.85651018600532 123.42604074402126 116.77856510186005
1706 1670 39 103.37870538415004 102.0907441016334 99.65819721718088
1774 1668 22 166.97920604914935 162.0453686200378 148.63327032136107
1295 1668 29 169.50832408435073 164.34628190899002 149.93451720310767
1590 1668 17 217.29652996845425 141.70662460567823 137.13249211356467
952 1666 20 226.68934240362813 86.78231292517007 97.07936507936508
445 1660 38 102.6636418632789 100.99516031457956 98.57894736842105
1841 1659 35 103.98907501820831 102.84705025491624 100.27530954115078
1533 1656 21 193.05103969754254 119.93194706994329 125.23818525519849
1092 1656 13 109.14213197969542 106.29441624365481 103.37055837563452
1918 1656 34 167.10580747812253 162.4892601431981 148.673031026253
800 1651 36 225.60382333553062 85.79696769940672 96.18391562294
2006 1650 45 101.2005242463958 100.11402359108781 97.70554827435562
1636 1650 25 162.32299012693935 82.67700987306064 101.2002820874471
1020 1645 37 247.88068556361236 161.5332893869479 137.9578114700066
1421 1644 17 169.65930599369085 164.4416403785489 150.21135646687696
741 1643 12 168.74496644295303 161.7718120805369 149.4228187919463
696 1640 27 104.30238393977415 102.13801756587202 99.84567126725219
1357 1639 25 103.13822284908322 101.77291960507758 99.28631875881523
1157 1639 37 220.12458800263676 145.139090309822 138.9887936717205
888 1635 32 224.8060230292294 128.74136403897253 117.45438441098318
568 1634 12 166.02684563758388 159.93288590604027 146.9798657718121
1216 1625 15 217.27667984189722 141.86166007905138 136.71541501976284
1306 1620 13 169.08121827411165 163.53299492385784 149.6243654822335
1261 1613 23 217.6867862969005 142.79445350734096 137.18760195758566
1763 1610 36 127.04548450889914 123.3843111404087 116.8767303889255
1476 1610 37 218.48912326961107 143.85893210283453 138.39749505603163
953 1609 30 227.29335976214074 86.98116947472745 96.92864222001982
840 1608 12 245.993288590604 163.14093959731542 139.4295302013423
1578 1607 35 162.98907501820833 83.11871813546978 101.86890021849965
472 1602 18 128.82228116710874 124.16180371352785 117.79575596816976
1403 1600 24 168.62805872756934 163.3393148450245 149.3784665579119
628 1600 46 127.08520179372198 122.80391357521403 116.4300856094578
530 1600 34 167.94272076372314 161.93953858393 148.58154335719968
1084 1596 35 169.71886380189366 164.15877640203934 150.0735615440641
749 1590 35 168.74945375091042 163.20247632920612 149.63656227239622
1933 1588 29 102.96004439511654 101.8046614872364 99.05105438401776
1991 1583 20 127.32879818594104 123.27664399092971 116.76643990929705
1853 1582 33 165.39299920445507 160.5966587112172 147.23548130469374
909 1579 14 247.8730964467005 162.46192893401013 138.63959390862942
2049 1578 31 164.50132860938885 159.68821966341895 146.76527900797166
1668 1578 48 217.28261696462533 142.69456066945608 137.4412324077596
1528 1578 14 194.92893401015226 121.9492385786802 126.64974619289339
1197 1575 31 161.57573073516386 81.53941541186892 100.0575730735164
1015 1574 31 129.15146147032772 124.90168290522587 118.10451727192206
867 1572 19 226.0053050397878 87.79840848806366 97.60477453580901
820 1573 23 168.77324632952693 162.65089722675367 149.2267536704731
691 1563 20 167.76190476190476 161.71201814058958 148.28571428571428
1801 1562 18 128.44827586206895 124.6498673740053 117.82758620689654
1254 1560 24 105.57096247960848 103.50407830342579 100.87601957585645
1335 1556 50 195.27118043247074 121.18397731300958 125.79829847571783
495 1555 17 128.0788643533123 123.69716088328076 117.31230283911671
408 1554 51 168.4971676107964 162.50249916694435 149.26391202932356
1138 1552 27 129.4203262233375 125.68005018820577 118.57967377666247
1549 1546 19 129.40583554376659 125.01591511936338 118.79840848806366
1493 1544 23 217.50570962479608 142.62969004893964 137.49592169657424
784 1543 18 108.62334217506631 106.10875331564986 103.57029177718832
1599 1542 22 194.19281663516068 120.1304347826087 125.71455576559546
1427 1538 37 162.17468688200395 81.75939353988134 100.42122610415292
1924 1531 18 165.78249336870024 161.53315649867372 147.56233421750662
1833 1529 17 105.33123028391167 103.5141955835962 101.06309148264984
1879 1527 23 127.08809135399675 123.66557911908646 116.99347471451877
1746 1527 35 159.61034231609614 80.99417334304444 99.46030589949017
562 1524 44 103.72230080150872 101.97265440829797 99.75766148043375
2078 1524 21 127.66540642722117 123.74669187145558 117.75236294896031
730 1518 32 105.30115146147033 103.2533215234721 100.83613817537645
1068 1517 41 105.63844977052524 104.03671596124427 101.33605303416624
1198 1516 21 168.296786389414 163.1890359168242 149.14555765595463
945 1515 48 248.0452643590719 161.35450741726893 138.10802586534805
853 1512 38 104.5166364186328 102.64912280701755 100.22746521476105
650 1509 36 166.72907053394857 161.27027027027026 147.92089650626235
1523 1506 13 167.43654822335023 161.39086294416242 148.75126903553297
482 1504 31 128.3525243578388 123.84676705048716 117.41806908768822
1997 1504 50 102.25806451612904 101.31619992910315 98.44594115561857
1696 1501 14 169.4213197969543 163.55837563451774 150.81218274111674
1572 1496 30 104.61050545094153 102.79187314172448 100.52725470763131
1376 1495 16 193.24921135646687 121.0788643533123 125.54258675078864
1641 1492 34 104.17104216388226 102.72951471758155 100.5035799522673
1262 1492 36 218.86156888595912 143.8668424522083 138.15952537903758
787 1493 22 167.69565217391306 162.30434782608697 148.67674858223063
1913 1487 22 164.85444234404537 160.5633270321361 146.69943289224952
1800 1486 24 193.95432300163134 120.29690048939642 125.53507340946167
1329 1486 16 218.82018927444796 144.96529968454257 139.05047318611986
1142 1482 34 248.1145584725537 162.1622911694511 138.49164677804296
1859 1480 26 126.64491844416561 123.11668757841906 116.5483061480552
428 1478 22 104.63327032136107 102.48960302457468 100.01512287334594
1012 1477 16 227.38170347003154 91.45741324921136 100.38170347003154
1204 1473 18 104.57824933687002 102.80901856763926 99.94429708222812
1476 1471 41 128.28301886792454 124.31616522182561 117.65017848036716
358 1470 39 102.06533575317606 100.6388384754991 98.3750756200847
699 1469 14 245.86802030456852 158.80710659898475 137.00507614213197
1400 1456 23 166.442088091354 161.08972267536706 147.4714518760196
606 1454 29 223.49833518312985 128.2031076581576 116.8157602663707
2079 1452 41 164.00458949515556 158.87761346251912 146.3401325854156
1734 1448 43 126.87081565299387 123.11456859971712 116.48090523338048
526 1448 30 225.85133795837461 86.26858275520317 96.26560951437067
1543 1447 17 165.14826498422713 160.33123028391168 146.81703470031545
823 1446 22 246.9962192816635 159.70132325141776 136.88090737240077
462 1443 21 166.31758034026464 160.3553875236295 147.50472589792062
1013 1442 11 224.95973154362414 132.48993288590603 120.5503355704698
890 1441 38 227.36781609195404 86.8723532970357 96.77192982456141
1665 1439 14 166.68020304568526 161.50761421319797 147.8172588832487
1287 1437 17 192.02208201892745 119.93059936908517 124.54889589905362
965 1436 22 166.28544423440454 160.70132325141776 147.13421550094517
754 1435 38 224.29764065335755 129.4767090139141 117.85359951603147
1813 1434 20 165.7482993197279 160.8639455782313 147.35827664399093
1063 1432 33 227.76213206046143 87.86475735879077 97.51471758154337
1341 1432 29 161.80244173140954 82.3795782463929 100.57047724750278
1119 1430 16 247.97476340694004 161.87066246056781 138.69085173501577
1607 1429 29 127.28412874583796 123.78579356270811 117.0754716981132
2012 1424 23 164.43719412724306 159.9494290375204 146.63295269168026
1857 1424 24 101.85807504078304 101.05220228384992 98.55954323001632
1230 1423 30 166.30227948463826 161.29137760158574 147.50545094152625
1166 1421 23 229.77161500815663 89.95269168026101 99.21533442088092
1935 1416 45 125.67540410659677 121.9213630406291 115.5474006116208
669 1413 41 223.86741458439573 84.52728199898011 95.34319224885263
1395 1407 24 160.15986949429038 81.06688417618271 99.05709624796086
1462 1404 20 105.55328798185941 103.69160997732426 101.3219954648526
1523 1397 32 103.37466784765279 102.11780336581046 99.58724534986715
1298 1397 15 164.27272727272725 159.63241106719366 146.0
1010 1398 25 226.8265162200282 87.90267983074753 97.27503526093089
325 1396 32 165.14614703277238 160.04517271922055 146.94331266607617
490 1395 29 103.94561598224196 101.72807991120978 99.4361820199778
411 1393 41 163.77307496175422 158.52014278429374 145.58337582865886
2055 1388 18 103.57294429708222 101.83819628647214 99.81697612732096
1668 1385 35 103.63073561544064 102.76839038601602 100.04005826656956
1573 1384 13 165.59390862944161 160.23350253807106 147.53807106598984
2111 1384 29 103.8046614872364 102.09655937846837 100.12208657047725
1728 1380 13 164.15736040609136 159.53807106598984 146.02538071065987
1348 1380 19 160.3527851458886 83.01856763925728 101.24933687002653
949 1378 36 225.17798286090968 130.3421226104153 117.94462755438364
818 1376 38 246.8257713248639 159.0235934664247 136.4603750756201
569 1375 47 245.89808397880148 157.17162657969834 135.25805136567467
1128 1374 34 226.1988862370724 130.36276849642005 118.34447096260939
884 1374 20 224.97732426303855 87.08843537414967 97.16326530612245
1800 1374 43 101.97454031117397 101.006129184347 98.55209806694955
1196 1372 17 247.57728706624604 160.41324921135646 137.77602523659306
2002 1368 30 102.80971258671953 101.56590683845391 99.46679881070366
1060 1367 26 226.33375156838142 131.46047678795483 119.10664993726473
742 1367 29 224.23862375138737 128.88790233074363 117.48057713651498
1871 1362 24 162.5415986949429 158.10440456769985 144.9853181076672
362 1355 20 128.25396825396825 123.92743764172336 117.71655328798187
1486 1353 14 215.4263959390863 141.11675126903552 136.39593908629442
301 1350 16 164.19873817034699 159.12618296529968 146.58675078864354
1546 1350 10 131.53097345132744 127.17699115044248 120.46017699115045
687 1350 17 222.77917981072554 85.397476340694 95.59621451104101
514 1343 12 129.14093959731542 124.47651006711409 118.1744966442953
1425 1342 39 192.09437386569874 119.35329703569269 124.43496672716275
1270 1341 48 128.04298212248003 124.84404716622291 117.82921262837581
2060 1341 23 163.96084828711255 158.8189233278956 146.65579119086462
469 1339 30 127.1189296333003 123.36769078295342 116.71060455896928
641 1339 22 246.4536862003781 159.9054820415879 137.42911153119093
1598 1335 39 126.7803992740472 123.4367816091954 116.73563218390805
1720 1333 31 127.31975199291409 123.87068201948628 117.140832595217
1349 1328 28 166.46503884572698 161.92674805771367 147.76470588235296
1935 1324 35 163.88783685360525 159.38820101966496 145.80116533139113
1663 1324 16 164.58675078864354 160.0441640378549 146.42271293375393
827 1319 14 128.9492385786802 125.23857868020303 118.69543147208121
1008 1317 37 246.67040210942648 159.94726433750822 136.87475280158205
1176 1316 36 226.85563612392878 87.70995385629531 97.45945945945945
943 1316 19 225.0106100795756 129.73474801061008 118.44562334217505
2113 1315 30 163.2408325074331 158.36967294350842 146.1288404360753
876 1315 32 164.67316209034544 160.25509300265722 146.11780336581046
775 1314 27 101.89460476787954 100.74404015056462 98.35884567126725
2020 1313 21 102.16446124763705 100.85066162570888 98.68620037807183
717 1311 18 165.06631299734747 160.3740053050398 146.74535809018568
403 1311 35 100.66933721777131 99.51201747997086 97.49817916970139
1864 1308 31 103.20903454384411 102.18866253321524 99.81399468556245
1097 1305 38 104.95523290986087 103.86025408348458 100.97822141560799
319 1298 39 103.33212341197823 102.14216575922566 99.97580157289777
1647 1293 16 104.83280757097792 103.09463722397476 100.17981072555204
602 1291 33 223.3444709626094 84.89101034208433 95.4049323786794
1980 1290 15 127.63636363636363 123.99604743083003 117.40711462450592
2067 1289 18 126.81962864721484 123.03713527851458 117.0026525198939
460 1288 9 161.9506172839506 157.03703703703704 144.88888888888889
1509 1286 48 217.27120578166603 143.0715100798783 137.58120958539368
1438 1283 16 158.70031545741324 81.5615141955836 99.20820189274448
920 1282 11 244.95973154362414 160.13422818791946 138.76510067114094
521 1279 40 164.3781372002231 160.17010596765198 146.03123257110988
1908 1278 11 164.36912751677852 160.3489932885906 147.51677852348993
1396 1276 20 165.8231292517007 161.77324263038548 147.08390022675738
1783 1274 47 164.0697105584998 159.6934366082348 146.09253974724825
672 1272 33 223.3683373110581 85.587907716786 96.12808273667463
1280 1270 11 167.93959731543623 164.05369127516778 148.9731543624161
743 1266 27 128.27478042659973 125.01882057716436 118.24717691342533
1338 1265 35 102.45083758193736 102.11944646758923 98.98543335761107
1143 1265 15 105.09090909090908 103.64822134387352 100.8695652173913
1606 1263 30 104.62537165510406 103.53022794846382 101.02378592666005
893 1262 14 165.18274111675126 160.91878172588832 146.52791878172587
965 1259 30 225.67195242814668 87.50049554013874 97.03369672943508
1179 1258 15 165.82608695652172 162.29249011857706 146.71541501976284
1691 1255 35 164.78805535324108 160.31828113619812 146.3867443554261
450 1253 29 101.73806881243064 101.2630410654828 98.91564927857935
1947 1251 29 126.2064372918979 122.66703662597115 116.3607103218646
1032 1247 30 226.35084241823589 88.11496531219028 97.37760158572844
379 1246 28 127.37846836847947 124.09211986681466 117.63263041065483
2022 1245 38 101.39261947973382 100.2528735632184 98.15486993345434
2284 1243 2 172.0 167.60000000000002 171.20000000000002
2108 1242 36 162.7686222808174 158.01318391562293 145.86025049439684
1234 1242 37 165.6526038233355 162.51153592617007 147.03427818061962
822 1241 50 103.63062743707906 103.15774548032613 100.387451258419
2283 1238 2 163.8 160.0 165.8
2282 1234 2 161.20000000000002 156.60000000000002 161.4
2278 1234 2 157.8 152.4 156.4
2275 1234 2 130.4 127.2 128.20000000000002
1873 1234 40 101.62409369771333 100.58449525934189 98.4818739542666
1442 1230 32 103.30380868024801 102.43224092116918 100.0682019486271
584 1227 32 102.30115146147033 101.44464127546502 98.8086802480071
1294 1225 15 129.05138339920947 125.72332015810275 119.17786561264822
910 1222 28 105.18091009988902 104.45948945615983 101.41287458379578
644 1216 22 220.82230623818526 129.28733459357278 117.86578449905483
1175 1213 20 103.35600907029479 102.60544217687075 99.72108843537416
311 1211 36 164.9736321687541 160.46209624258404 146.887936717205
1736 1208 24 103.30831973898859 102.17781402936379 99.93964110929853
1561 1209 31 158.5642161204606 80.77236492471214 99.09654561558902
1102 1208 41 165.8454869964304 162.77511473737889 147.13513513513513
2060 1205 12 164.80536912751677 159.95302013422818 147.79194630872482
957 1205 14 245.41624365482232 158.6954314720812 136.41116751269035
76 1204 2 145.8 138.8 139.0
1975 1202 20 103.38095238095238 101.94104308390023 99.67573696145125
1496 1202 23 164.28711256117455 159.91027732463297 146.1761827079935
417 1201 18 164.41644562334216 160.13527851458886 146.2811671087533
1373 1199 32 165.82550930026574 161.95039858281666 147.40035429583702
721 1198 37 223.93210283454184 130.76268951878706 118.67369808833223
78 1194 3 154.46153846153848 153.15384615384616 154.6923076923077
71 1194 3 144.6153846153846 142.6923076923077 147.76923076923077
368 1191 19 164.65517241379308 160.0185676392573 146.70822281167108
1638 1189 41 159.14890362060174 80.58898521162672 99.02090770015299
1928 1186 24 127.18923327895595 123.21370309951061 117.29853181076673
2032 1183 17 125.8801261829653 122.22082018927445 116.22712933753942
1801 1182 40 126.41160066926939 122.96040156162856 116.53374233128835
498 1182 51 126.74475174941686 123.86804398533822 116.73408863712096
1457 1175 22 128.0132325141777 125.02835538752363 118.22873345935729
666 1175 14 165.492385786802 161.3197969543147 146.80710659898477
626 1173 21 128.2703213610586 125.4366729678639 118.13421550094519
574 1173 10 165.3362831858407 162.13274336283186 147.38053097345133
1701 1172 17 159.07570977917982 81.88643533123029 99.85804416403785
1213 1172 29 104.66592674805771 104.81465038845727 101.4250832408435
943 1166 17 164.92744479495266 161.60567823343848 145.87066246056781
1017 1165 47 225.99184671830412 132.76803913575213 119.28821850794945
823 1165 14 165.86802030456852 161.76649746192894 147.62944162436548
1153 1163 18 166.41909814323606 163.43236074270555 147.82758620689654
779 1163 21 225.01890359168243 131.31758034026464 119.413988657845
1869 1161 20 164.02267573696145 159.34240362811792 146.48072562358277
1300 1154 49 102.59528337771016 102.57968809433245 99.0152149106124
350 1153 12 167.33557046979865 162.40268456375838 148.6979865771812
1741 1151 24 126.69331158238174 123.19738988580751 116.63458401305057
1582 1152 16 215.41324921135646 141.75709779179812 136.7223974763407
2102 1150 51 101.62145951349551 100.70209930023326 98.1839386871043
407 1147 34 103.45186953062849 102.66109785202865 99.79236276849643
880 1145 39 165.25892316999398 162.32667876588022 146.5523290986086
738 1140 16 166.0851735015773 162.08832807570977 147.00946372239747
1984 1140 35 163.89584850691915 159.1347414420976 146.2680262199563
305 1138 29 103.46725860155384 102.7369589345172 100.04439511653719
1099 1134 28 104.30521642619313 104.1165371809101 100.40954495005549
1522 1131 42 128.12952575216727 124.82916879143295 117.87710351861296
1398 1132 38 166.73684210526318 162.8862673926195 147.5977011494253
1917 1129 24 165.53507340946166 160.7504078303426 147.93148450244698
1460 1128 14 106.29949238578679 104.42131979695431 101.82233502538071
948 1127 18 105.07427055702917 104.45358090185675 100.83819628647214
684 1124 30 165.17145688800792 162.1625371655104 146.6848364717542
1682 1123 29 217.96559378468368 143.29522752497226 138.13207547169813
639 1121 9 165.72839506172838 163.2222222222222 148.5679012345679
833 1118 11 224.06711409395973 134.53020134228188 122.2751677852349
1624 1117 23 158.33278955954324 81.40293637846656 99.29853181076673
1582 1117 13 129.91878172588832 125.5736040609137 119.44670050761421
583 1117 42 101.86027536970934 102.00509943906171 98.88577256501786
1163 1115 33 128.93556085918854 126.93396976929198 118.3062848050915
1801 1115 18 165.21485411140583 160.87267904509284 146.9708222811671
1230 1114 20 166.89569160997732 164.69614512471657 148.42403628117916
1860 1112 31 101.8768821966342 100.88219663418955 98.48715677590789
355 1112 12 165.47651006711408 161.38255033557047 147.59060402684563
2034 1109 17 162.28706624605678 157.9968454258675 145.58675078864354
460 1107 19 107.23872679045093 106.6710875331565 103.74005305039788
779 1096 36 224.57613711272245 87.71324983520105 97.11338167435727
395 1093 14 129.23350253807106 125.99492385786802 119.39086294416242
1950 1092 16 104.2776025236593 102.70977917981072 100.37539432176656
509 1090 26 165.08657465495608 161.73274780426598 146.61355081555834
1466 1087 24 128.07504078303427 125.08482871125612 118.45024469820555
1359 1084 14 216.5228426395939 145.10659898477155 138.7715736040609
920 1083 28 128.7480577136515 126.47058823529412 118.39400665926749
302 1084 14 165.83756345177665 161.65989847715736 147.67005076142132
2058 1082 19 127.28647214854111 123.76127320954906 117.3103448275862
1053 1082 26 245.4617314930991 159.33626097867 136.07779171894603
983 1082 30 226.8037661050545 91.13181367690783 99.28939544103072
852 1079 27 225.31116687578418 89.28481806775407 97.97365119196988
718 1077 23 104.10114192495922 103.90538336052202 100.54486133768353
345 1075 23 127.57096247960848 124.54649265905384 118.13539967373573
1744 1072 42 157.80877103518614 80.19632840387558 98.63946965833759
2001 1071 30 126.61050545094152 123.25371655104063 116.7195242814668
1906 1069 26 126.75031367628607 123.35884567126725 116.90840652446674
647 1069 29 127.60710321864595 125.45172031076582 117.56270810210877
1525 1067 12 166.85906040268455 162.248322147651 148.91275167785236
445 1066 11 165.1744966442953 161.49664429530202 147.11409395973155
1667 1062 24 193.6394779771615 120.8026101141925 125.77487765089724
1817 1061 23 216.21696574225123 142.8874388254486 137.5399673735726
1304 1059 39 192.21355111917728 121.1609195402299 125.57229280096794
1216 1060 38 128.89231699939506 126.82758620689656 118.2928009679371
2113 1057 32 103.77679362267493 102.66430469441984 100.47032772364925
549 1054 21 128.49338374291116 125.87901701323251 118.33837429111531
1121 1050 36 102.9340804218853 103.68885959129861 99.76268951878707
1949 1046 14 164.93908629441623 160.18781725888323 147.0659898477157
593 1046 18 165.59151193633951 162.6419098143236 147.3076923076923
1589 1045 49 103.79688094332447 102.81399771776341 100.21947508558388
817 1046 17 223.52365930599368 131.97476340694007 119.36908517350157
1408 1042 40 159.79643056330173 82.21360847741217 100.00892359174568
306 1039 16 166.36593059936908 162.25867507886434 148.25552050473186
755 1036 18 167.03713527851457 164.77188328912467 148.44827586206895
488 1033 34 102.78042959427208 102.7024661893397 99.63802704852824
955 1031 23 106.46818923327896 105.31484502446983 101.86623164763459
401 1031 38 165.28675136116155 161.54022988505747 146.81246218995767
1863 1023 25 165.7404795486601 161.27785613540198 147.33004231311708
1351 1021 16 107.08201892744479 105.88643533123027 102.76656151419559
1662 1020 12 168.2013422818792 163.45637583892616 149.51006711409394
1914 1016 17 166.05047318611986 161.90851735015772 147.3564668769716
1494 1016 41 168.45436002039776 164.47475777664457 149.22488526262111
1027 1017 37 245.55899802241262 158.4983520105471 135.46934739617666
634 1016 18 106.88594164456232 106.36074270557029 102.6525198938992
2043 1015 32 164.3897254207263 160.48627103631532 146.15500442869796
696 1014 38 128.0483968542045 125.84271022383547 117.50816696914701
877 1009 40 245.29336307863917 158.7138873396542 135.55995538204127
1254 1007 16 157.68454258675078 82.45110410094637 99.12618296529968
598 1007 13 168.48730964467003 165.38071065989845 149.95431472081216
1708 1006 27 128.79422835633625 125.51442910915934 118.81304893350062
1085 1006 11 224.73825503355704 136.8523489932886 122.93959731543625
335 1004 28 102.86237513873475 102.65260821309656 99.83795782463929
2099 1003 18 127.25994694960211 124.14854111405835 117.38726790450927
793 1000 29 103.2741398446171 103.6881243063263 100.12097669256381
1966 1000 30 164.95143706640238 160.78989098116946 146.81565906838455
552 998 29 104.04217536071032 104.0677025527192 100.81354051054385
1432 994 11 192.4496644295302 123.6510067114094 127.58389261744966
973 990 12 167.37583892617448 164.6510067114094 148.40939597315435
1302 986 28 217.56603773584905 145.315205327414 138.7214206437292
449 986 12 169.16778523489933 165.2013422818792 150.04697986577182
935 982 17 245.1955835962145 159.41640378548897 136.48895899053628
746 982 13 167.73096446700507 165.78680203045684 149.30456852791878
1792 980 51 192.596467844052 120.53748750416528 125.3735421526158
1572 971 25 128.098730606488 125.07616361071932 118.00423131170663
1173 971 49 168.27881323697224 166.37010270064664 149.44389501711677
1643 965 39 167.55293405928617 163.27041742286752 148.66001209921356
1252 966 19 196.49602122015915 125.9628647214854 128.77984084880637
2012 960 21 104.3648393194707 103.39319470699434 100.63705103969754
1447 957 23 129.66231647634584 126.55138662316477 119.72267536704732
1373 958 39 217.69328493647916 145.06533575317604 138.70719903206293
1889 956 41 102.96685364609894 102.26007139214687 99.51912289648139
964 955 18 226.9283819628647 92.16445623342175 99.6604774535809
498 954 36 129.02966381015162 126.35266974291363 118.67963085036254
2071 954 32 127.69973427812224 124.56155890168291 117.67050487156776
1713 952 16 218.70347003154575 146.16403785488959 140.18927444794951
1078 952 36 228.2834541858932 92.61964403427817 100.15227422544496
1948 950 12 167.47651006711408 163.48322147651007 149.36912751677852
1013 949 24 226.61827079934747 134.77814029363785 121.00489396411093
327 948 17 167.794952681388 164.391167192429 149.2807570977918
912 942 21 227.62948960302458 92.7882797731569 100.40831758034027
619 935 52 169.215928023992 166.95701432855716 150.26924358547151
1510 935 38 104.46642468239565 104.15063520871144 100.9643073200242
402 932 52 103.48683772075975 103.32255914695102 100.11762745751416
731 927 42 129.6807751147374 127.49209586945437 119.0020397756247
1593 924 19 106.56233421750663 105.62599469496021 102.58620689655172
835 924 51 102.6711096301233 103.36021326224592 99.56947684105299
1233 920 16 131.05362776025237 129.19242902208202 120.29968454258675
548 917 17 129.96529968454257 127.21135646687696 119.74763406940063
1129 916 14 172.6954314720812 170.36548223350252 153.1776649746193
1292 914 37 161.02439024390242 83.83388266315094 101.04416611733684
1844 913 12 166.83892617449663 162.6510067114094 148.7718120805369
1677 912 18 106.81432360742706 105.03713527851458 102.50663129973475
963 907 30 227.03865213082258 134.94449950445986 120.83151635282458
1918 906 11 166.9798657718121 162.36241610738256 149.08053691275168
333 902 14 168.16243654822333 164.8984771573604 149.58883248730965
1978 902 42 128.02396736359 124.88067312595615 117.68179500254972
1728 901 32 217.11071744906997 144.03897254207263 138.23560673162092
1800 892 30 159.46184340931615 82.74430128840436 100.56095143706641
905 892 18 170.3846153846154 168.2758620689655 151.10079575596816
2050 889 23 166.53344208809136 162.55791190864602 148.1827079934747
1106 883 23 226.78140293637847 136.38499184339315 121.42577487765091
1034 882 38 228.53478523895947 92.75378100423474 100.31699939503933
1427 880 48 129.76302776721187 127.16165842525676 119.0266260935717
1555 880 25 166.8660084626234 163.26516220028208 147.88716502115656
1348 880 22 194.82041587901702 124.20037807183365 127.64272211720227
1176 878 38 104.64488808227466 105.6884452510587 101.19056261343013
682 879 13 165.85279187817258 163.71573604060913 147.7715736040609
1243 875 23 130.32463295269167 128.85807504078304 119.73409461663948
1686 874 12 167.02684563758388 162.31543624161074 148.64429530201343
1628 872 36 128.86947923533288 125.78378378378378 118.55108767303888
775 872 22 104.0453686200378 104.58601134215502 101.17202268431002
1885 872 32 102.81399468556245 102.22320637732507 99.24800708591674
1504 870 21 129.09640831758034 126.5538752362949 118.44234404536863
497 868 37 168.3579433091628 165.6651285431773 149.33882663150953
571 866 26 103.21455457967377 103.55332496863237 100.03136762860727
1931 857 12 165.63087248322148 161.70469798657717 147.6778523489933
1758 856 19 129.19363395225463 125.72944297082228 118.83819628647214
946 855 13 106.24365482233502 105.48730964467005 101.86802030456852
981 852 18 227.76923076923075 93.9522546419098 101.37400530503979
366 847 26 166.66499372647428 163.83312421580928 148.15683814303637
432 845 30 128.39147670961347 126.21902874132805 117.90089197224975
1829 840 21 157.8922495274102 81.9413988657845 99.37240075614368
641 838 40 103.00669269380927 103.97099832682656 100.21249302844396
888 837 37 166.65853658536585 165.29268292682926 147.8767303889255
721 836 29 167.13651498335184 165.0221975582686 148.38179800221977
1311 832 30 195.01189296333 124.47968285431119 127.67096134786918
1956 828 22 166.57088846880907 163.42155009451795 148.2476370510397
1370 827 19 158.3501326259947 83.60477453580901 100.02917771883288
814 827 33 128.66030230708034 127.11853619729516 118.31503579952268
2024 825 38 101.51058681185724 101.23049001814883 98.38777979431337
1699 823 39 160.67271627344223 83.13853599516032 101.19056261343013
1012 820 21 227.72589792060492 93.32325141776938 100.5765595463138
1910 818 19 102.79045092838196 102.78514588859416 99.63129973474801
1496 817 22 104.28166351606805 104.00378071833649 100.8374291115312
1182 816 19 106.6816976127321 106.9708222811671 102.80106100795756
1631 815 12 167.50335570469798 163.5503355704698 148.73154362416108
1565 815 37 103.29202373104812 102.91694133157547 99.77719182597231
954 815 22 105.64083175803403 105.98487712665407 102.38563327032136
1243 809 34 102.05489260143199 103.64200477326969 99.25377883850437
1408 808 16 167.7192429022082 165.3564668769716 148.95268138801262
1448 804 16 167.84227129337538 164.82965299684543 149.21766561514195
560 802 32 101.98051372896369 103.19486271036315 99.49601417183348
1092 798 51 244.50016661112963 158.86371209596803 135.2009330223259
1777 797 31 193.89991142604075 121.90611160318866 126.2577502214349
761 796 22 129.26654064272213 127.531190926276 118.79773156899812
489 792 35 128.28696285506192 126.26584122359797 117.60815731973781
696 789 21 129.99810964083176 128.01134215500946 119.41209829867675
1854 780 38 166.33030852994557 162.67090139140956 147.7555958862674
848 780 15 166.74703557312253 165.00395256916994 148.07114624505928
1304 779 16 104.64984227129337 104.99053627760252 100.91167192429022
885 779 13 103.54314720812182 104.47715736040608 100.14213197969542
651 777 12 167.8926174496644 166.13422818791946 149.75838926174495
416 777 31 102.22852081488043 103.15323294951284 99.39769707705935
1355 776 27 161.19071518193223 84.80677540777917 101.89711417816812
611 767 20 164.51473922902494 162.87301587301587 146.50566893424036
653 766 9 147.80246913580245 146.07407407407408 131.82716049382717
928 765 23 130.07340946166394 128.51549755301795 119.35725938009789
994 763 37 129.17600527356623 127.84640738299274 118.62228081740275
1723 759 22 217.7750472589792 145.0907372400756 139.1266540642722
1554 757 17 217.40694006309147 144.81703470031545 139.1955835962145
1495 756 31 160.26129317980514 83.21966341895482 100.79805137289637
1186 754 37 128.7547791694133 127.71193144363875 118.27554383651943
733 751 24 102.17618270799348 103.04078303425776 99.24959216965743
1952 749 52 127.8167277574142 125.2875708097301 117.62945684771744
1419 748 35 215.75819373634377 144.8587035688274 138.1238164603059
1637 744 50 217.74122651542007 145.23856788372916 139.15313718539525
536 743 26 129.10163111668757 127.20200752823085 118.38644918444164
1794 742 25 128.27080394922424 125.31593794076163 117.63328631875882
1265 741 29 165.92563817980022 165.30299667036627 147.7635960044395
801 740 35 168.12600145666426 166.4530225782957 149.31828113619812
1369 735 11 132.4295302013423 129.59060402684563 121.60402684563758
871 734 26 102.17440401505645 103.69761606022584 99.66875784190715
1323 732 20 165.4875283446712 164.70521541950114 147.5374149659864
662 723 41 166.10096889342174 164.2508924018358 147.73329933707294
593 722 24 129.69983686786298 127.51223491027733 119.16476345840131
465 718 39 128.0441621294616 126.20871143375682 117.57229280096794
1054 716 30 103.95143706640238 104.73637264618434 100.52229930624381
1117 711 30 228.0852329038652 93.89494549058473 100.7631318136769
1733 710 22 103.93194706994329 103.3194706994329 100.08884688090737
1866 708 34 103.12410501193318 102.74463007159905 99.50914876690534
1541 704 35 157.80917698470503 81.86453022578296 99.41077931536782
1471 701 21 192.93383742911155 122.97164461247637 126.70321361058602
999 701 20 130.0498866213152 128.85034013605443 119.43083900226758
1774 700 12 165.4228187919463 162.37583892617448 147.26845637583892
1812 694 18 129.12201591511936 126.31830238726789 118.75066312997347
1298 695 22 130.0037807183365 128.51606805293005 119.5085066162571
932 694 38 166.98003629764068 166.00120992135513 148.58499697519662
544 690 19 165.25729442970822 163.89389920424404 147.3766578249337
1229 689 29 102.00443951165371 104.21087680355161 99.44506104328524
1426 687 22 130.10018903591683 127.74669187145558 119.10396975425331
1171 684 18 167.58885941644562 166.75066312997347 148.6498673740053
1364 682 33 103.83214001591091 104.59904534606206 100.46937151949085
745 680 41 103.6185619581846 104.54360020397756 100.28199898011219
1084 674 16 105.80126182965299 105.41640378548895 101.30914826498423
1027 667 18 167.3050397877984 166.42440318302386 148.76657824933687
1685 662 35 103.1252731245448 103.17479970866715 99.70866715222142
1922 655 36 165.4040870138431 162.6268951878708 147.26631509558337
1603 654 41 128.6308006119327 126.0086690464049 118.2269250382458
1516 654 12 164.7986577181208 162.0738255033557 146.59731543624162
841 654 50 129.1378943637008 127.66820276497695 118.44984048209855
598 650 41 128.39928607853136 126.50739418663947 117.88526262111168
1136 649 28 129.44173140954496 128.12652608213097 118.59156492785793
677 650 29 128.67147613762486 127.09877913429523 118.2819089900111
1470 648 29 102.36736958934517 102.9211986681465 99.23751387347392
1762 644 39 166.31276467029645 163.54083484573505 147.83847549909257
1840 643 32 127.8193091231178 125.43312666076174 117.54207263064659
504 639 42 101.12136664966854 102.38551759306478 98.44467108618052
921 628 20 166.03854875283446 165.546485260771 148.27891156462584
1203 622 32 165.10186005314438 164.79893711248894 147.3197519929141
985 622 33 101.55847255369929 103.76690533015116 99.30946698488465
1068 618 39 129.2516636418633 128.31094978826377 118.83061101028434
1297 614 51 101.48050649783406 103.56647784071977 99.13728757080973
767 613 22 164.91304347826087 163.61625708884688 147.08506616257088
714 610 21 128.33081285444234 126.63705103969754 117.93194706994329
1396 609 37 165.8965062623599 164.83717864205667 147.83058668424522
1533 608 33 101.97852028639619 102.68019093078759 98.89578361177406
922 608 10 136.07079646017698 135.20353982300884 122.7787610619469
1712 607 19 100.57294429708222 101.16180371352785 98.06896551724138
1154 606 12 104.40268456375838 105.11409395973155 101.06040268456375
883 598 11 168.02684563758388 167.4429530201342 150.06711409395973
1655 595 29 166.3718091009989 164.32408435072142 148.8079911209767
1888 594 25 102.09167842031029 102.3935119887165 99.4132581100141
806 588 19 129.42970822281166 127.79575596816976 119.07161803713527
1602 586 18 101.79840848806366 102.41114058355437 99.20159151193633
1463 585 27 165.27854454203262 163.92220828105394 147.72145545796738
556 586 28 103.55493895671476 104.77913429522752 100.26193118756937
1017 584 9 109.98765432098764 109.24691358024691 104.88888888888889
923 582 26 129.20075282308656 128.31116687578418 119.05897114178167
1749 574 23 127.31321370309952 125.03588907014682 117.36378466557912
1698 564 17 102.60567823343848 102.13880126182966 99.22082018927445
1820 561 42 100.7011728709842 101.2835288118307 97.71290158082611
1128 559 33 101.85600636435959 103.75815433571998 99.10023866348449
1504 558 16 165.70347003154575 164.01261829652995 148.01577287066246
973 559 21 164.91682419659736 164.53497164461248 147.17958412098298
747 552 41 129.72463029066805 127.68842427332994 118.86588475267722
640 553 51 164.4941686104632 163.0326557814062 146.44218593802066
854 551 39 127.74894131881429 126.50816696914701 117.57471264367817
1637 550 17 128.801261829653 126.6340694006309 118.89905362776025
1359 547 29 129.13762486126527 127.83684794672587 118.55049944506105
1212 545 41 128.39469658337583 127.4278429372769 117.90668026517083
570 537 13 165.73604060913704 163.75126903553297 147.497461928934
1763 536 13 129.41116751269035 126.44162436548223 119.25380710659897
1723 537 16 129.4794952681388 126.82965299684543 119.31230283911671
1481 535 13 131.21827411167513 129.45685279187816 121.12690355329948
1428 532 32 101.33746678476528 102.71302037201063 98.72099202834367
1288 528 28 164.89678135405106 163.9211986681465 146.82130965593785
1566 522 50 165.05352711804323 163.4058844381425 147.35767458348104
1042 518 51 165.08363878707098 164.5894701766078 147.10063312229258
932 513 34 102.11058074781225 103.77645186953063 99.43436754176611
697 508 13 164.0710659898477 161.98984771573603 146.28426395939084
1790 503 14 163.66497461928932 161.43654822335023 146.48223350253807
1666 495 40 100.62242052426102 101.59230340211936 98.23312883435584
1329 495 19 101.56498673740053 103.05835543766578 99.10079575596816
1488 486 32 128.03011514614704 126.57573073516386 117.83968113374668
1144 487 34 101.48607796340494 103.3206046141607 98.91567223548131
874 486 25 128.39774330042312 126.84344146685473 117.9703808180536
805 486 34 101.88146380270486 103.03977724741448 98.97613365155132
1741 483 30 162.51337958374629 160.0872150644202 145.0416253716551
1383 484 29 100.82574916759157 102.61376248612653 98.53496115427303
1432 479 13 162.23857868020303 161.12690355329948 145.29949238578678
978 479 15 103.71541501976284 104.87351778656125 100.98814229249011
665 476 20 164.68934240362813 162.92743764172337 146.88662131519274
1268 469 23 102.4926590538336 103.98205546492659 99.70799347471453
1211 468 24 163.15986949429038 161.98694942903754 145.71288743882545
1096 465 10 163.91150442477877 163.02654867256638 146.57522123893804
729 461 38 101.28191167574109 102.39503932244405 98.74712643678161
1705 448 14 162.1979695431472 159.74111675126903 144.95431472081216
1069 447 21 128.35727788279775 126.9773156899811 118.29111531190927
1532 445 22 127.98487712665407 126.234404536862 117.90170132325142
1171 444 12 163.993288590604 162.5234899328859 146.49664429530202
920 444 26 163.1969887076537 162.4905897114178 145.7741530740276
847 442 21 128.10586011342156 126.2703213610586 117.91304347826087
1430 437 25 161.61495063469675 160.49083215796898 144.836389280677
1476 437 9 103.55555555555554 104.29629629629629 100.79012345679011
1383 435 13 164.6243654822335 163.46700507614213 147.59898477157358
1322 433 34 162.8249801113763 162.18933969769293 145.4590294351631
1600 432 42 126.82610912799593 124.9984701682815 116.9984701682815
1669 430 21 101.17202268431002 101.77882797731569 98.59735349716446
1266 421 19 127.86737400530504 126.6657824933687 118.05570291777188
1136 421 25 163.66008462623412 163.09732016925247 146.34696755994358
999 414 46 127.96208724011414 126.71422747655932 117.75988585405625
791 407 32 162.39946855624447 161.35341009743135 145.21523472099204
1204 399 38 99.03145795523292 101.14398064125832 97.28251663641863
930 397 16 100.76971608832807 102.82334384858044 99.02839116719242
1558 385 16 128.45425867507885 126.24290220820188 118.85173501577286
1080 385 30 164.73835480673935 163.82259663032704 147.3587710604559
1386 380 38 99.39080459770116 101.20871143375682 97.17301875378101
868 375 42 98.52626211116778 100.71800101988782 96.75930647628762
1483 374 50 98.10740872031195 99.61148528890465 95.98085785182559
1144 364 25 129.197461212976 127.8984485190409 119.03808180535965
950 345 29 163.07769145394008 162.38956714761377 145.8002219755827
1283 342 51 127.13462179273576 125.76874375208264 116.9516827724092
1031 330 38 99.7707199032063 101.78886872353299 97.60556563823353
1420 324 19 160.84084880636604 160.08753315649867 144.26790450928382
1359 312 23 162.5073409461664 161.36541598694944 145.17455138662316
1107 311 35 101.01310997815004 102.50109249817918 98.5797523670794
1187 310 39 160.8905021173624 159.83787053841502 144.11494252873564
1133 105 2 163.0 166.60000000000002 165.20000000000002
1140 104 2 147.20000000000002 148.20000000000002 146.6
1142 97 2 147.4 147.8 147.8
