1182 2293 2 163.4 162.0 162.20000000000002
1176 2289 2 171.20000000000002 169.0 166.20000000000002
1183 2288 2 163.0 158.8 155.60000000000002
1192 2122 14 161.37055837563452 156.81218274111674 143.95431472081216
1073 2106 18 158.41379310344826 154.9628647214854 141.42440318302386
1139 2092 41 127.97909229984703 124.45945945945947 117.98062213156554
1369 2077 45 127.80733944954129 124.22455220620358 117.73787680209699
1254 2077 54 99.9513867248364 99.40355250856965 96.97164225615457
1012 2071 44 159.3988684582744 155.56435643564356 142.38519566242337
934 2066 20 160.10430839002268 156.10204081632654 142.91836734693877
1476 2062 46 127.60048919690175 123.96616388096209 117.57236037505096
1084 2054 19 101.93899204244032 101.13793103448275 98.76127320954906
1186 2048 13 160.05583756345177 155.63451776649745 143.28426395939084
1566 2042 40 101.40713887339655 100.34523145566091 98.24316787506972
874 2035 40 100.41662018962633 99.88622420524261 97.26157278304518
1144 2020 26 128.0426599749059 124.89460476787954 118.35382685069008
949 2011 32 101.1762621789194 101.00354295837025 98.25420726306466
1010 2002 17 128.36908517350156 124.94952681388013 118.50473186119874
803 1998 30 158.6798810703667 154.55302279484638 142.09217046580773
1415 1993 34 101.17024661893397 100.1988862370724 98.34208432776452
1331 1990 35 160.36562272396213 155.72760378732704 144.0233066278223
1268 1989 17 159.25867507886434 154.7665615141956 142.73501577287067
1208 1988 34 100.66189339697694 99.88782816229117 97.95226730310263
1657 1984 50 160.20276497695852 155.60652250974832 143.57036511875222
1077 1984 39 159.94192377495463 155.93708408953418 142.69328493647913
849 1980 10 160.83185840707964 155.80530973451326 144.27433628318585
1574 1973 20 160.40362811791383 155.40589569160997 143.39455782312925
909 1969 20 127.45124716553288 124.07482993197279 117.70068027210884
1152 1963 18 159.57824933687002 155.25994694960212 142.70557029177718
1736 1954 27 159.94102885821832 155.2208281053952 143.50815558343788
1499 1954 46 160.6518548715858 155.94088870770486 143.82878108438646
804 1948 10 162.7079646017699 157.61946902654867 146.12389380530973
1272 1943 30 101.3230921704658 100.37661050545094 98.2784935579782
1347 1935 17 129.82334384858044 126.10725552050472 119.81388012618297
731 1934 52 126.99166944351883 123.4281906031323 116.64478507164279
1125 1924 26 126.83437892095357 123.52070263488079 117.00250941028857
859 1924 37 160.4054054054054 155.90243902439022 143.25510876730388
1072 1923 17 103.64984227129337 102.08201892744479 99.60252365930599
1795 1921 39 100.59225650332729 99.60738052026619 97.87114337568059
1577 1922 31 102.01948627103631 101.04694419840567 99.05225863596102
988 1920 57 100.34979310344828 99.4904827586207 97.21627586206897
1402 1919 34 102.34447096260939 101.30151153540176 99.0461416070008
804 1913 10 162.12389380530973 157.30973451327432 145.26548672566372
1635 1912 14 128.5482233502538 124.75634517766497 118.497461928934
914 1905 14 131.78680203045684 127.91878172588831 121.57868020304568
1696 1897 39 128.45553539019966 124.67937084089534 118.45311554748942
1459 1892 19 102.35013262599469 100.91777188328912 99.04774535809018
645 1891 30 159.33696729435084 154.86323092170466 142.36868186323093
1203 1889 50 159.72881956752926 155.52357320099256 142.67352002835875
1755 1878 17 160.0441640378549 155.0283911671924 143.9621451104101
1139 1877 9 161.85185185185185 156.98765432098764 144.77777777777777
589 1873 18 105.42705570291777 103.11671087533156 100.74005305039788
1321 1871 45 128.42158147662735 124.69986893840105 118.33245958934033
699 1868 11 157.81879194630872 153.15436241610738 141.43624161073825
1523 1867 35 127.01310997815004 123.31973780043701 117.40713765477058
1089 1863 33 126.96340493237868 123.70723945902944 117.30708035003978
808 1859 34 127.32537788385045 123.4049323786794 117.0461416070008
898 1855 31 102.72984942426926 101.41895482728079 99.2028343666962
748 1853 18 158.0053050397878 153.50397877984085 141.77718832891247
627 1846 12 159.1275167785235 154.4228187919463 142.41610738255034
1038 1846 15 159.5296442687747 154.9169960474308 143.17391304347825
1469 1844 12 159.59731543624162 154.55704697986576 143.95302013422818
1609 1839 49 101.56485355648536 100.98402434385699 98.96576645112211
1854 1836 52 126.3032322559147 122.84938353882039 116.78373875374875
1412 1835 39 126.7900786448881 123.05626134301271 117.1663641863279
1146 1834 22 159.50850661625708 155.36294896030248 143.00945179584122
1684 1830 17 160.50157728706625 155.801261829653 143.87066246056781
851 1828 11 161.2013422818792 155.8523489932886 144.46979865771812
1745 1822 37 102.15622940013183 101.20237310481212 99.37046802900461
1198 1821 15 128.31620553359684 124.66798418972331 118.83003952569169
1053 1815 18 102.6896551724138 101.684350132626 99.55437665782493
1546 1813 13 127.49238578680202 123.62944162436547 118.23857868020303
1253 1812 35 101.37800436999272 100.44209759650401 98.49308084486526
770 1807 26 100.9836888331242 100.4090338770389 97.79171894604767
686 1807 49 100.98402434385699 99.99885888170407 97.82008368200837
526 1805 13 128.248730964467 124.31472081218273 118.84263959390861
808 1804 10 160.53982300884957 155.95575221238937 144.0796460176991
1493 1803 29 102.08879023307436 100.82352941176471 98.9134295227525
583 1803 40 158.1226993865031 153.62465142219745 141.8388176240937
1102 1801 16 159.01577287066246 154.74447949526814 142.8769716088328
981 1800 49 126.98402434385699 123.33244579688095 117.1898060098897
1451 1789 12 158.84563758389262 154.63758389261744 143.23489932885906
1795 1782 14 159.8223350253807 155.28934010152284 143.65482233502536
1418 1770 17 103.57728706624606 101.74447949526814 99.89905362776025
1598 1768 11 156.15436241610738 152.93288590604027 142.06040268456377
1681 1762 38 159.29885057471265 155.3036902601331 143.17241379310346
797 1762 10 159.12389380530973 153.95575221238937 142.63716814159292
1555 1759 32 159.04782993799824 155.15323294951284 142.87953941541187
1937 1758 50 158.110599078341 153.73094647288195 142.3364055299539
1250 1757 15 128.09486166007903 124.33596837944663 118.51778656126481
1334 1757 51 159.30656447850717 154.76474508497168 143.04065311562812
1166 1756 50 100.3956043956044 99.69904289259128 97.70542360864941
870 1757 57 158.65572413793103 154.01682758620692 142.1944827586207
685 1756 11 106.3758389261745 105.30872483221476 103.15436241610738
625 1750 23 159.40130505709627 154.6215334420881 142.90864600326265
509 1751 40 100.57055214723927 99.39542665923035 97.30395984383715
1754 1748 26 125.93475533249685 122.57089084065244 116.79673776662483
1067 1747 40 158.8293363078639 154.79698828778584 142.47127718906862
1612 1744 20 102.3922902494331 101.76190476190476 99.32879818594104
946 1743 10 160.72566371681415 154.97345132743362 144.02654867256638
576 1742 20 102.99319727891157 101.28798185941044 99.22448979591837
757 1738 34 125.92840095465394 122.06603023070804 116.1447891805887
1473 1731 42 101.53340132585416 100.91126976032638 98.80520142784295
1407 1731 15 128.4308300395257 124.8498023715415 118.76679841897233
1003 1732 19 102.29973474801061 100.9655172413793 98.9575596816976
1832 1731 45 101.03931847968545 100.45609436435124 98.38575797291394
681 1723 31 101.71036315323295 100.32418069087689 98.44641275465014
1714 1715 14 104.02538071065989 102.29441624365481 100.60913705583755
809 1714 15 128.5494071146245 123.90118577075098 118.29644268774703
1254 1700 38 101.64791288566244 100.57955232909862 98.63581367211133
1562 1699 29 125.60266370699223 122.30743618201998 116.57935627081021
555 1700 15 127.87351778656125 123.75494071146244 117.74308300395256
1380 1697 18 221.9681697612732 143.9442970822281 139.3183023872679
948 1698 29 158.64705882352942 154.10765815760266 142.56270810210876
467 1695 25 125.37658674188998 121.70662905500706 115.95204513399153
1104 1691 27 125.96737766624842 122.84190715181931 116.49058971141781
1993 1688 33 100.13206046141607 99.40731901352427 97.60143198090692
612 1685 38 127.04537205081671 123.04355716878403 117.04718693284937
1145 1676 10 160.6283185840708 155.86725663716814 144.1504424778761
1654 1674 49 126.10346139216432 122.59452263217953 116.79231647014075
670 1672 13 159.38578680203045 152.70558375634516 142.37055837563452
1757 1670 40 101.23647518126046 100.65699944227552 98.57780256553264
1187 1669 24 159.70962479608482 155.6541598694943 143.05383360522023
879 1669 24 250.9021207177814 157.6867862969005 135.69820554649266
1505 1668 26 161.23839397741529 81.20451693851945 100.18569636135507
1030 1665 43 100.66949552098067 99.74634606317774 97.62706270627062
1828 1660 19 126.23607427055703 123.06631299734747 116.91777188328912
724 1658 40 249.45510317902958 154.15616285554935 133.69325153374234
2046 1656 18 102.41644562334217 101.06896551724138 98.90185676392572
811 1657 38 232.12159709618876 89.19056261343013 99.37991530550515
1910 1653 44 125.27817067421027 122.23479490806224 116.1032531824611
1433 1652 45 162.18523372651813 82.5391000436872 101.16382699868939
1336 1649 47 199.06563391765187 123.20913167549939 127.8809620872401
1253 1642 17 222.9558359621451 147.19873817034699 140.87066246056781
654 1630 29 229.5593784683685 89.75138734739178 99.52941176470588
429 1629 36 157.0982201713909 152.6229400131839 141.25642715886616
534 1627 51 157.26724425191603 152.7387537487504 141.1436187937354
1208 1617 29 158.04217536071033 154.32408435072142 141.9100998890122
1562 1615 44 222.47006129184348 145.5035360678925 139.87505893446487
861 1614 24 232.3572593800979 91.2283849918434 100.95921696574226
1710 1611 23 158.1435562805873 154.41435562805873 142.73409461663948
773 1612 15 127.30830039525691 123.31620553359683 117.59683794466402
936 1609 44 227.7878359264498 129.82791136256483 118.31588873173031
602 1607 15 224.5177865612648 129.0592885375494 118.7391304347826
1123 1602 54 126.06481770021813 122.817076971019 116.69866001869741
1494 1601 23 199.2463295269168 123.85481239804243 128.7536704730832
1383 1597 18 104.54111405835543 102.6737400530504 100.80636604774536
2079 1597 14 156.97969543147207 152.65989847715736 141.98477157360404
1757 1595 18 101.6870026525199 100.93368700265252 98.59681697612731
1640 1596 20 198.85487528344672 123.33333333333334 128.79138321995464
632 1593 9 246.93827160493825 158.6543209876543 139.12345679012344
2001 1592 53 99.89093175444063 99.32751636023683 97.31785602991586
730 1589 24 102.87928221859707 101.14355628058728 99.21696574225123
1026 1586 29 227.62264150943398 130.36958934517205 118.8534961154273
1832 1582 49 157.48459490300496 154.02320273868392 141.86116394066184
1266 1576 44 161.13389910419613 82.02027345591702 100.53936822253654
1690 1575 14 127.16751269035532 122.92385786802029 117.45177664974618
465 1573 26 100.88958594730238 99.702634880803 97.75031367628607
868 1569 14 156.31472081218274 152.0456852791878 141.04060913705584
673 1566 28 230.72253052164262 89.87791342952275 99.66037735849056
1192 1564 23 102.65742251223492 101.8026101141925 99.4747145187602
1345 1561 31 161.8131089459699 83.7953941541187 101.62887511071746
524 1557 11 157.60402684563758 152.9798657718121 141.75838926174495
397 1557 38 125.69570477918936 121.85299455535392 116.06412583182095
1528 1553 26 126.05897114178167 122.57340025094102 116.71518193224591
1919 1551 37 124.47132498352009 121.82531311799603 115.47659854976928
1555 1550 9 132.46913580246914 95.90123456790123 100.22222222222221
805 1549 49 125.51958919741347 121.98288322556105 116.21186763027768
1578 1547 23 162.57096247960848 84.14845024469821 102.44698205546493
2081 1546 26 125.66248431618568 122.41656210790464 116.93851944792972
597 1544 44 227.1942479962282 129.77840641206978 118.24752475247524
982 1544 30 232.09910802775025 89.0 99.3994053518335
1441 1541 49 158.1323697223279 154.0985165462153 142.1376949410422
726 1542 17 249.04731861198738 155.7602523659306 134.90851735015772
1736 1535 36 103.25444957152273 102.07910349373763 100.10613052076467
1647 1530 41 160.74043855175933 82.73227944926059 100.84089750127487
907 1526 41 100.6960734319225 99.83783783783784 97.8934217236104
1224 1518 23 199.52691680261012 124.12724306688418 128.57748776508973
1149 1518 28 127.26637069922309 123.8457269700333 117.71920088790233
1060 1519 40 251.0897936419409 158.9191299498048 136.55158951477972
438 1517 16 103.23659305993691 101.38485804416403 99.3596214511041
2035 1513 19 154.68700265251988 151.3183023872679 140.2917771883289
1807 1513 24 126.60195758564437 123.43882544861339 117.37683523654161
1507 1512 15 104.39525691699605 102.9090909090909 100.81027667984189
1365 1503 21 225.19659735349717 148.84877126654064 142.53497164461248
1865 1503 31 125.67316209034544 122.55358724534987 116.58104517271923
505 1499 48 100.87713959680487 99.53936858120959 97.66717383035375
565 1496 10 246.21238938053096 158.42477876106196 137.32743362831857
759 1495 17 103.70347003154573 102.1577287066246 100.18927444794953
1000 1490 16 246.81388012618297 155.72870662460568 135.29652996845425
688 1488 41 249.46047934727181 156.43957164711884 135.13156552779196
1292 1487 47 222.66938442723196 146.37097431716265 140.24949041989402
1564 1485 36 101.19578114700064 100.41067897165458 98.45682267633487
1759 1480 11 159.48993288590603 154.79194630872482 144.00671140939596
827 1480 15 157.80237154150197 154.17786561264822 142.12648221343872
1973 1473 45 124.50895587592835 121.79903888160769 115.47094801223241
610 1472 26 229.5294855708908 89.47176913425345 99.14680050188205
2090 1469 41 155.40489546149925 151.4247832738399 140.64813870474248
1497 1469 26 126.37139272271015 123.27478042659973 117.57214554579673
1116 1467 30 231.45787908820614 90.44895936570862 99.86124876114965
1190 1466 30 158.54212091179386 154.65312190287412 142.3191278493558
1031 1463 22 230.93950850661625 90.94517958412098 100.20037807183365
1622 1458 21 221.83364839319472 145.7296786389414 139.92816635160682
878 1458 31 125.92205491585474 122.52347209920283 116.51018600531444
1702 1453 44 200.46298915605846 124.87223008015087 129.3983969825554
1890 1451 22 100.93383742911153 100.41587901701324 98.46502835538753
460 1450 12 156.60402684563758 152.18120805369128 141.8724832214765
387 1451 55 156.87180991493108 152.7585802288061 141.1097095922558
1352 1450 15 200.07114624505928 125.6403162055336 130.1581027667984
1413 1445 47 102.22666123114554 101.42845495311863 99.07582551977171
2030 1443 12 129.40939597315435 125.5503355704698 120.04026845637584
962 1440 43 158.11598302687412 154.41772748703443 141.9127769919849
555 1439 16 158.4826498422713 154.25236593059935 142.2365930599369
790 1437 39 101.29643073200243 100.59407138535995 98.39140955837871
1811 1432 50 156.67139312300603 153.1779510811769 140.91775965969515
732 1432 13 156.30456852791878 152.32994923857868 141.0964467005076
654 1432 14 227.12690355329948 131.38578680203045 119.97969543147207
1537 1430 12 157.56375838926175 153.3288590604027 141.85906040268455
1322 1424 14 127.5736040609137 124.03045685279187 118.17766497461928
1481 1421 12 159.5503355704698 155.4429530201342 143.36241610738256
2054 1420 12 128.98657718120805 124.9261744966443 119.2214765100671
1151 1418 20 250.12471655328798 155.98639455782313 135.0362811791383
847 1416 11 159.93959731543623 156.26174496644296 144.61073825503357
1584 1416 25 102.1509167842031 101.56981664315938 99.53032440056417
900 1414 16 102.33438485804416 101.40378548895899 98.98738170347004
1067 1402 34 228.35719968178202 130.9848846459825 119.30310262529834
494 1402 38 100.5015124016939 99.43920145190563 97.71203871748337
607 1396 41 125.58490566037736 122.48240693523714 116.4038755736869
1649 1394 32 162.25509300265722 83.19043401240036 101.58724534986715
438 1393 13 155.45685279187816 151.86802030456852 140.93401015228426
1237 1391 55 101.05749486652978 100.89703725432679 98.4485186271634
1012 1391 18 101.6949602122016 100.20159151193633 98.06366047745358
2005 1390 38 101.5565638233515 101.04053236539626 98.95099818511798
1918 1388 38 101.4549304295221 100.99516031457956 98.74470659407139
1736 1386 29 161.47613762486128 84.01331853496116 102.01442841287458
927 1385 19 101.6339522546419 101.41379310344827 98.89124668435012
1862 1382 12 155.95973154362414 152.3020134228188 141.1744966442953
322 1380 29 126.15205327413985 122.56159822419534 116.9700332963374
2106 1379 44 124.91277699198491 121.22017916077321 115.7100424328147
976 1374 16 157.60883280757096 154.21766561514195 141.794952681388
708 1370 51 157.1782739086971 153.82572475841386 141.541152949017
1595 1369 12 156.79194630872482 152.79194630872482 142.04026845637583
1424 1366 25 101.75317348377997 101.53737658674189 99.1509167842031
379 1367 20 101.56689342403628 100.54875283446712 98.92063492063492
1349 1365 41 126.36053034166243 123.80163182049975 117.53544110147884
788 1364 22 101.67863894139887 100.91304347826087 98.78449905482042
548 1364 17 101.40694006309148 100.81703470031546 98.35015772870662
1518 1363 50 126.14746543778801 123.25416518964906 117.03899326479971
1787 1362 22 102.1398865784499 101.23629489603024 99.3742911153119
859 1358 44 125.26968411126828 122.76426214049977 116.36445073078737
1132 1355 42 231.60122386537483 88.82967873533912 99.37684854665987
642 1349 12 158.37583892617448 155.60402684563758 143.26845637583892
437 1344 30 156.33498513379584 153.21308225966303 141.1625371655104
1840 1340 27 125.88080301129234 122.92095357590965 116.99121706398995
1064 1338 21 228.61436672967864 131.47826086956522 119.67485822306239
302 1337 13 155.746192893401 152.30964467005074 141.0964467005076
943 1336 24 126.73246329526917 124.23001631321371 117.66068515497554
1967 1334 21 125.55198487712666 122.20037807183365 116.41587901701324
583 1332 19 158.9416445623342 155.49602122015915 142.76127320954907
1602 1328 27 103.08281053952321 102.3387703889586 100.11543287327477
1012 1327 29 157.94561598224195 154.80244173140954 141.86903440621532
1758 1319 22 222.05482041587902 146.73534971644614 140.87145557655955
1682 1318 44 223.23809523809524 147.58840169731258 141.32201791607733
1293 1313 29 125.4284128745838 123.08546059933407 116.54051054384018
1221 1307 24 158.05546492659056 155.21859706362153 142.19086460032628
1471 1304 15 127.03557312252964 123.75494071146244 118.098814229249
2122 1302 26 155.66624843161856 151.82434127979923 140.7867001254705
907 1302 20 157.8798185941043 154.90249433106575 142.4467120181406
1339 1301 16 101.86119873817034 101.60252365930599 98.78233438485805
837 1300 13 104.62944162436547 103.44670050761421 101.50253807106598
1550 1298 11 106.99328859060402 105.50335570469798 103.4496644295302
971 1298 11 158.26174496644296 154.59731543624162 142.59731543624162
2044 1297 46 124.11333061557276 121.01263758662861 115.43456991439054
780 1297 38 124.13309134906233 121.61887477313975 115.51724137931035
1906 1296 42 156.6598674145844 153.64252932177462 141.27281998980112
359 1294 50 101.02268699042892 100.48528890464374 98.44275079758951
711 1294 18 102.14854111405835 102.06896551724138 99.26790450928381
514 1293 52 124.28857047650783 121.91502832389205 115.57147617460846
1970 1291 17 156.61198738170347 152.57728706624604 141.34069400630915
1407 1290 40 159.19297267150029 155.92359174567764 143.31176798661463
1165 1289 20 227.3922902494331 131.48299319727892 119.73015873015873
434 1285 17 100.6813880126183 100.14511041009463 98.29022082018928
1636 1284 11 160.5234899328859 154.8523489932886 143.58389261744966
1259 1281 12 126.93288590604027 124.41610738255034 118.18120805369128
635 1281 50 99.90074441687345 100.2871322226161 97.54129741226515
1815 1276 37 124.95978905735002 121.97429136453526 116.20171390903097
2122 1275 13 115.50761421319795 113.15736040609136 107.746192893401
1512 1273 22 157.59735349716448 154.46313799621927 142.10018903591683
1092 1274 39 250.45009074410166 159.20024198427103 136.33877797943134
1509 1272 22 158.0 154.0 142.0
1051 1271 12 158.46308724832215 125.71140939597315 114.61744966442953
1030 1269 22 124.26843100189036 120.77504725897921 114.48582230623819
295 1265 13 127.75634517766497 123.80203045685278 118.62944162436547
1738 1261 29 161.73251942286348 84.65371809100999 102.36514983351832
870 1258 27 156.4077791718946 153.89335006273524 140.92220828105394
1588 1253 35 158.44428259286235 154.97815003641662 142.4938091769847
1150 1251 14 248.3959390862944 159.81218274111674 137.47715736040607
822 1251 15 126.11067193675889 123.61264822134386 116.95256916996047
1982 1248 23 125.16639477977162 121.89070146818923 116.2120717781403
1870 1246 16 126.83280757097792 123.49842271293375 118.27444794952682
571 1246 15 157.0395256916996 154.16996047430828 141.43478260869566
1210 1245 35 101.30662782228697 101.4450109249818 98.52658412235981
1660 1243 28 200.28412874583796 124.76026637069923 129.3163152053274
775 1242 13 104.8730964467005 109.54822335025379 109.82741116751268
953 1239 50 101.29741226515421 101.47110953562566 98.72527472527473
1530 1238 13 127.5989847715736 124.19289340101521 118.12690355329948
2122 1236 40 99.80479643056331 99.24149470161741 97.11154489682097
1311 1230 44 158.5983026874116 155.7901933050448 142.37812352663838
1783 1225 14 158.08629441624365 153.92893401015226 142.78680203045684
1025 1226 13 145.01015228426394 121.41624365482232 116.55837563451776
381 1223 10 157.80530973451326 153.78761061946904 143.0796460176991
1043 1221 21 208.29111531190927 127.38374291115312 116.60680529300568
520 1220 20 100.8140589569161 100.4875283446712 98.26077097505669
720 1219 38 124.44162129461586 122.52450090744102 115.76830006049607
1383 1218 20 126.74829931972789 124.05895691609977 117.76643990929705
445 1218 38 156.16999395039323 153.32123411978222 141.02964307320025
859 1215 13 127.79187817258882 124.97969543147207 118.42131979695431
381 1212 7 136.0 132.6530612244898 123.3469387755102
1460 1208 51 101.66977674108631 101.24725091636121 98.97134288570477
1145 1207 26 230.60978670012545 91.16311166875784 100.84567126725219
313 1207 43 124.75766148043375 121.83639792550683 115.995756718529
2039 1203 39 155.7350272232305 152.07622504537207 140.9794313369631
656 1203 19 124.90716180371352 122.9655172413793 116.80636604774536
1774 1200 15 104.77075098814228 102.37154150197628 100.5691699604743
1546 1199 25 103.3244005641749 102.33850493653033 100.38928067700986
1248 1199 15 126.67193675889327 124.6284584980237 117.83794466403161
1920 1196 49 100.60669456066945 100.01065043742868 98.0646633701027
1833 1195 33 156.8321400159109 153.49085123309467 141.76133651551314
887 1193 22 229.60113421550096 90.99432892249527 100.23818525519849
803 1194 36 101.4686882003955 101.93869479235332 99.02175346077784
1716 1192 41 165.37429882712902 86.37174910759816 104.49923508414075
2318 1190 4 159.84615384615387 158.23076923076923 160.23076923076923
1619 1191 29 200.02774694783574 125.44173140954496 129.7813540510544
587 1188 40 99.52537646402678 100.40825432236475 97.79643056330174
2317 1186 3 116.84615384615385 115.53846153846155 118.07692307692308
383 1187 23 157.07504078303427 153.63132137030996 141.65579119086462
1083 1181 29 249.63374028856828 160.3906770255272 137.26970033296337
103 1176 3 161.0 160.53846153846155 159.46153846153848
1202 1176 20 157.70975056689343 156.0204081632653 142.3265306122449
1010 1173 29 230.53607103218647 91.14206437291898 100.29744728079912
1408 1170 10 158.09734513274336 153.83185840707964 142.58407079646017
503 1170 30 124.92566897918731 122.73339940535183 116.24876114965312
749 1159 21 100.62948960302458 101.8109640831758 98.81663516068053
1979 1159 13 102.69543147208121 101.47715736040608 99.25380710659898
1359 1158 38 163.1445856019359 85.25045372050818 102.9987900786449
436 1151 26 101.62986198243412 101.900878293601 99.26348808030112
1857 1147 18 124.9867374005305 122.12466843501326 116.48010610079575
1262 1145 41 101.41968383477818 102.61754207037227 99.19836817950026
853 1144 28 249.10765815760266 157.97447280799113 135.9178690344062
296 1139 16 157.41324921135646 154.22712933753942 141.88012618296528
2125 1136 42 155.27587965323815 151.93319734829169 140.64201937786845
1712 1134 9 159.93827160493825 155.1851851851852 144.12345679012344
675 1134 45 156.43425076452598 154.92048929663608 141.46701616426387
544 1134 12 157.55704697986576 154.71140939597316 142.24161073825502
1502 1132 23 200.56280587275694 125.61174551386624 129.94127243066885
1049 1133 17 227.7539432176656 133.56782334384857 120.97476340694006
1568 1131 37 162.23335530652602 84.27290705339485 102.0955833882663
1003 1130 8 245.98765432098764 161.48148148148147 140.53086419753086
936 1128 44 227.86374351720886 132.26449787835926 119.96511079679397
800 1123 25 123.8688293370945 122.61071932299012 115.67700987306064
2028 1120 38 123.7555958862674 120.8929219600726 115.46581972171809
1652 1118 44 223.71098538425272 148.21735030645922 141.9080622347949
1152 1116 50 124.64728819567529 123.2073732718894 115.76143211627083
1778 1115 51 99.85538153948684 99.72742419193602 97.60846384538488
737 1113 12 156.5704697986577 155.0201342281879 141.8523489932886
1319 1111 13 130.21319796954313 128.04060913705584 121.0203045685279
1959 1110 21 157.8922495274102 154.32703213610586 142.62948960302458
1079 1111 10 107.87610619469027 106.07964601769912 102.83185840707965
1428 1105 43 223.26921263554928 148.0975954738331 141.42197076850542
585 1105 33 123.73747016706444 122.36435958631664 115.3977724741448
839 1102 13 126.72081218274111 124.54822335025379 117.8984771573604
366 1103 50 157.0613257710032 154.37468982630273 141.5572492024105
1898 1102 33 157.29912490055688 154.0827366746221 142.03341288782818
296 1102 14 160.9238578680203 157.4010152284264 144.0203045685279
1354 1092 20 223.58956916099774 149.9591836734694 142.79365079365078
2086 1089 14 155.37055837563452 152.1979695431472 140.6243654822335
1229 1088 19 102.48806366047745 103.37400530503979 100.05039787798408
1232 1087 19 102.0 103.0 100.0
493 1083 52 123.41652782405865 121.56281239586805 114.9140286571143
1009 1078 38 229.84573502722324 91.43738656987297 100.16212946158501
638 1076 16 157.0347003154574 155.53312302839117 142.30599369085172
1076 1072 21 249.20982986767487 160.72211720226844 137.24196597353497
701 1072 13 126.5989847715736 124.86802030456852 117.58375634517766
1513 1072 33 200.49085123309467 125.70007955449483 129.96420047732698
819 1072 13 158.09137055837562 156.18274111675126 142.25380710659897
1849 1070 21 124.44423440453687 121.76370510396976 116.07939508506617
1708 1067 18 123.9761273209549 121.69761273209548 115.6445623342175
1584 1068 26 162.0828105395232 85.06398996235885 102.73902132998745
756 1065 38 99.3145795523291 101.4150030248034 97.9080459770115
2055 1063 21 101.68620037807183 100.98865784499056 98.91682419659736
304 1062 16 126.48264984227129 123.89905362776025 118.34700315457413
2131 1061 26 100.70012547051442 100.4629861982434 98.58720200752822
419 1058 17 125.70662460567823 123.36908517350157 117.3596214511041
560 1055 12 158.34228187919462 155.86577181208054 142.54362416107384
602 1052 15 102.13043478260869 103.14624505928853 100.02371541501975
884 1048 45 157.92835299257317 156.34556574923548 142.19702927042377
1297 1047 43 159.42479962281942 157.5917020273456 143.15464403583215
1743 1040 19 158.41644562334216 154.9814323607427 142.920424403183
956 1040 19 102.74005305039788 103.22546419098143 99.71883289124668
1885 1039 25 99.42031029619181 99.57545839210155 97.6361071932299
1208 1038 29 158.33740288568256 157.26415094339623 142.57269700332964
1141 1038 23 229.4045676998369 92.37683523654161 100.81076672104405
1378 1037 32 164.096545615589 86.41541186891054 103.67316209034544
1452 1036 26 165.4341279799247 88.20828105395232 105.19071518193223
1976 1031 49 123.40129326740205 120.86724990490681 114.9927729174591
1656 1031 34 124.14240254574383 121.49403341288783 115.70087509944312
815 1029 16 158.04731861198738 156.3186119873817 142.2334384858044
392 1025 19 124.55702917771883 122.62599469496021 116.32625994694959
330 1017 31 99.859167404783 100.08768821966342 97.9185119574845
1595 1013 15 103.02371541501975 102.0395256916996 100.16205533596838
668 1013 50 98.20418291386034 100.01807869549805 97.01630627437079
1077 1009 34 248.87669053301514 160.98249801113764 137.17183770883057
2137 1004 13 157.46700507614213 154.21827411167513 142.58883248730965
939 1000 12 146.92617449664428 145.91275167785236 133.50335570469798
1469 998 8 162.74074074074073 158.58024691358023 147.46913580246914
1815 997 47 157.70444353852426 154.81369751324908 142.03302079086833
2077 994 39 156.78100423472475 153.84754990925592 141.37144585601936
1722 991 35 101.86234522942462 101.9075018208303 99.4734158776402
453 991 38 98.7501512401694 100.0840895341803 97.2583182093164
1886 988 14 157.1725888324873 153.93908629441623 142.16751269035532
1347 987 24 100.79934747145188 102.00489396411093 98.92822185970637
853 988 18 101.70291777188328 102.27586206896551 99.21750663129973
556 987 50 157.77880184331798 155.94859978730946 142.2162353775257
1528 981 46 158.9160211985324 156.02853648593558 142.72645739910314
1250 981 36 101.17864205669083 102.66842452208304 99.12195121951218
1000 982 44 100.31494578029232 101.48467703913248 98.07402168788308
2022 981 10 127.07964601769912 124.2566371681416 118.48672566371681
1309 979 13 128.15736040609136 126.10152284263958 118.80203045685278
1927 976 18 123.46949602122015 121.28116710875331 115.16445623342175
922 974 28 123.49944506104329 122.64261931187569 115.22419533851277
1668 969 10 158.35398230088495 155.46017699115043 143.57522123893804
1619 970 29 101.80577136514984 101.49944506104329 99.33185349611543
777 969 50 122.97766749379653 122.08791208791209 114.57532789790854
1158 964 44 228.014615747289 133.56105610561056 120.38802451673739
2130 961 14 157.98984771573603 154.59390862944161 142.85786802030455
1420 960 44 202.24092409240924 127.77887788778878 131.32673267326732
1086 948 22 228.11342155009453 91.61625708884688 100.14555765595463
1748 945 10 158.30973451327432 154.90265486725664 143.00884955752213
499 942 13 160.11167512690355 157.61928934010152 144.18781725888323
370 936 53 98.1807416640698 98.97600498597694 96.4783421626675
445 936 12 116.87248322147651 116.86577181208054 111.43624161073825
1975 934 41 98.78735339112698 99.44875063742988 97.04589495155534
1829 933 10 154.73451327433628 152.10619469026548 140.68141592920352
2053 932 22 122.63894139886578 120.49716446124764 114.6937618147448
1877 928 41 99.53544110147884 99.85109637939827 97.47118816930139
703 925 25 156.60225669957686 155.34273624823695 141.51622002820875
957 922 23 100.46982055464927 101.55138662316477 98.6378466557912
1485 920 23 199.85807504078304 126.81729200652529 130.44698205546493
1528 919 15 103.28458498023714 103.01185770750988 100.45059288537549
1241 919 21 158.0321361058601 157.20604914933838 142.2608695652174
2105 918 25 156.79125528913963 153.8716502115656 141.34696755994358
632 919 35 158.5294974508376 157.20538965768392 142.62126729788784
532 918 16 100.56782334384857 101.24921135646687 98.7570977917981
1049 916 25 123.05359661495064 122.32299012693935 114.67418899858956
1007 913 11 160.34228187919462 158.90604026845637 144.30872483221475
858 913 45 248.44211446046307 160.29619921363042 136.81214504150284
572 913 15 156.29249011857706 154.71541501976284 141.80632411067194
1788 912 32 122.48007085916741 120.40035429583703 114.3436669619132
1320 910 50 122.83587380361574 122.2782701169798 114.6774193548387
770 902 12 123.51677852348993 121.51677852348993 114.67114093959731
1684 900 51 160.2925691436188 157.09730089970012 143.72275908030656
1108 898 25 226.71932299012693 133.59097320169252 120.31875881523273
1585 897 39 102.12946158499699 102.0344827586207 99.73200241984271
1395 892 19 223.54376657824932 151.07161803713527 143.48275862068965
1815 888 23 126.10440456769985 124.06851549755302 117.12398042414357
476 886 39 157.4670296430732 155.7102238354507 141.96007259528133
1189 883 38 229.34301270417424 92.11312764670298 100.14398064125832
928 883 14 248.11675126903552 162.18274111675126 138.65482233502536
1517 880 14 158.58375634517765 154.86294416243655 142.37563451776649
678 881 21 101.01512287334594 102.43856332703214 98.89981096408317
795 878 20 227.55782312925172 133.86848072562358 120.90702947845806
1976 874 13 103.28426395939086 102.90862944162436 100.75634517766497
1933 874 23 121.3915171288744 119.66884176182708 113.6068515497553
1073 872 15 103.45059288537549 103.29644268774703 100.30830039525691
1456 864 37 163.55042847725773 87.02307185234014 104.03493737640078
558 864 37 121.81410678971653 120.85365853658536 113.89980224126565
2054 854 49 157.7835678965386 155.3499429440852 142.43210346139216
737 853 38 99.56684815486994 101.29401088929221 97.92437991530551
1751 852 25 99.49083215796897 99.85472496473906 97.77997179125529
1375 851 20 101.41269841269842 102.08390022675738 98.84580498866214
905 848 27 229.29109159347553 92.20577164366374 100.15683814303638
1007 847 49 122.28451882845188 121.91555724610119 114.09281095473564
636 842 30 121.46580773042616 120.81764122893954 113.70366699702676
1266 840 30 122.02081268582755 121.81863230921705 114.10901883052527
1838 836 53 122.0401994390776 120.22842006855718 113.9962605172951
1531 834 37 163.67699406723796 86.91957811470006 103.96440342781806
402 833 33 157.8098647573588 156.27764518695307 142.47573587907718
1988 832 14 122.44670050761421 120.81218274111674 114.96446700507613
687 832 10 160.8495575221239 158.61061946902655 145.0353982300885
460 830 13 123.42639593908629 122.13197969543147 115.11167512690355
829 822 42 228.88016318204998 91.71545130035696 100.24732279449262
1701 822 23 202.53181076672107 128.19086460032628 131.90864600326265
1408 820 21 201.18714555765595 128.3100189035917 131.73156899810965
513 820 24 157.76672104404568 156.79282218597064 142.2920065252855
1190 820 20 248.16780045351476 162.26984126984127 138.1201814058957
1112 820 47 248.4027721157766 161.92539747248267 137.5430085609458
1627 809 43 202.02263083451203 127.68033946251768 131.26591230551625
1936 808 36 158.3717864205669 156.23071852340144 142.93935398813446
1332 802 36 158.79235332893867 158.2300593276203 143.21819380355964
1399 786 17 124.198738170347 122.47949526813879 115.5205047318612
770 787 21 121.3875236294896 120.91115311909263 113.65406427221173
393 782 13 157.70558375634516 156.6243654822335 142.83248730964465
977 779 14 247.5634517766497 161.70558375634516 137.95431472081216
575 778 48 99.41080258653481 101.31228604031952 97.94332445796881
1462 771 44 223.74776049033474 151.00801508722301 143.46487505893447
690 768 46 158.73909498573175 157.67876070118223 142.87688544639218
2015 768 43 120.48703441772749 119.29372937293729 112.84252710985385
1745 767 44 224.5865157944366 151.2107496463932 144.1857614332862
1884 765 21 101.18336483931947 102.00945179584122 99.351606805293
912 765 49 226.52567516165843 133.67744389501712 120.3837961201978
1555 762 37 167.2201713909031 89.4390243902439 106.66842452208304
1044 761 39 228.16878402903814 91.93587416817907 99.7404718693285
1827 756 26 165.41154328732748 89.51317440401505 106.19071518193223
1152 754 18 247.66047745358088 163.42970822281166 138.69230769230768
459 752 55 120.67732472865943 120.14579055441479 113.09680258140217
1671 750 28 165.1764705882353 88.26082130965594 105.53607103218646
1328 744 15 159.33201581027666 159.2094861660079 143.5691699604743
760 744 20 100.74829931972789 102.8639455782313 99.62131519274377
1243 744 58 98.36179600311445 101.3277965221905 97.11575395795484
1109 743 17 226.60252365930597 134.8391167192429 121.55205047318611
1618 740 17 159.28706624605678 156.7223974763407 143.49526813880126
825 733 32 158.89548272807795 157.98582816651904 142.8104517271922
1382 732 35 101.36562272396213 102.77858703568828 99.24326292789513
980 729 21 248.16446124763706 161.44612476370511 137.6257088846881
1871 728 12 123.20134228187919 120.96644295302013 115.28859060402684
633 719 21 121.84120982986768 121.48393194706995 114.32136105860114
537 713 15 158.2885375494071 157.4189723320158 142.7075098814229
1094 711 12 159.41610738255034 158.14093959731542 143.39597315436242
684 707 15 103.70750988142292 104.44268774703556 100.60474308300394
1327 706 23 121.83197389885808 121.7194127243067 114.05383360522023
1792 703 23 103.4730831973899 103.57748776508973 100.70636215334422
1447 703 22 122.36105860113422 121.67296786389414 114.53497164461248
874 702 24 104.2446982055465 104.82055464926592 101.12071778140294
1934 698 52 100.67644118627125 101.17160946351217 98.40253248917028
583 693 26 99.94604767879548 101.84190715181931 98.39146800501881
1730 692 31 122.20549158547388 120.58547387068202 113.87422497785651
1147 687 38 159.85843920145192 159.9189352692075 143.8245614035088
803 687 12 159.46308724832215 158.53020134228188 144.28187919463087
744 680 44 120.65393682225366 120.38802451673739 113.1051390853371
1853 679 27 159.55081555834377 157.26976160602257 143.9585947302384
1523 674 50 120.97376816731655 119.98617511520737 113.32577100319035
1046 675 38 99.3944343617665 102.02419842710225 97.85420447670903
1390 674 14 160.97969543147207 160.0203045685279 144.61421319796952
1632 664 58 100.83259797560342 101.6877757591487 98.76615624188943
1277 664 21 100.54820415879017 102.8241965973535 98.9054820415879
1212 658 25 120.29478138222849 121.10437235543019 113.37940761636106
953 655 48 159.79688094332445 159.83073411943704 143.70787371624192
517 654 40 159.44729503625211 158.64082543223648 143.31344116006693
653 646 42 159.96073431922488 158.81947985721573 143.87710351861296
578 644 15 101.66403162055336 103.10671936758892 99.40711462450592
832 638 40 99.22420524261015 101.59230340211936 97.71611823759063
1341 635 40 160.68265476854435 160.53262688232013 144.6302286670385
1017 633 13 121.98477157360405 122.33502538071065 114.66497461928932
1715 631 21 101.13610586011342 102.58790170132326 99.28922495274102
1428 626 42 99.38908720040796 101.90005099439063 98.25293217746048
1793 624 42 160.43090260071392 158.7542070372259 144.28403875573687
891 621 14 102.50761421319797 103.88832487309644 100.11167512690355
768 620 17 101.6372239747634 102.94637223974763 99.23659305993691
1887 614 43 120.56577086280056 119.53748231966054 112.77840641206978
1053 614 11 160.3221476510067 160.09395973154363 144.28859060402684
1179 611 23 99.64274061990213 102.74714518760196 98.33768352365416
1111 612 36 120.70995385629531 121.29202373104812 113.2188529993408
718 602 25 159.50352609308885 158.95627644569817 143.61071932299012
1500 598 22 120.82230623818526 120.03024574669188 113.44045368620039
1253 598 41 98.65884752677206 101.85976542580316 97.61805201427843
1565 589 34 160.32617342879874 159.47175815433573 144.34606205250597
674 587 13 161.05076142131978 160.08629441624365 145.11167512690355
637 588 13 160.11675126903552 159.13197969543145 144.2741116751269
569 580 39 98.92619479733818 101.34785238959468 97.73260738052028
1626 579 21 121.02646502835539 120.26843100189036 113.59168241965973
1377 577 20 100.10430839002268 102.70748299319729 99.06349206349206
855 577 18 100.76392572944296 102.45888594164455 98.6949602122016
1685 575 32 100.73073516386182 102.15766164747565 99.09300265721878
920 574 33 121.31105807478123 121.85361972951472 114.10023866348449
705 561 15 102.99604743083003 103.7588932806324 100.399209486166
1009 559 48 159.95587675922405 159.85545834918221 143.78166603271205
1325 558 29 160.5982241953385 160.34739178690344 144.47502774694783
1750 557 24 101.20717781402936 102.19086460032626 99.19249592169658
1502 555 13 161.60406091370558 160.3451776649746 145.45685279187816
1881 548 13 161.59898477157358 159.83756345177665 145.57360406091368
1093 547 22 120.8015122873346 121.35916824196597 113.70321361058602
879 541 15 123.08695652173913 122.97233201581027 115.56521739130434
781 542 54 120.3879713306326 120.28731692115923 112.97164225615457
1365 538 11 161.4295302013423 161.06040268456377 145.24161073825502
1815 532 41 99.21366649668538 101.11065782763896 97.76440591534931
1172 528 48 161.09813617344997 161.26359832635984 144.7573221757322
1439 524 51 120.28657114295235 120.28090636454516 112.91036321226258
652 522 48 119.58387219475085 119.23354887790035 112.29783187523773
1262 519 30 120.13379583746283 120.45391476709614 112.80773042616451
1530 516 29 98.92230854605994 101.31742508324085 97.75027746947836
1615 512 41 120.98266190719022 120.48393676695564 113.40285568587456
941 501 33 100.07716785998409 102.63245823389022 98.49244232299125
721 492 15 122.81422924901185 121.99209486166006 114.94466403162055
1072 487 40 97.86224205242611 101.25934188510877 96.88287785833799
866 486 31 161.04605845881312 160.55978742249778 144.47387068201948
1005 483 23 121.06688417618271 121.45513866231649 114.01305057096249
1782 480 15 101.54150197628458 103.01185770750988 100.14624505928853
1710 476 50 161.49379652605458 159.7373271889401 144.89400921658986
1498 476 18 119.91511936339522 119.76923076923076 112.90450928381962
1331 471 51 98.18293902032656 101.35788070643119 97.33488837054315
809 471 14 101.1979695431472 102.62944162436547 98.93908629441624
1135 469 12 123.88590604026845 123.63758389261744 116.3489932885906
697 460 18 120.93899204244032 120.61273209549071 113.92307692307692
1242 458 30 99.09712586719525 102.0822596630327 98.14271555996035
1410 455 13 160.7208121827411 160.39086294416242 145.23350253807106
1633 453 11 160.93959731543623 159.76510067114094 145.69127516778522
1177 451 21 123.20793950850663 122.87901701323251 115.10586011342156
749 448 32 97.67227635075288 100.47829937998229 97.18246235606732
1034 436 18 101.89124668435012 103.71618037135278 99.93368700265252
906 433 30 98.2814667988107 101.26759167492567 97.54905847373637
1551 428 49 98.6808672499049 100.87295549638647 97.12248003042983
1455 425 36 159.59129861568886 158.82531311799602 143.49176005273566
1395 424 11 161.53020134228188 160.71812080536913 145.37583892617448
980 419 31 160.4517271922055 160.12311780336583 144.25420726306467
1124 417 31 162.08768821966342 161.54738706820194 145.22143489813996
833 407 41 159.77460479347272 159.07496175420704 143.40183579806222
1651 404 35 160.71813546977424 159.37217771303716 144.5010924981792
774 394 11 161.78523489932886 160.6979865771812 146.1006711409396
1292 394 30 120.39345887016849 120.39147670961347 112.85431119920713
1205 377 48 160.71928489920123 160.48117154811715 144.47356409281096
1598 367 18 97.81432360742706 99.9840848806366 97.28116710875331
1126 367 18 98.90981432360742 101.32625994694959 98.05835543766578
1049 359 51 96.26591136287904 99.42952349216928 95.86437854048651
874 356 17 99.4006309148265 101.67507886435331 98.26182965299684
1549 353 18 100.48806366047745 101.50663129973475 98.89124668435012
941 352 39 120.49667271627345 120.73442226255294 113.30006049606776
1384 351 53 161.26269866001869 160.4783421626675 144.76565908382673
1488 350 39 120.10768300060496 119.91833030852996 112.96370235934666
1283 315 41 96.82049974502806 99.73584905660378 96.40693523712392
992 314 17 98.99053627760252 101.89905362776025 97.91482649842271
1443 310 13 160.0710659898477 159.0456852791878 144.25380710659897
1149 309 30 161.4757185332012 160.33300297324084 145.0436075322101
1215 298 23 98.6394779771615 101.1957585644372 97.9494290375204
1097 295 14 161.00507614213197 160.48223350253807 145.0
1344 288 13 161.77664974619287 161.2690355329949 145.46192893401013
1172 86 2 159.60000000000002 163.8 160.60000000000002
