1131 2306 3 165.6923076923077 163.23076923076923 160.6923076923077
1127 2306 3 153.15384615384616 150.76923076923077 149.92307692307693
994 2103 8 164.86419753086417 160.09876543209876 147.59259259259258
1160 2098 50 98.02481389578163 97.4767812832329 95.17724211272598
1049 2092 45 125.2354740061162 122.08300567933595 115.21057230231543
1467 2091 19 161.14588859416446 156.75066312997347 143.9310344827586
1280 2089 53 160.90152695543782 156.64412589591774 143.37799937675288
1389 2086 43 126.19377652050919 122.92975011786893 116.58132956152758
895 2063 8 163.29629629629628 158.28395061728395 146.71604938271605
1450 2052 10 162.7079646017699 156.95575221238937 145.16814159292036
1098 2048 14 161.68020304568526 157.0456852791878 143.47715736040607
959 2046 46 158.972278842234 155.02609050142684 141.5218100285365
1338 2040 15 126.99604743083003 123.39130434782608 116.99604743083003
1519 2032 51 99.10696434521826 98.28523825391537 95.86637787404199
1606 2029 26 100.51819322459221 99.22208281053952 97.27854454203262
858 2025 38 98.47005444646099 97.69812462189958 94.99818511796734
1130 2018 24 125.9673735725938 122.97226753670473 116.21696574225123
1659 2015 21 101.0226843100189 99.70888468809073 97.45746691871456
1370 2009 12 162.16107382550337 157.00671140939596 145.00671140939596
1430 2008 33 99.61575178997614 98.96340493237868 96.71439936356404
1208 2005 41 159.83936766955637 155.41101478837328 142.41458439571647
908 1992 16 159.08832807570977 154.8832807570978 142.1167192429022
1049 1988 51 99.68410529823393 99.09763412195935 96.38153948683772
1300 1980 46 126.58377496942519 123.06033428454953 116.97146351406441
1378 1971 22 101.25330812854443 100.14744801512288 98.26275992438563
772 1969 51 157.8310563145618 153.87470843052316 140.80439853382205
1707 1968 28 125.74583795782465 122.28634850166482 116.4361820199778
1564 1968 14 160.55329949238578 155.29949238578678 143.18274111675126
1487 1967 17 100.18927444794953 98.74763406940063 96.5583596214511
687 1962 21 157.14555765595463 152.92438563327033 140.46502835538752
1139 1961 26 160.20577164366372 155.82308657465495 143.24717691342533
956 1960 32 100.7511071744907 99.96102745792737 97.29229406554474
1760 1952 15 102.02371541501975 100.55731225296442 98.34387351778655
1183 1947 11 162.51677852348993 157.25503355704697 144.98657718120805
1629 1944 42 160.43192248852628 155.72412034676188 143.36155022947477
1225 1938 29 100.4173140954495 99.503884572697 97.3984461709212
872 1934 40 126.21305075292805 122.57055214723927 115.9531511433352
1102 1929 15 161.99604743083003 157.4189723320158 143.80237154150197
926 1923 7 136.0204081632653 130.20408163265304 123.93877551020407
1004 1921 19 101.48010610079575 100.40318302387267 97.75331564986737
1433 1919 44 125.91089108910892 122.34370579915134 116.30787364450731
719 1917 15 158.40316205533597 153.77470355731225 141.3596837944664
1540 1915 40 99.33853876185165 98.23926380368098 96.24316787506972
1803 1908 13 159.11167512690355 153.86802030456852 142.994923857868
1355 1907 30 161.49653121902872 156.86917740336966 144.34489593657085
647 1898 44 124.34936350777934 120.90994813767091 114.68363979255068
1665 1896 11 161.70469798657717 156.27516778523488 144.71812080536913
810 1896 23 159.0505709624796 154.6867862969005 142.00163132137033
1162 1882 43 126.17350306459217 122.74587458745874 116.31353135313532
1059 1882 39 125.70538415003026 122.3284936479129 115.66606170598912
1488 1879 13 160.97969543147207 155.73096446700507 144.38578680203045
1734 1878 50 158.55547678128323 154.20063807160582 142.30769230769232
954 1872 43 159.35407826496936 154.73408769448375 142.25695426685525
1271 1864 50 99.60120524636653 98.89010989010988 96.72846508330379
1561 1860 11 160.71812080536913 155.92617449664428 144.0
564 1857 37 99.614370468029 98.24719841793012 96.34212261041529
1830 1852 37 98.99340804218852 98.18391562294 96.06394199077126
1440 1852 16 103.35015772870662 101.37223974763407 99.14826498422713
859 1850 35 100.5047341587764 99.4734158776402 97.13911143481428
1624 1848 47 98.71667346106808 98.2152466367713 96.36485935589074
742 1843 51 99.23125624791736 98.31256247917361 96.02165944685105
1012 1826 21 127.31758034026466 123.47069943289225 117.41020793950851
1375 1825 39 159.87477313974594 155.23714458560195 143.167574107683
1059 1822 11 161.04697986577182 156.02684563758388 143.36912751677852
1113 1818 31 100.651904340124 100.0 97.42869796279894
1689 1817 18 125.53315649867373 121.83554376657824 116.47214854111405
816 1817 14 127.3705583756345 123.02538071065989 116.93401015228426
1514 1813 48 159.288322556105 154.79992392544693 142.93305439330544
905 1813 18 127.26790450928381 123.57294429708222 117.9655172413793
1436 1805 11 160.4295302013423 155.39597315436242 143.83221476510067
1729 1800 13 157.50253807106597 153.35025380710658 141.59898477157358
636 1792 51 124.70443185604799 120.93435521492836 114.838053982006
1312 1792 26 99.06524466750312 97.88958594730238 96.0138017565872
1660 1788 10 161.2212389380531 155.99115044247787 144.6283185840708
1195 1788 44 100.05280528052805 99.3008015087223 96.85997171145686
1886 1779 44 123.37293729372938 120.13295615275813 114.22206506364923
780 1779 17 160.69716088328076 155.54258675078864 143.52681388012618
1788 1778 38 99.45856019358743 98.84392014519057 96.70901391409559
1263 1776 17 159.09148264984228 154.34069400630915 142.69400630914825
953 1768 39 99.90320629159106 98.89655172413794 96.75257108287963
524 1766 51 157.53982005998 152.8117294235255 141.10063312229258
1356 1761 19 101.76392572944296 100.13527851458885 97.78249336870026
1051 1758 47 160.33102323685284 155.7284957195271 143.05748063595598
1695 1756 30 158.7571853320119 154.70763131813678 142.18731417244797
1431 1756 39 100.34180278281913 99.35934664246825 97.37931034482759
848 1752 49 158.16850513503235 153.45378470901483 141.5131228604032
1551 1748 9 131.9753086419753 128.66666666666666 122.82716049382715
1602 1747 46 124.2433754586221 121.13615980432124 115.13860578883
1536 1745 15 122.56126482213438 118.9486166007905 113.28063241106719
728 1744 37 124.71984179301252 120.95319709953856 114.85036255767962
1963 1738 29 98.69256381798003 98.04772475027747 95.90788013318536
1833 1737 9 159.06172839506172 153.7530864197531 143.25925925925924
1134 1737 29 126.12097669256381 122.79467258601554 116.3607103218646
1495 1735 19 100.51724137931033 99.42440318302387 96.9946949602122
1224 1730 16 101.59305993690852 100.14195583596214 97.86119873817034
782 1725 14 159.45685279187816 153.6954314720812 142.2944162436548
1745 1724 21 124.531190926276 120.87712665406427 115.01512287334594
1910 1718 12 157.3221476510067 153.20805369127515 141.8791946308725
1370 1719 15 126.26482213438734 122.47430830039525 116.79446640316205
917 1717 16 102.43217665615141 100.56466876971608 98.3217665615142
661 1715 23 101.93148450244699 99.88254486133769 97.86949429037521
1864 1708 21 124.61625708884688 121.54820415879017 115.28922495274102
1295 1706 47 159.209947003669 154.84875662454138 142.47574398695474
597 1706 33 99.56404136833731 98.22752585521083 96.35560859188544
1403 1700 12 161.29530201342283 156.1744966442953 144.41610738255034
456 1696 34 124.5887032617343 120.98329355608593 115.30469371519492
1115 1693 10 162.31858407079645 157.63716814159292 145.50442477876106
1802 1690 35 156.12163146394758 152.35615440640933 140.56008739985435
1997 1689 19 98.9787798408488 98.11671087533156 96.34482758620689
1537 1687 31 197.84145261293182 122.32063773250664 127.65456155890169
981 1685 41 125.27944926058134 121.65374808771035 115.69454360020399
704 1680 20 250.66893424036283 155.99319727891157 134.49886621315193
1617 1678 16 158.4416403785489 154.14826498422713 142.46687697160883
1859 1673 7 160.20408163265304 154.91836734693877 144.734693877551
1180 1671 48 124.60022822365919 121.66717383035375 115.33891213389121
660 1670 14 251.4010152284264 155.04060913705584 134.5685279187817
1067 1668 34 159.83452665075578 155.9307875894988 142.78202068416866
1453 1668 41 160.14686384497705 81.35441101478838 99.94390617032127
527 1667 30 156.7284440039643 152.5222993062438 140.76709613478693
1370 1665 29 160.50166481687015 81.56825749167592 100.0677025527192
1694 1664 51 99.00099966677774 98.19560146617795 96.34388537154283
774 1662 49 251.2088246481552 156.0912894636744 134.3837961201978
1766 1657 8 160.50617283950618 155.88888888888889 145.17283950617283
888 1656 42 228.20397756246814 129.08312085670576 117.71953085160634
1926 1656 44 156.85101367279586 153.22725129655822 140.84582743988685
399 1652 23 99.6215334420881 98.38825448613377 96.80587275693313
1848 1646 19 122.973474801061 120.52785145888593 114.36339522546419
624 1644 25 228.15514809590974 87.01128349788435 98.00564174894217
577 1643 16 157.5552050473186 152.602523659306 141.403785488959
1120 1642 11 160.8523489932886 156.29530201342283 143.9731543624161
1258 1638 22 101.03213610586012 99.8601134215501 97.77882797731569
2014 1633 28 98.48834628190899 97.79800221975583 95.72364039955605
1026 1621 23 101.394779771615 100.05709624796086 97.96411092985319
1507 1619 22 159.33459357277883 80.63327032136107 98.86389413988658
1585 1615 47 223.0754178556869 145.23114553607826 139.5136567468406
1398 1614 23 159.76019575856444 81.48450244698206 99.72756933115824
832 1613 23 230.59053833605222 88.4404567699837 98.58075040783035
693 1613 42 229.68332483426823 86.60632330443651 97.28046914839368
1325 1611 40 222.4707194645845 145.26882320133853 139.08254322364752
542 1610 18 104.20159151193633 101.88328912466842 99.81167108753316
956 1610 36 231.8193803559657 88.26961107448912 98.6466710613052
1794 1605 47 99.22095393395841 98.67468406033429 96.2291072156543
373 1605 20 156.12471655328798 151.52154195011337 140.45578231292518
1169 1601 15 158.96442687747034 155.1383399209486 142.31225296442688
1450 1598 18 102.92838196286472 101.29442970822281 99.41379310344827
1871 1596 25 98.72073342736248 98.28067700987306 96.34273624823695
758 1597 11 159.6711409395973 153.46979865771812 142.28187919463087
461 1596 52 99.66444518493836 98.16994335221594 96.25024991669444
1654 1595 18 221.22281167108753 144.57559681697612 139.07427055702917
2060 1592 21 154.86389413988658 151.10018903591683 139.68620037807185
1945 1588 21 98.70888468809073 98.14744801512288 95.72589792060492
893 1581 29 227.33185349611543 128.85460599334073 117.63041065482797
1228 1571 45 99.25120139799039 99.06858890345129 96.79379641764963
1094 1569 54 100.9264568401371 100.44406357120599 97.95169834839514
1007 1569 18 227.48806366047745 130.49071618037135 119.24668435013263
600 1565 50 225.53952499113788 127.56859269762495 116.86246012052463
2001 1563 30 155.06045589692764 152.12784935579782 140.0356788899901
739 1563 12 158.25503355704697 153.02684563758388 142.47651006711408
1715 1562 33 123.49403341288783 120.43516308671441 114.824184566428
1366 1560 16 160.85804416403786 83.57728706624606 101.06624605678233
1418 1553 25 101.63046544428772 100.62905500705219 98.59943582510579
1577 1549 11 160.50335570469798 154.63087248322148 143.98657718120805
1168 1549 10 159.3716814159292 155.13274336283186 143.10619469026548
1834 1541 15 156.62845849802372 152.40316205533597 141.63241106719366
524 1539 23 100.16802610114193 99.4257748776509 97.48939641109298
362 1539 34 153.296738265712 149.33333333333334 138.66109785202863
1504 1536 54 125.15487690869429 121.92053599252102 115.97320037394827
800 1536 50 99.21304501949663 98.24672102091456 96.39454094292805
1770 1532 17 157.29337539432177 153.54258675078864 142.16719242902207
2068 1532 29 123.27192008879024 120.10654827968924 114.73362930077691
1381 1526 10 160.95575221238937 155.39823008849558 144.5132743362832
1633 1525 44 158.85714285714286 80.43517208863743 98.91607732201791
1974 1524 7 158.12244897959184 153.6734693877551 144.16326530612244
1235 1523 9 128.49382716049382 126.65432098765432 120.01234567901234
957 1523 37 251.51615029663807 156.0797626895188 134.81476598549767
686 1522 40 250.85499163413274 155.86726157278306 134.52035694366984
487 1521 12 155.85906040268455 150.81208053691276 140.91275167785236
1577 1520 10 158.07079646017698 153.0 141.84070796460176
888 1521 28 100.31298557158713 99.12541620421754 97.44506104328524
1909 1520 51 122.56147950683106 120.02065978007332 114.03798733755416
1235 1515 10 129.58407079646017 127.27433628318583 119.03539823008849
1313 1514 52 201.13962012662446 124.77807397534156 129.2029323558814
434 1498 37 123.7237969676994 120.25181278839814 114.72643375082399
1175 1494 35 157.84559359067737 154.60014566642388 141.81063364894393
1026 1492 32 251.9406554472985 157.28697962798938 135.2559787422498
1721 1491 32 197.24800708591675 122.37289636846768 127.4295837023915
2096 1484 19 100.6339522546419 99.73740053050398 98.16180371352785
2006 1484 39 98.04234724742892 97.78947368421053 95.71385359951604
1238 1483 18 103.60477453580901 102.10875331564986 100.26790450928381
1105 1477 28 100.24972253052164 99.87125416204218 97.56270810210877
847 1474 17 156.86435331230282 152.98107255520503 141.0410094637224
1414 1472 43 157.4224422442244 153.7930221593588 141.57284299858557
1809 1471 48 155.9246861924686 152.73830353746672 140.58349182198555
1568 1471 30 99.7205153617443 99.24975222993062 96.90981169474728
529 1468 45 155.78200087374398 151.66666666666666 140.24508519003933
616 1467 37 250.13117996044824 155.820698747528 134.46209624258404
576 1467 11 168.3221476510067 131.3489932885906 117.87919463087248
805 1463 11 158.04697986577182 153.54362416107384 142.73154362416108
683 1462 20 228.99319727891157 87.57596371882086 98.7687074829932
1944 1457 15 157.33596837944663 153.78656126482213 141.99209486166006
749 1455 34 99.6873508353222 99.2673031026253 97.37072394590295
980 1455 23 232.29853181076672 89.83360522022839 99.6557911908646
1210 1452 10 159.07079646017698 154.2566371681416 143.23008849557522
917 1448 38 156.83182093163947 153.3629764065336 141.1004234724743
346 1443 49 122.93723849372385 119.82845188284519 114.22289844047167
1661 1438 39 198.55293405928617 123.27828191167575 127.8173018753781
1893 1436 27 98.91718946047678 98.41530740276035 96.44040150564616
1505 1433 36 156.99802241265655 153.20896506262358 141.1067897165458
1731 1431 25 160.31311706629054 82.33004231311706 100.73060648801128
1115 1430 12 129.30872483221475 125.43624161073825 119.26174496644295
1339 1429 24 161.13866231647634 82.5562805872757 101.15497553017946
1267 1430 33 157.50914876690533 80.08591885441528 98.31026252983294
1595 1419 21 100.4366729678639 99.58979206049149 97.35916824196597
1444 1416 14 102.71065989847715 101.35532994923857 98.98984771573603
1770 1415 9 159.07407407407408 154.46913580246914 143.48148148148147
1052 1414 45 228.303626037571 130.07514198339888 118.48405417212757
439 1412 41 99.35186129525752 98.73227944926059 96.73482916879144
972 1408 16 157.02523659305993 153.30599369085172 141.2018927444795
1850 1406 14 155.497461928934 151.7969543147208 140.55837563451774
827 1407 43 124.38661008958039 121.52616690240453 115.48703441772749
2083 1404 54 122.504206918043 119.19196011218447 113.69242754752258
1554 1401 13 128.3451776649746 124.08121827411166 118.81725888324873
1976 1400 40 98.35359732292248 98.14054656999443 96.00613496932516
584 1399 33 99.69928400954655 98.98965791567224 96.81782020684169
1381 1398 22 126.87712665406427 123.56521739130434 117.56332703213612
759 1395 12 155.53691275167785 152.05369127516778 140.7986577181208
1179 1387 53 126.59582424431287 123.55375506388283 117.17762542848239
515 1385 36 123.66974291364534 120.4067237969677 114.93342122610414
297 1384 22 154.16068052930058 150.5803402646503 139.51984877126654
1640 1378 16 198.28391167192427 123.60883280757098 127.80757097791798
683 1377 53 155.54035525085695 152.2885634153942 140.19725771268307
1252 1376 18 220.9098143236074 145.23076923076923 139.026525198939
1801 1370 36 124.17468688200394 121.64007910349373 115.28081740276862
1515 1368 21 99.80340264650283 99.28922495274102 97.30434782608695
998 1366 19 127.3129973474801 124.07692307692307 117.80901856763926
1320 1365 37 223.45682267633487 146.4785761371127 139.78048780487805
1096 1360 21 231.99243856332703 90.08317580340265 99.64083175803403
373 1358 28 123.42619311875694 120.41509433962264 114.85460599334074
1708 1354 47 221.37260497350184 145.23236852833264 139.03098247044434
1901 1353 37 155.2524719841793 152.067237969677 140.02504943968358
922 1349 51 99.83972009330223 99.26691102965678 96.92835721426192
1641 1347 12 223.24161073825502 147.83221476510067 141.40268456375838
1581 1343 44 125.55728429985855 122.6096181046676 116.51390853371052
2138 1341 17 154.94637223974763 150.8832807570978 140.4384858044164
1439 1341 51 99.64545151616129 99.27724091969344 96.838053982006
2077 1334 11 152.5771812080537 148.26845637583892 138.40939597315435
1265 1333 21 199.37618147448015 124.52741020793951 128.98865784499054
843 1329 17 157.21766561514195 153.97476340694007 141.22712933753942
1516 1329 13 158.2233502538071 154.27918781725887 142.46192893401013
1046 1329 36 229.33750823994725 87.8022412656559 97.89321028345418
520 1324 13 155.9746192893401 152.4213197969543 140.98984771573603
776 1323 41 123.67057623661398 121.1050484446711 115.0413054563998
2021 1319 35 153.57756737072106 150.13692643845593 138.92206846321923
1161 1317 13 159.75126903553297 156.35532994923858 143.03045685279187
1516 1316 10 142.67256637168143 139.09734513274336 128.24778761061947
1956 1315 20 154.15873015873015 150.94784580498867 139.12471655328798
1845 1316 20 157.44897959183675 154.00680272108843 141.87301587301587
450 1313 47 156.1667346106808 152.80269058295963 140.48593558907461
310 1314 40 99.73284997211378 99.34634690462912 97.14277746793084
1362 1312 18 158.9257294429708 82.0053050397878 99.6498673740053
1114 1311 22 228.39697542533082 131.41776937618147 119.53308128544424
593 1312 46 98.78597635548309 98.8748471259682 96.71300448430493
991 1306 19 156.48541114058355 153.0053050397878 140.3050397877984
994 1305 19 156.0 153.0 140.0
663 1300 16 100.81388012618297 100.2018927444795 97.89905362776025
1215 1298 31 157.303808680248 154.80513728963686 141.27280779450842
1645 1298 27 159.5207026348808 81.16562107904642 99.49435382685068
709 1291 22 156.41587901701322 153.84120982986767 141.04158790170132
375 1292 23 100.98042414355629 100.35725938009789 98.51386623164764
2098 1281 47 98.9657562168773 98.47696697920914 96.65756216877293
1518 1280 32 156.85385296722765 153.24977856510188 141.37732506643047
1576 1280 14 127.1218274111675 122.88832487309644 117.25888324873095
1790 1278 39 99.92800967937085 99.53357531760436 97.46460980036298
524 1276 21 124.12287334593573 121.82041587901702 115.47258979206049
1158 1269 29 100.74250832408435 100.77913429522752 97.97891231964483
1461 1267 18 101.72679045092838 100.34748010610079 98.52785145888593
862 1267 40 228.2716118237591 131.2058003346347 119.15672058003346
1975 1266 30 97.90188305252725 97.7611496531219 95.9207135777998
1307 1265 46 201.471259682022 125.56828373420302 129.78760701182225
1703 1257 39 160.04476709013915 82.20810647307925 100.22081064730793
1023 1256 18 231.6074270557029 90.9628647214854 100.0026525198939
796 1256 20 226.6122448979592 130.3514739229025 118.82766439909297
1890 1251 47 122.82348145128414 120.16265796983286 114.16795760293518
748 1250 26 100.10288582183186 99.84692597239648 97.50439146800501
1080 1248 38 250.59709618874774 158.16031457955233 135.57955232909862
1395 1245 38 222.64367816091956 146.7695099818512 140.2940108892922
350 1243 24 155.5415986949429 152.12398042414355 140.45024469820555
951 1243 46 251.0913167549939 159.48145128414185 136.32083163473297
2030 1238 22 155.04725897920605 151.57466918714556 140.79017013232516
292 1236 24 100.5415986949429 99.76182707993475 97.84176182707994
1137 1234 7 246.81632653061223 164.1020408163265 143.61224489795916
497 1230 26 100.73274780426598 101.11794228356335 98.87829360100376
1137 1228 7 207.87755102040813 124.61224489795917 113.85714285714285
1534 1224 19 161.10079575596816 83.06100795755968 100.57824933687002
1611 1220 45 222.01179554390563 146.11533420707732 140.03757099169943
563 1219 31 155.62178919397698 153.14968999114262 140.38618246235606
2069 1216 13 123.91370558375634 120.4720812182741 115.63959390862944
1218 1216 45 99.67234600262124 100.29357798165138 97.4700742682394
658 1216 54 121.95855406668744 119.93113119351823 113.65472109691493
1473 1212 34 160.3977724741448 82.46062052505967 100.60779634049324
1818 1211 20 99.80952380952381 99.32426303854875 97.21995464852608
424 1204 45 123.10004368719966 120.75229357798165 114.74617737003058
882 1203 25 229.87729196050776 91.00141043723553 99.78420310296191
1689 1195 22 199.8733459357278 124.73345935727788 129.0359168241966
1136 1194 31 231.89105403011516 90.81488042515501 100.0903454384411
1024 1194 33 230.91249005568815 91.00954653937949 99.91567223548131
807 1193 42 229.70678225395207 88.85670576236615 98.74655787863335
737 1193 22 228.64272211720228 89.83553875236295 99.35727788279773
1083 1190 12 229.36912751677852 133.7718120805369 121.14765100671141
1908 1186 14 157.16751269035532 153.48730964467003 141.86802030456852
1347 1185 37 160.9920896506262 82.20962425840474 100.4054054054054
1282 1183 23 126.43393148450245 124.17455138662316 117.52202283849918
595 1184 12 156.50335570469798 154.06040268456377 141.78523489932886
2125 1181 40 122.45343000557725 119.45343000557725 114.10875627440045
520 1180 18 100.6737400530504 100.40583554376657 97.56763925729443
1975 1178 48 97.54621529098517 97.37162419170788 95.33282616964625
2053 1176 22 122.56521739130434 119.64272211720227 114.10586011342156
1083 1176 7 209.99999999999997 128.0204081632653 115.28571428571428
972 1175 12 158.16107382550337 155.09395973154363 141.91275167785236
1758 1175 42 123.42070372259052 120.71902090770016 114.90005099439063
2287 1169 2 170.4 169.8 171.0
1658 1168 13 102.79695431472081 100.6243654822335 98.93908629441624
1417 1169 29 223.6315205327414 147.29411764705884 141.06881243063265
1540 1159 38 199.5856019358742 124.2323049001815 128.63278886872354
1177 1156 15 128.5177865612648 125.28458498023714 118.86561264822133
327 1156 53 155.5534434403241 152.67871611093798 140.40511062636335
89 1154 4 165.23076923076923 164.23076923076923 164.23076923076923
1860 1153 34 156.37867939538586 152.96420047732698 140.93396976929196
86 1153 4 115.6923076923077 116.07692307692308 117.23076923076924
1602 1150 18 221.80901856763924 145.50397877984085 139.6445623342175
1471 1149 21 159.41020793950852 82.14555765595463 99.98865784499056
995 1149 13 125.79187817258882 123.15736040609136 116.85279187817258
1472 1147 21 159.0 82.0 100.0
858 1141 16 104.89274447949526 103.58044164037855 100.81072555205047
479 1139 27 156.04642409033875 153.53575909661228 140.76286072772896
1917 1134 17 99.50788643533123 98.98107255520505 97.18611987381703
571 1134 38 97.7652752571083 99.2583182093164 96.43254688445252
409 1135 21 124.52930056710775 122.296786389414 116.07561436672968
644 1132 26 155.04642409033875 153.26348808030113 140.10664993726473
1233 1131 32 156.92648361381754 155.34720992028343 141.3082373782108
928 1131 43 157.66760961810468 155.86657237152286 141.81989627534182
1302 1129 26 222.11417816813048 147.1116687578419 140.23839397741529
1812 1129 16 100.91798107255521 99.82649842271293 97.801261829653
707 1127 35 248.91260014566643 157.4530225782957 135.30662782228697
1086 1123 47 227.13942111699959 131.8618018752548 119.05381165919283
1724 1123 13 101.71573604060913 99.81725888324873 98.30456852791878
782 1119 27 225.59096612296108 130.9159347553325 119.14554579673776
1161 1118 20 226.9342403628118 132.82086167800455 120.1859410430839
1440 1112 21 124.89981096408317 122.12476370510397 116.2476370510397
2145 1111 21 154.82608695652175 151.2381852551985 140.26654064272213
1376 1106 38 200.53841500302482 125.98064125831822 129.86872353297036
447 1106 13 157.36548223350252 154.36040609137055 142.23857868020303
1995 1098 21 155.7164461247637 152.75047258979205 140.4007561436673
1660 1097 48 98.13389121338912 98.23050589577787 95.9463674400913
1009 1098 28 99.91009988901222 100.99334073251943 97.79134295227526
1579 1093 25 100.07193229901269 99.73765867418899 97.3638928067701
2071 1091 48 154.782807151008 151.65195891974136 139.83872194750856
1271 1090 16 103.98107255520505 103.14826498422713 99.9968454258675
1850 1087 23 98.61011419249593 98.45024469820555 96.2773246329527
847 1087 33 97.96499602227526 99.13126491646779 96.20445505171043
1200 1086 13 128.1979695431472 125.497461928934 118.61421319796953
564 1083 12 155.4295302013423 153.83892617449663 141.11409395973155
692 1075 20 226.1746031746032 89.2358276643991 98.7233560090703
1311 1075 25 159.9971791255289 82.38645980253878 100.05077574047955
1768 1066 45 156.73962429008301 153.5460899956313 141.16164263870687
1501 1066 46 157.4639217284957 154.24256013045252 141.36485935589076
900 1063 18 104.10079575596816 103.70026525198938 100.77188328912466
1417 1062 18 159.72413793103448 82.87002652519894 100.28116710875331
400 1062 42 99.16522182559919 99.3488016318205 96.86384497705254
1999 1058 13 105.43147208121826 103.27918781725887 101.54314720812182
1930 1058 47 121.60008153281696 119.09906237260498 113.35955972278842
1030 1057 15 125.28458498023714 123.55731225296442 116.43873517786561
507 1054 50 156.1077632045374 153.95179014533852 140.71180432470754
303 1051 43 98.34464875058934 98.67468175388967 96.35124941065536
1071 1048 20 249.22675736961452 160.2925170068027 136.71428571428572
625 1048 50 96.98085785182559 98.58631690889756 95.70046082949308
1143 1045 40 230.00557724484105 90.52314556609036 99.42554378137201
2126 1044 17 102.20820189274447 102.01577287066246 99.50473186119874
954 1043 35 156.63874726875457 155.6897305171158 141.26365622723964
760 1035 50 249.01701524282169 159.41439205955334 135.9563984402694
1437 1025 18 199.23872679045093 126.34748010610079 129.9416445623342
1853 1022 30 99.49554013875124 99.34390485629336 97.0812685827552
1248 1020 50 124.46260191421482 122.95639844026941 115.31052818149593
1594 1019 37 156.9512195121951 153.9624258404746 141.2425840474621
1357 1014 46 222.00244598450877 147.90582959641256 140.47696697920912
561 1011 13 156.52791878172587 154.3959390862944 141.243654822335
691 1010 20 225.8843537414966 88.56009070294785 98.47165532879819
1689 1007 38 122.29219600725953 120.00846944948579 114.10465819721719
1090 1006 13 248.90862944162436 162.55329949238578 138.73096446700507
1795 1004 14 220.9441624365482 146.98477157360404 140.61421319796952
1184 998 11 106.59060402684564 105.16107382550335 102.08724832214764
2007 997 38 121.2831215970962 119.16273442226256 113.25650332728374
2086 993 32 156.00088573959258 153.1585473870682 140.65721877767936
866 992 44 123.44318717586044 122.41489863272041 115.002828854314
436 992 31 99.74490699734278 100.42072630646591 97.81222320637733
363 984 28 155.48723640399555 153.06326304106548 140.47613762486128
1759 981 29 197.8079911209767 124.22308546059934 128.4628190899001
1028 981 47 98.82388911536894 100.19200978393803 96.93110476966979
1532 981 35 100.76620538965769 100.87254187909687 98.09468317552805
306 979 18 159.17771883289123 156.20159151193633 143.16180371352783
1575 971 12 155.26845637583892 152.63087248322148 140.81208053691276
1630 969 18 158.9681697612732 155.21485411140583 143.09549071618036
1196 965 16 158.801261829653 157.73817034700315 143.0378548895899
576 965 34 120.99124900556882 119.90373906125697 113.25855210819412
1921 960 41 156.36308006119327 153.6562978072412 140.80061193268742
945 959 29 123.10321864594894 122.3607103218646 114.79245283018868
1713 958 14 162.23857868020303 86.31472081218273 103.15228426395939
791 957 26 227.82434127979923 89.77917189460476 99.06022584692596
650 957 30 120.56491575817641 119.81863230921705 113.10307234886025
504 956 37 98.3829927488464 99.67765326301911 97.01318391562293
1242 954 9 162.23456790123456 160.09876543209876 144.9012345679012
1441 950 46 160.89889930697106 83.94578067672238 101.59070525886669
724 951 40 226.07306190741775 131.9068600111545 119.49972113775796
1125 948 44 248.93729372937293 160.5087223008015 136.84064120697784
1826 944 40 160.97378694924708 83.68321249302845 101.37088678192973
1982 940 18 99.39522546419097 99.34748010610079 97.07957559681697
1367 940 18 200.07427055702917 127.11936339522546 130.70026525198938
1671 935 29 100.64594894561598 100.81021087680355 98.53496115427303
1300 933 38 157.140350877193 156.29885057471265 141.5964912280702
842 929 15 157.6482213438735 156.01976284584978 141.9486166007905
619 928 8 158.96296296296296 156.7530864197531 143.58024691358023
553 927 8 159.19753086419752 156.39506172839506 144.3827160493827
1511 926 15 126.0395256916996 123.16600790513833 117.30434782608695
333 922 28 121.41398446170922 120.10099889012209 113.6803551609323
2049 919 44 97.15558698727015 97.6991984912777 94.93965110796793
1068 920 19 124.20954907161803 122.89389920424402 115.12201591511936
592 909 17 99.47003154574132 100.37854889589904 97.71293375394322
1219 908 38 97.60375075620085 100.45795523290987 96.30913490623111
1743 906 36 221.88332234673697 146.21423862887275 140.27752142386288
1881 900 21 196.59924385633272 124.52173913043478 128.72400756143668
423 899 53 120.59551262075412 119.18136491118729 112.67466500467435
1585 897 56 122.63255172413794 120.53903448275862 114.25462068965518
902 897 42 98.59867414584396 100.53085160632331 96.80673125956146
1384 889 24 162.40293637846656 85.78955954323003 102.93964110929853
728 882 20 249.3310657596372 159.78231292517006 136.85714285714286
999 881 48 156.87257512362115 156.34728033472803 141.19627234689997
1428 880 13 158.34010152284262 155.7005076142132 142.64467005076142
1334 879 18 156.80106100795754 156.04774535809017 141.6366047745358
801 879 41 229.02192758796534 90.47322794492607 99.25650178480367
1155 879 20 227.02721088435374 133.98639455782313 121.00907029478458
1486 875 32 202.11957484499558 127.54118689105404 130.98582816651904
344 872 15 156.60474308300394 154.75098814229247 141.41501976284584
657 867 48 156.3769494104222 155.11220996576645 141.03195131228605
1677 865 29 156.84128745837958 154.2297447280799 141.34073251942286
1092 863 37 229.32498352010546 91.4686882003955 99.33157547791693
1953 862 51 119.51149616794402 117.93302232589137 111.77307564145285
535 858 51 97.99766744418527 99.44285238253916 96.32922359213596
1284 853 33 98.25457438345266 100.9236276849642 97.03182179793158
1410 851 14 223.38071065989845 150.77664974619287 143.2944162436548
1824 849 46 221.21116999592337 147.08887077048513 140.55156950672645
933 841 13 159.10152284263958 157.7005076142132 142.91878172588832
1142 840 10 246.04424778761063 161.32743362831857 138.42477876106196
362 839 16 157.2460567823344 155.30599369085172 141.74447949526814
1640 837 16 103.56466876971608 109.16719242902208 109.47634069400631
746 835 25 100.73906911142454 101.26093088857546 98.10437235543019
1891 830 10 159.16814159292036 156.0 143.5132743362832
1736 830 35 162.7006554989075 85.2585579024035 102.69337217771304
464 829 14 157.7918781725888 156.85786802030455 142.3451776649746
2040 825 36 97.74225444957152 98.295978905735 95.69874752801582
1601 821 18 223.289124668435 148.9389920424403 141.76657824933687
1455 818 28 161.36182019977804 84.71587125416204 101.86903440621532
963 815 20 228.88888888888889 92.33560090702949 100.06349206349206
1673 809 20 201.91383219954648 128.02947845804988 131.33786848072563
598 809 22 120.8015122873346 120.47069943289225 113.68241965973536
1361 807 46 156.9514879739095 156.26742763962494 141.55809213208317
1203 808 46 120.180187525479 120.24745209947004 112.6033428454953
789 806 25 227.21438645980254 132.8984485190409 120.22566995768688
1533 801 46 223.0905014268243 148.51161842641665 141.54015491235222
1531 800 46 223.0 149.0 142.0
867 801 45 248.56880733944953 160.20532983835736 136.3818261249454
1119 798 22 248.62759924385634 161.0945179584121 136.882797731569
479 796 10 159.3716814159292 157.71681415929203 143.89380530973452
412 790 42 98.39571647118818 100.02906680265171 96.71188169301378
1955 789 13 156.7918781725888 154.07614213197968 141.57868020304568
633 790 12 101.75838926174497 101.66442953020135 99.1744966442953
559 786 9 159.33333333333331 157.41975308641975 144.14814814814815
1893 782 32 119.09654561558902 117.56775907883083 111.61824623560673
1042 782 49 227.43552681627997 133.34005325218715 119.74020540129327
1784 772 30 166.16551040634292 88.42517343904856 105.53518334985134
1279 772 27 119.98117942283562 120.5633626097867 112.9134253450439
518 770 25 157.10719322990127 155.92947813822283 141.66995768688292
1838 766 16 158.41640378548897 155.53312302839117 142.76971608832807
703 765 47 120.01508357113738 119.34610680799021 112.30819404810437
2001 760 30 99.47076313181367 99.94846382556987 97.005946481665
765 758 13 101.0761421319797 101.61421319796953 98.33502538071065
1711 757 33 200.98886237072395 126.98647573587908 130.64518695306285
803 754 18 122.6366047745358 121.62068965517241 114.45623342175065
1942 753 18 122.09549071618036 120.38992042440317 113.77453580901856
1626 753 42 163.72412034676188 85.86282508924019 103.04436511983683
466 753 17 158.01577287066246 156.54574132492112 142.30599369085172
946 752 40 228.1360847741216 91.31678750697156 99.5270496374791
1391 744 15 102.47035573122528 103.19762845849802 99.50988142292489
1455 741 41 100.70219275879654 101.87506374298827 98.22029576746559
1339 741 20 100.59863945578232 102.43310657596372 98.6281179138322
1220 733 22 99.22117202268431 101.76748582230624 97.3062381852552
599 731 41 98.29321774604794 100.35186129525752 96.66700662927079
1139 723 47 157.97064818589482 158.40521810028537 142.43375458622094
880 721 23 157.60032626427406 157.22022838499186 142.3246329526917
834 721 13 158.28934010152284 157.20812182741116 142.50253807106597
1004 720 14 159.83248730964465 158.74111675126903 143.3197969543147
429 717 19 157.83023872679044 157.06366047745357 142.87002652519894
656 717 11 157.7986577181208 156.65771812080536 142.63087248322148
1543 715 28 120.90677025527192 119.59156492785793 113.2630410654828
1506 708 11 156.37583892617448 154.73154362416108 141.71140939597316
1868 700 48 98.7873716241917 99.64321034613921 96.81818181818183
1063 698 25 101.1410437235543 103.71932299012694 99.48377997179125
1683 696 24 120.66721044045677 119.26916802610114 113.29037520391518
768 695 38 120.39685420447672 120.34361766485179 112.95704779189353
1957 693 30 156.39345887016847 154.5213082259663 141.26858275520317
824 693 12 108.10738255033557 113.95302013422818 112.87919463087248
1210 690 11 159.40268456375838 159.09395973154363 143.16107382550337
923 690 13 158.36548223350252 157.08121827411165 142.57360406091368
1765 686 46 157.37953526294334 155.68528332653892 141.86465552384834
1378 686 36 119.89848384970335 119.81806196440341 112.73698088332233
1285 685 46 98.87892376681614 101.80065226253566 97.78516102731349
502 685 50 157.12867777383906 156.53101736972704 141.6915987238568
1434 680 15 121.06324110671936 120.19762845849802 113.32806324110672
588 666 19 98.9628647214854 100.6339522546419 97.28381962864721
989 656 47 119.28903383611903 119.86017121891561 112.21891561353445
1144 653 12 104.79194630872483 105.02684563758389 101.11409395973155
1492 651 40 157.9637479085332 156.71500278862243 142.345789180145
1926 648 27 99.05269761606021 100.19698870765369 97.24968632371392
1607 649 55 99.98415957758874 101.14960398943973 97.95453212085656
675 647 54 157.85976939856653 157.2309130570271 142.30196322842008
1693 643 19 158.56233421750662 156.9681697612732 142.920424403183
1332 641 9 160.46913580246914 159.17283950617283 144.9012345679012
1429 636 17 103.58990536277602 110.55520504731861 110.5615141955836
1198 636 36 119.36519446275543 120.00922874093605 112.3579433091628
875 632 55 99.96919917864477 102.07920211205632 98.08976239366383
1090 627 44 99.54408297972654 102.61810466760961 97.997171145686
1311 623 11 159.13422818791946 158.78523489932886 143.76510067114094
782 623 27 98.534504391468 100.89836888331241 97.32371392722709
737 614 7 162.16326530612244 160.81632653061223 147.0408163265306
510 608 15 157.13438735177866 156.22529644268775 141.52173913043478
1275 604 28 99.10099889012209 101.67036625971143 97.58046614872364
578 601 36 96.90837178642056 99.53394858272907 95.7686222808174
1845 592 50 118.80503367600141 118.0198511166253 111.52144629563985
1740 592 41 118.57113717491076 117.80367159612443 111.61295257521674
1371 590 49 159.02092050209205 158.71776340813997 142.83415747432485
1540 587 24 100.17618270799348 102.04404567699838 98.55464926590538
1148 584 20 159.12698412698413 159.20181405895693 143.29931972789117
1667 584 19 157.76127320954907 156.54376657824932 142.59946949602121
952 582 25 158.56276445698165 158.8787023977433 143.1283497884344
1200 573 19 98.76392572944296 102.19363395225464 97.946949602122
1018 569 33 157.8798727128083 157.87748607796343 142.13206046141607
804 568 22 159.57088846880907 159.12854442344045 143.468809073724
900 564 9 159.5432098765432 158.93827160493825 144.02469135802468
1305 564 13 160.40609137055836 160.18781725888323 144.37055837563452
735 564 35 119.9198834668609 119.70721048798252 112.55863073561545
1091 559 19 118.75862068965516 119.57029177718832 112.33421750663129
1465 557 43 119.17963224893919 119.16973125884017 112.18434700612919
858 549 19 119.34748010610079 119.84615384615384 112.42970822281167
1688 543 13 160.02538071065987 158.30964467005074 144.20304568527916
563 541 16 159.24290220820188 158.4006309148265 143.84227129337538
1731 532 12 121.40268456375838 119.77852348993288 114.13422818791946
1606 530 46 118.66571545046881 118.4720750101916 111.79127598858541
644 525 54 96.49766282330944 98.98504206918042 95.617326269866
1252 524 47 118.93640440277211 119.44924582144313 111.8683245006115
1785 514 33 157.82259347653144 157.2601431980907 142.5035799522673
1530 513 25 100.53032440056417 102.29478138222849 98.96755994358251
996 512 19 119.9681697612732 120.55172413793103 113.45623342175065
1341 507 30 99.201189296333 102.34786917740337 98.24578790882062
1060 506 32 100.74224977856511 103.87511071744908 99.53498671390612
917 504 47 118.85935589074603 119.5699143905422 111.88707704851203
722 504 14 120.97969543147207 120.50253807106598 113.24365482233502
1145 503 49 161.0646633701027 161.35945226321795 144.64359071890453
1409 496 29 158.64816870144284 158.57713651498335 142.97225305216426
1478 489 23 118.92985318107668 118.93148450244699 111.99510603588908
798 488 48 159.29174591099277 158.7371624191708 143.2426778242678
1698 473 50 96.61999291031549 98.47252747252747 95.50017724211273
1359 467 7 162.24489795918367 160.734693877551 147.34693877551018
1620 464 12 159.74496644295303 158.76510067114094 143.83221476510067
708 452 33 158.77565632458234 157.95385839299922 143.0922832140016
874 449 18 100.12201591511936 102.41379310344827 98.33421750663129
1012 446 38 99.145795523291 101.8572292800968 98.09497882637629
1310 437 37 159.70797626895185 159.70533948582727 143.53394858272907
1089 431 33 158.88782816229119 159.0620525059666 142.98806682577566
1464 430 31 100.09743135518158 102.25863596102747 98.68201948627105
1148 430 15 159.79446640316203 159.07509881422925 143.54150197628456
1226 428 42 98.11779704232535 100.98317185109639 96.9847016828149
1558 426 50 159.31265508684862 158.47252747252747 143.2715349166962
1387 424 37 118.96901779828607 119.57218193803558 111.89716545814106
935 412 37 159.8068556361239 159.72181938035595 143.9004614370468
1642 409 25 119.91114245416078 119.48095909732017 113.13681241184767
764 407 29 119.27302996670366 119.33740288568258 112.26970033296338
1278 401 8 162.18518518518516 161.29629629629628 146.39506172839506
1495 387 14 158.49238578680203 157.4467005076142 142.62944162436548
1088 381 7 164.734693877551 163.1020408163265 148.14285714285714
847 380 47 96.8467183041174 99.50061149612719 95.80309824704443
1261 369 19 159.24403183023873 158.59681697612731 143.3740053050398
1222 365 14 114.08629441624365 116.86294416243653 110.27411167512689
1152 353 49 97.7561810574363 100.50703689615824 96.62989729935337
1525 350 23 99.92332789559543 101.69168026101143 98.442088091354
1447 343 46 96.25071341214839 98.94578067672238 95.44761516510395
1027 339 56 118.25544827586208 118.7848275862069 111.37958620689656
1336 337 52 159.45684771742754 158.9673442185938 143.4211929356881
927 338 35 118.24180626365623 118.76984705025492 111.55644573925711
1241 308 37 117.71127224785761 118.02109426499669 111.13183915622939
1098 290 19 160.05305039787797 159.6286472148541 143.88859416445624
1180 288 15 160.6403162055336 159.47826086956522 144.14624505928853
1166 89 3 161.6153846153846 162.6923076923077 160.92307692307693
1171 83 2 165.60000000000002 168.0 166.0
1166 83 2 170.4 175.60000000000002 175.20000000000002
