1242 2121 12 169.4228187919463 164.30872483221475 149.64429530201343
1337 2114 9 171.88888888888889 166.2222222222222 152.64197530864197
1111 2105 29 131.22086570477248 127.8046614872364 120.59711431742508
1405 2098 12 169.46308724832215 164.2214765100671 150.60402684563758
1039 2094 27 107.32371392722709 106.22710163111668 102.70514429109159
1289 2090 39 108.29038112522687 106.67816091954023 103.74652147610406
1365 2084 27 107.56712672521957 106.09912170639899 103.33626097867001
1192 2079 46 168.99388503872808 164.03954341622503 149.03302079086833
1499 2074 12 170.69127516778522 165.2214765100671 151.3288590604027
968 2056 41 168.5741968383478 163.9433962264151 148.1769505354411
1030 2045 11 169.40268456375838 164.26845637583892 149.83221476510067
1440 2043 46 170.84549531186303 165.43986954749286 150.71993477374644
874 2039 35 105.93517844136927 104.74071376547707 101.42534595775675
1245 2036 13 172.08629441624365 166.7918781725888 152.18781725888323
1090 2036 39 129.3986690865094 125.5989110707804 118.12401693889898
811 2031 13 169.35025380710658 164.0710659898477 149.4263959390863
1146 2030 12 169.08724832214764 163.75838926174495 149.59060402684563
1534 2027 40 170.260457334077 164.83212493028444 150.21249302844396
1338 2017 34 107.40095465393796 105.84168655529038 103.14399363564041
1276 2017 18 169.16180371352783 163.88594164456234 149.43501326259945
928 2013 13 130.03553299492384 125.86802030456852 118.8223350253807
1611 2012 30 108.47571853320119 106.35084241823587 103.83052527254708
1025 2010 21 107.82230623818526 106.15689981096409 103.117202268431
780 2009 13 169.1472081218274 163.83756345177665 148.8172588832487
1392 1999 11 133.59060402684563 129.01342281879195 122.496644295302
1218 1991 40 107.69882877858339 105.94422755158952 103.32905744562187
1176 1990 10 101.15929203539822 99.28318584070796 96.53097345132743
1148 1990 27 108.62860727728983 106.68005018820577 103.95106649937264
984 1990 17 130.36593059936908 126.52681388012618 119.23659305993691
826 1988 26 129.68255959849435 126.07528230865745 118.85319949811793
1294 1980 10 169.65486725663717 163.6283185840708 150.00884955752213
1062 1978 11 170.40268456375838 164.91275167785236 150.69127516778522
870 1978 12 169.46979865771812 163.7785234899329 149.63087248322148
1492 1970 26 109.85445420326222 107.5633626097867 104.97239648682559
742 1962 40 168.1935303959844 163.20245398773008 147.9419966536531
1095 1957 22 168.8960302457467 163.79395085066162 148.73156899810965
1663 1955 39 170.2734422262553 164.67755595886268 150.40592861464006
1421 1950 39 129.67211131276468 125.57592256503328 118.832425892317
1357 1950 17 133.38801261829653 129.2681388012618 122.61514195583595
1568 1942 47 130.19649408887076 126.12189156135345 119.33713819812475
929 1941 46 106.90868324500612 104.9788014675907 102.01426824296779
678 1941 26 106.9146800501882 105.18695106649936 102.38143036386448
1022 1937 41 170.35033146353902 165.05660377358492 150.00407955124936
1289 1927 38 170.0127041742287 164.6938898971567 150.05868118572295
1233 1927 11 171.50335570469798 165.993288590604 151.55704697986576
837 1920 38 108.64851784634 106.68239564428313 103.77979431336964
1744 1913 44 109.1060820367751 107.22960867515323 104.5007072135785
1489 1910 27 109.76411543287327 107.90589711417816 105.26348808030112
1167 1907 48 129.14986686953213 125.21034613921644 118.22099657664512
1088 1904 24 108.64763458401306 106.75203915171289 103.74877650897227
1630 1903 19 130.9416445623342 126.74801061007958 119.84084880636604
1361 1901 19 169.3527851458886 163.74005305039788 149.83819628647214
715 1901 22 129.16446124763706 125.10396975425331 117.70888468809073
770 1899 27 108.1944792973651 106.47553324968632 103.22208281053952
1677 1892 20 108.41950113378685 106.48299319727892 103.74149659863946
1241 1892 19 108.18302387267904 106.07957559681697 103.19893899204243
1531 1880 9 171.87654320987653 165.8395061728395 152.23456790123456
1808 1878 22 168.4858223062382 163.0037807183365 148.83553875236296
640 1873 49 106.28451882845188 104.42335488779004 101.61886648915937
1418 1870 35 130.27676620538966 126.16387472687546 119.34304442825929
1048 1867 20 129.8843537414966 126.05668934240363 119.4013605442177
1569 1862 24 108.49918433931485 106.5905383360522 104.02283849918435
981 1857 40 129.81873954266592 125.70942554378138 118.85108756274401
1221 1857 10 174.21238938053096 168.38053097345133 154.858407079646
810 1852 27 129.70388958594728 125.33751568381429 118.44542032622333
1327 1851 40 107.59007250418294 105.66703848298941 103.15616285554937
882 1846 41 169.42019377868436 163.88577256501785 149.60275369709333
1850 1843 31 105.31709477413641 103.45704162976085 101.07351638618246
1709 1843 24 129.82544861337684 125.66231647634585 118.87765089722676
1499 1836 44 106.58651579443658 104.68552569542669 102.4021687883074
564 1834 27 106.68632371392722 104.73274780426598 102.07151819322459
1634 1832 39 167.86267392619482 162.76346037507562 148.95039322444043
1257 1831 23 170.26427406199022 164.3409461663948 150.23327895595432
1773 1830 35 127.46904588492353 123.26875455207575 116.3932993445011
1104 1830 39 225.09316394434364 150.58923169993952 142.85783424077437
731 1823 40 168.00278862242052 162.72783045175683 148.17512548800894
1573 1809 18 129.03713527851457 125.03448275862068 118.50663129973474
1194 1800 42 201.14227434982152 124.90362060173382 128.9780724120347
1032 1800 27 166.31744040150562 86.03638644918443 104.02885821831869
962 1799 15 130.35177865612647 125.80237154150197 119.12648221343872
613 1788 27 167.40150564617315 161.6311166875784 147.86449184441656
1818 1784 23 109.0815660685155 107.30668841761828 104.68026101141925
731 1780 10 138.31858407079645 134.84070796460176 126.65486725663716
1393 1780 46 169.78883000407663 164.1948634325316 150.3183856502242
676 1777 22 128.937618147448 124.86578449905483 118.06994328922495
1542 1775 16 169.08201892744478 163.86119873817034 149.89274447949526
910 1774 31 108.07085916740479 105.72010628875111 103.15943312666076
1890 1769 46 106.24785976355483 104.77945373012638 102.3607827150428
1775 1769 12 166.63758389261744 161.43624161073825 148.34228187919462
823 1768 49 128.43552681627995 124.353366298973 117.505515405097
1137 1765 19 205.09283819628646 128.20424403183023 131.9893899204244
1710 1759 44 167.73785950023574 162.51673738802452 148.42809995285242
528 1758 43 167.03913248467703 161.33851956624233 147.85619990570487
1289 1756 48 165.8364397109167 85.49904906808673 103.62989729935337
1076 1753 32 164.79450841452612 84.57573073516386 102.70593445527015
1168 1746 10 169.1150442477876 162.5575221238938 149.6637168141593
732 1747 32 107.79627989371126 106.00354295837025 103.36315323294951
1607 1744 50 105.9010989010989 104.80113434952145 102.1985111662531
469 1740 13 108.15736040609136 105.67512690355329 103.47715736040608
1955 1737 20 129.4875283446712 125.67120181405896 119.43310657596372
598 1736 24 106.5073409461664 104.5089722675367 102.07504078303427
1489 1736 44 129.1975483262612 125.32107496463932 118.56482791136257
1208 1730 23 169.5399673735726 164.5073409461664 149.83849918433933
992 1728 45 200.8859764089122 124.31105286151158 128.68501529051989
1795 1720 31 168.00974313551816 163.20194862710363 149.4756421612046
1143 1709 28 168.7214206437292 163.62597114317424 148.6803551609323
1416 1708 21 130.08695652173913 126.19848771266541 119.54631379962193
1354 1705 26 224.9021329987453 150.10539523212043 143.41907151819322
1678 1704 11 167.7718120805369 162.8523489932886 149.08724832214764
772 1703 19 107.77984084880636 105.51989389920423 102.6366047745358
663 1704 43 105.97359735973598 104.11834040546911 101.57237152286658
900 1701 34 225.3969769291965 150.07398568019093 143.10978520286397
1189 1694 10 168.28318584070797 162.858407079646 148.8495575221239
1247 1694 23 109.40130505709625 107.53507340946167 104.99510603588908
481 1689 35 105.3415877640204 103.50546249089585 100.9075018208303
1867 1686 32 107.17094774136405 105.9185119574845 103.28343666961914
1067 1674 43 107.25884016973126 105.77369165487977 102.84629891560584
1953 1668 39 166.51421657592257 162.0235934664247 148.3230490018149
1653 1668 28 106.27968923418425 104.5860155382908 102.32963374028857
1546 1669 37 128.70533948582727 124.9314436387607 118.15952537903756
1735 1668 40 128.37423312883436 124.43725599553821 117.5515895147797
950 1667 18 224.24933687002653 149.54641909814322 142.48541114058355
568 1667 47 127.93966571545047 124.10069302894415 117.31512433754587
1603 1664 12 166.59731543624162 161.4496644295302 148.13422818791946
1807 1663 25 108.94217207334273 107.33991537376586 104.48660084626233
415 1662 25 127.73342736248237 123.86036671368124 117.63892806770099
826 1660 41 162.88730239673637 83.78276389597144 101.58643549209587
1483 1659 18 107.37931034482759 106.03183023872678 103.10079575596816
1363 1658 10 168.1150442477876 162.36283185840708 149.2920353982301
1133 1657 21 108.1398865784499 106.75236294896031 103.93194706994329
1300 1643 38 199.32244404113735 124.52026618269814 128.35390199637024
2015 1643 17 108.21451104100946 106.40694006309148 104.1577287066246
998 1642 26 129.40276035131743 125.52697616060225 118.59473023839396
1424 1641 40 107.6424986056888 106.1946458449526 103.46402677077525
448 1637 10 164.69026548672565 158.9203539823009 147.12389380530973
1206 1632 47 129.22339991846718 125.71871178149205 118.39094985731757
731 1632 43 224.34512022630835 149.28618576143327 142.56765676567656
899 1631 24 162.64763458401305 83.84665579119087 101.92332789559543
1680 1626 13 131.32487309644668 126.8477157360406 120.5989847715736
659 1625 21 164.01890359168243 85.70888468809073 103.31379962192817
488 1622 25 106.37658674188998 104.29619181946403 101.98166431593793
948 1620 21 107.23818525519849 105.06049149338375 102.36862003780719
1355 1619 22 164.67296786389414 85.90359168241966 103.36105860113422
1105 1619 17 129.65930599369085 126.44794952681387 119.04416403785488
619 1611 16 130.1198738170347 125.26498422712933 118.84227129337539
1889 1600 48 128.01939901103083 124.43476607074933 117.74781285659947
2041 1594 16 107.1167192429022 105.30914826498423 102.97791798107255
1608 1592 47 169.3469221361598 164.21728495719526 150.23440684875663
1503 1591 38 168.0127041742287 163.39443436176649 149.01028433151848
848 1591 25 128.03808180535967 124.26798307475318 117.64033850493652
1794 1589 38 168.0290381125227 163.6612220205687 149.30066545674532
1719 1588 33 107.36435958631664 106.12330946698489 103.6412092283214
793 1587 23 108.09135399673737 106.29037520391518 103.64274061990213
979 1587 17 169.9148264984227 164.9116719242902 150.61829652996846
1446 1584 12 169.04026845637583 163.7718120805369 150.31543624161074
1042 1583 38 166.98306110102845 162.21960072595283 147.64912280701756
1982 1583 34 166.66666666666669 162.31980906921243 148.12808273667463
416 1577 46 164.93640440277213 159.5483081940481 146.55360782715042
481 1572 11 166.86577181208054 161.0201342281879 148.21476510067114
673 1567 29 199.14428412874585 123.81021087680355 128.00443951165371
541 1567 40 166.3212493028444 161.10708310094813 147.26547685443393
612 1566 16 222.21766561514195 148.84858044164037 142.29337539432177
1286 1563 40 225.4037925264919 151.82041271611826 144.2414947016174
1128 1554 43 106.55917020273456 105.18764733616219 102.4002828854314
1842 1551 15 107.93280632411066 105.52569169960474 103.399209486166
1459 1549 17 109.00630914826498 107.05678233438485 104.52365930599369
1941 1548 12 168.45637583892616 164.45637583892616 149.91275167785236
1386 1548 49 128.52301255230125 125.1517687333587 118.24762267021681
914 1549 44 168.16973125884016 163.31966053748232 148.54549740688356
740 1545 36 105.8905735003296 104.0520764667106 101.71786420566907
1667 1542 21 225.62381852551985 153.08695652173913 145.91493383742912
1212 1543 33 163.07080350039777 83.36435958631662 101.30708035003978
993 1542 21 129.73724007561438 126.12476370510397 119.3062381852552
1767 1540 8 168.320987654321 162.93827160493825 151.17283950617283
2052 1537 31 127.62090345438442 123.60053144375554 117.25509300265722
1550 1535 29 107.27192008879024 105.73251942286349 103.18867924528303
485 1534 21 129.54820415879018 125.47637051039698 118.96030245746692
357 1531 19 105.88328912466842 103.6604774535809 101.14323607427055
1802 1525 20 161.70068027210885 84.04308390022676 101.86167800453515
1909 1521 26 106.19196988707652 104.90589711417816 102.26223337515682
824 1522 42 128.13156552779196 124.17287098419175 117.50280469148395
687 1521 11 198.26174496644296 125.1744966442953 129.5503355704698
990 1518 9 120.60493827160494 117.17283950617283 110.98765432098764
1055 1515 25 106.19322990126939 104.97743300423132 102.04795486600847
390 1513 12 164.00671140939596 158.63087248322148 146.33557046979865
552 1509 12 164.751677852349 158.91275167785236 147.19463087248323
1851 1506 24 222.3784665579119 149.4763458401305 142.63621533442088
1984 1504 39 105.83182093163946 104.59588626739263 102.05142165759227
1491 1499 36 108.1193144363876 106.53394858272907 103.78246539222148
1317 1499 23 128.86623164763458 125.24796084828712 118.30342577487765
614 1496 45 163.42114460463085 83.88597640891219 101.80384447356924
1250 1495 24 163.1288743882545 84.5905383360522 102.23164763458402
1732 1491 45 199.08955875928353 124.05679335954565 128.41022280471822
1615 1490 42 163.84650688424276 85.07343192248854 102.89393166751658
754 1488 10 166.3716814159292 161.09734513274336 148.26548672566372
437 1488 33 127.24264120922832 122.94033412887829 116.66825775656325
937 1484 12 108.79194630872483 106.57718120805369 103.68456375838926
1809 1482 11 199.70469798657717 127.11409395973153 130.60402684563758
987 1481 35 127.47851420247633 124.24253459577568 117.30954115076476
699 1475 34 127.9777247414479 123.97295147175817 117.47096260938744
1549 1474 18 225.42175066312996 151.9867374005305 144.82493368700264
1924 1472 18 221.01326259946947 149.20424403183023 142.59416445623341
513 1472 35 107.94391842680263 106.1769847050255 103.81209031318282
1435 1471 19 107.77984084880636 106.03713527851458 103.13262599469496
885 1469 29 164.75693673695895 160.26748057713652 146.13429522752497
1097 1468 32 128.40035429583702 125.20194862710363 118.1080602302923
1041 1465 13 167.4263959390863 162.37055837563452 149.01015228426394
352 1465 41 106.15553289138195 104.44212136664967 101.80622131565528
1673 1456 18 224.43766578249335 151.21485411140583 144.11405835543766
1180 1455 44 224.95143800094294 150.3828382838284 143.2055634134842
2063 1453 48 126.2244199315329 122.49980981361735 116.26169646253328
844 1450 10 166.07079646017698 160.93805309734512 148.06194690265485
1798 1446 26 224.10539523212043 152.91593475533247 145.68255959849435
1369 1445 40 168.2069157836029 163.90016731734525 149.05075292805356
1521 1441 10 166.97345132743362 160.83185840707964 148.01769911504425
573 1438 19 161.24403183023873 83.03448275862068 101.05835543766578
1872 1435 37 161.65985497692813 83.04614370468029 101.23928806855635
1279 1436 41 107.6068332483427 106.22590515043346 103.35339112697604
410 1432 14 162.37055837563452 157.43654822335023 144.55837563451774
782 1431 48 106.24267782426779 104.64777481932293 101.99125142639787
1642 1421 19 198.58355437665782 123.74801061007958 127.9893899204244
1050 1421 28 108.20976692563818 106.47835738068812 103.8945615982242
1695 1418 16 109.60252365930599 107.34384858044163 104.74447949526814
1002 1418 14 129.77664974619287 126.06598984771573 119.1979695431472
1744 1415 29 106.91231964483907 105.36403995560488 102.81132075471699
631 1416 35 224.1077931536781 150.37363437727603 143.38164603058996
1475 1411 38 128.40713853599516 124.86509376890503 118.11675741076832
865 1412 21 128.29111531190927 124.48960302457468 117.9281663516068
1966 1411 47 222.57195271096617 150.2837342030167 143.67590705258866
938 1407 42 107.50127485976543 106.12187659357471 103.09535951045386
462 1408 34 163.81861575179 159.11853619729516 145.87589498806682
1228 1406 12 131.64429530201343 127.56375838926174 120.57046979865771
315 1400 20 128.11791383219955 124.34240362811792 118.04761904761905
700 1397 30 165.68979187314173 161.2081268582755 147.57779980178395
1573 1397 45 223.90607252075142 149.7728265618174 143.22105723023154
2112 1393 16 127.62776025236593 123.38485804416403 117.78233438485805
1340 1393 16 110.56466876971608 109.03154574132492 106.36593059936908
1181 1384 18 224.81697612732094 150.76657824933687 143.56498673740052
1407 1381 30 106.82656095143706 105.82457879088206 103.13478691774033
1116 1380 41 165.23763386027537 85.28046914839368 103.43090260071392
383 1371 45 127.65661861074705 123.79248580166012 117.43774574049803
1898 1369 25 105.71650211565586 104.05641748942172 101.8984485190409
1299 1368 18 168.6100795755968 164.72413793103448 149.09018567639257
2056 1367 29 160.2819089900111 82.30521642619313 100.61709211986681
818 1364 18 106.9628647214854 105.15384615384615 102.57029177718833
553 1364 48 198.52263217953595 123.3419551160137 127.94218333967288
1814 1363 46 127.73461068079902 124.24541377904606 117.55034651447207
1518 1363 14 130.26395939086294 126.0203045685279 119.69543147208121
659 1362 17 129.993690851735 126.21451104100946 119.46687697160883
1665 1360 38 129.24682395644285 125.4301270417423 118.64609800362977
1239 1353 38 127.94615849969753 125.01875378100425 117.68118572292802
618 1353 13 164.1218274111675 159.5177664974619 145.57360406091368
762 1350 28 247.50166481687015 159.25749167591565 136.58490566037736
2115 1348 18 162.43501326259945 156.83554376657824 144.9602122015915
873 1347 31 165.01505757307353 160.8662533215235 145.97874224977858
1733 1347 26 167.65370138017565 163.22710163111668 149.28481806775406
701 1339 22 224.14933837429112 88.1890359168242 97.59357277882798
299 1339 27 162.9824341279799 158.435382685069 145.41907151819322
1020 1337 46 165.86384019567876 162.13045250713412 146.7969832857725
941 1336 26 127.57716436637389 124.43287327478042 117.6461731493099
1998 1335 24 161.69820554649266 83.25611745513866 101.26590538336053
1169 1329 21 164.49149338374292 86.33270321361059 103.51039697542534
1938 1328 23 164.98368678629691 160.46166394779772 146.7520391517129
1347 1328 37 167.2821357943309 162.95319709953856 148.18193803559657
465 1327 34 161.32378679395387 82.84407319013525 100.8862370723946
1608 1325 23 164.05709624796086 84.98042414355629 102.7047308319739
1408 1322 15 167.53359683794466 162.5810276679842 148.61264822134387
1292 1320 17 127.70347003154573 124.15457413249212 117.05678233438485
1473 1318 42 107.89597144314126 106.58031616522183 103.68179500254972
1551 1313 26 164.6185696361355 86.29736511919698 103.76662484316185
2120 1309 21 221.22684310018903 148.73156899810965 142.51606805293005
348 1305 18 160.58090185676392 83.33156498673739 100.92572944297082
573 1301 16 245.90220820189273 159.52681388012618 137.08832807570977
892 1298 21 228.49338374291116 90.3062381852552 99.19659735349717
1879 1296 37 165.27356624917599 160.92221489782463 147.04878048780486
520 1297 18 222.631299734748 149.6472148541114 142.14854111405836
1725 1296 21 108.76181474480151 107.27410207939509 104.33648393194707
1117 1294 33 198.6881463802705 124.49801113762928 128.37788385043754
817 1294 41 226.38347781744008 130.98368179500255 118.92605813360531
640 1291 46 246.48593558907461 160.1104769669792 137.00407664084793
966 1288 20 108.94331065759637 107.50566893424036 104.37414965986395
2054 1284 39 195.87416817906836 121.43436176648518 126.69993950393226
1666 1285 27 165.03387703889584 160.51066499372646 147.00376411543286
734 1282 38 226.44283121597098 88.64186327888687 98.36721113127648
1312 1280 16 108.17034700315457 106.73501577287065 104.32492113564669
1177 1280 19 198.70822281167108 125.36604774535809 128.81962864721484
1788 1278 35 107.58485069191552 106.35178441369266 103.9402767662054
1401 1274 31 127.38618246235608 124.36315323294951 117.4844995571302
1061 1271 14 168.02538071065987 164.73096446700507 149.26395939086294
402 1269 37 222.7323665128543 149.60118655240606 142.9887936717205
924 1267 15 246.86561264822132 159.62450592885375 137.57707509881422
469 1266 22 162.1701323251418 83.45557655954632 101.61436672967864
1965 1261 46 106.51651039543417 105.0411740725642 102.6669384427232
1244 1261 48 106.00076074553063 105.56181057436288 102.13008748573603
1014 1259 28 126.99445061043285 124.51609322974473 117.40177580466148
307 1257 40 196.82877858337983 122.63803680981596 127.41160066926939
1526 1256 24 162.4257748776509 84.75693311582383 102.66068515497554
1599 1253 40 197.69492470719464 123.02788622420525 127.85833798103738
1844 1249 18 126.52254641909813 123.06631299734747 117.14058355437665
2120 1247 26 160.00250941028858 83.38770388958594 101.5897114178168
553 1246 40 224.5950920245399 130.31734523145568 118.4472950362521
2055 1244 14 195.5685279187817 118.50253807106598 115.55329949238578
1098 1245 12 163.61073825503357 87.51677852348993 103.59060402684564
877 1242 27 247.3237139272271 160.15809284818067 137.34127979924716
1461 1236 33 127.70883054892602 124.42482100238664 117.82736674622117
690 1236 17 106.97160883280756 105.37223974763407 102.72870662460568
182 1233 5 100.89655172413794 95.3103448275862 94.86206896551724
748 1228 12 129.33557046979865 125.97315436241611 119.42953020134227
490 1229 16 225.53627760252365 91.11356466876971 100.29968454258675
1891 1227 28 127.36625971143175 123.53829078801333 117.48057713651498
1655 1228 17 129.61198738170347 125.83280757097792 119.37539432176656
176 1227 3 115.0 110.46153846153847 111.53846153846155
372 1222 10 165.38053097345133 159.72566371681415 148.00884955752213
1149 1221 39 223.77192982456143 150.9491833030853 143.45553539019966
1341 1220 40 165.64417177914112 162.0669269380926 147.09704406023425
1721 1217 44 165.21169259783122 160.62611975483262 147.1999057048562
1789 1211 14 163.68020304568526 158.7005076142132 146.22842639593907
1408 1208 18 108.15119363395225 106.89124668435012 104.21220159151193
1060 1205 36 107.55767963085036 106.66512854317732 103.36585365853658
1286 1204 11 165.41610738255034 162.04026845637583 147.1006711409396
1836 1202 24 107.75203915171289 105.63621533442088 103.09135399673737
157 1202 2 123.80000000000001 120.0 121.80000000000001
798 1199 40 164.65086447295036 161.38092582264363 146.29336307863917
87 1199 5 151.44827586206895 151.55172413793105 153.48275862068965
2057 1198 45 222.76802096985583 128.56138051550894 117.25557011795544
947 1198 50 225.4494859978731 88.4126196384261 97.649415101028
428 1197 36 224.44693473961766 87.55636123928807 97.44891232696109
1935 1197 14 164.7715736040609 159.2690355329949 147.01522842639594
628 1194 40 106.96653653095372 106.10429447852762 102.96040156162856
1259 1193 11 167.4228187919463 163.8724832214765 149.11409395973155
880 1193 13 163.8223350253807 159.55837563451774 145.29949238578678
2129 1190 23 222.59706362153347 89.03588907014682 98.57748776508973
2306 1183 6 147.6938775510204 145.75510204081633 147.26530612244898
1528 1183 44 222.55398396982557 149.16643092880716 142.30693069306932
505 1182 30 246.1219028741328 159.39147670961347 136.79088206144698
563 1180 19 127.49602122015915 124.49867374005305 117.74535809018568
1622 1179 30 108.77006937561943 107.55104063429137 104.85629335976213
712 1179 37 163.8965062623599 161.13249835201054 145.91166776532629
1111 1178 13 220.6243654822335 150.8730964467005 143.31472081218274
1456 1176 18 223.38992042440316 149.604774535809 142.3474801061008
1981 1174 32 224.0814880425155 87.9007971656333 97.49335695305581
334 1170 48 224.6808672499049 130.24534043362496 118.38836059338152
1679 1166 15 128.3083003952569 124.49802371541502 118.48221343873517
1214 1167 32 165.1080602302923 87.33392382639504 104.57838795394154
1016 1157 19 246.3262599469496 159.72413793103448 136.72679045092838
1790 1154 32 224.87865367581932 130.51904340124003 118.79893711248893
458 1153 9 166.20987654320987 161.03703703703704 148.20987654320987
187 1152 5 102.58620689655173 96.24137931034483 94.20689655172414
187 1148 5 77.55172413793103 72.79310344827586 71.9655172413793
1891 1147 44 246.16407355021215 159.55304101838755 137.37765205091938
1152 1147 25 199.19605077574047 126.35684062059238 129.74894217207333
862 1147 32 106.94685562444641 106.74844995571303 103.14260407440213
534 1146 8 166.18518518518516 161.71604938271605 148.48148148148147
2102 1144 21 221.70132325141776 129.18336483931947 117.88090737240076
670 1143 15 128.54545454545453 126.04347826086956 118.92490118577074
1397 1142 40 164.4612381483547 86.99609592861127 104.43948689347462
179 1140 3 121.46153846153847 115.46153846153847 115.30769230769232
1295 1134 45 198.66404543468764 125.4001747487986 128.97990388816078
1621 1130 11 112.89261744966443 109.69127516778524 106.74496644295301
418 1130 20 246.46031746031747 160.6780045351474 137.54875283446714
1722 1129 36 225.28872775214236 87.55767963085036 97.6031641397495
1662 1129 21 128.0321361058601 124.351606805293 118.179584120983
1581 1127 24 127.40130505709625 124.17292006525287 117.56117455138663
633 1125 17 127.6813880126183 125.50788643533123 118.07255520504731
1476 1124 24 198.442088091354 124.73083197389886 129.21044045677
709 1123 11 164.1476510067114 161.26174496644296 146.84563758389262
918 1122 22 108.34782608695653 107.49338374291115 103.97920604914934
576 1119 32 105.60318866253321 105.34543844109832 102.22852081488043
1077 1118 45 127.22804718217563 125.51638269986894 117.1647007426824
1188 1116 18 164.72944297082228 89.09814323607426 105.80371352785146
382 1117 11 163.33557046979865 158.6711409395973 145.7718120805369
2041 1112 36 243.97890573500328 157.01186552406062 135.68424522083058
1971 1111 25 224.20592383638927 88.74047954866008 98.26939351198871
1831 1111 18 224.74535809018568 130.24668435013263 119.02122015915118
1441 1107 12 130.91275167785236 126.73154362416108 120.68456375838926
979 1106 40 224.38650306748468 131.4238706079197 118.58839933073062
1230 1104 17 222.73817034700315 152.00946372239747 144.13249211356467
773 1103 49 126.99277291745912 125.17801445416508 117.1061240015215
484 1098 46 164.19119445576845 160.86424785976357 145.98899306971055
1348 1096 20 109.22902494331066 107.97505668934241 104.60544217687075
404 1096 16 128.09779179810724 124.69085173501577 118.21135646687696
2117 1093 26 105.35633626097867 103.66875784190714 101.40526976160602
1784 1089 26 226.10539523212043 89.20200752823087 98.5056461731493
1684 1089 15 112.9090909090909 109.86561264822133 107.21739130434781
857 1088 21 108.72589792060492 108.29300567107751 104.8241965973535
1868 1086 11 165.1476510067114 160.1476510067114 147.40939597315435
679 1085 35 107.63146394756009 107.46030589949018 103.68681718863803
620 1080 13 163.83248730964465 161.01015228426394 145.90862944162436
1526 1074 43 108.24422442244224 106.81565299387081 104.18906176331919
1151 1074 25 165.7150916784203 163.9478138222849 147.39633286318758
2035 1073 8 158.59259259259258 129.679012345679 118.49382716049382
1909 1072 23 106.91517128874389 105.3099510603589 102.95269168026101
336 1072 41 106.18816930137686 105.00509943906171 102.32738398776135
1622 1066 39 166.58499697519662 162.6551724137931 148.08650937689052
2034 1063 11 126.51677852348993 118.36241610738254 112.14765100671141
1280 1061 28 108.34628190899001 107.819089900111 104.37069922308547
527 1050 10 168.06194690265485 164.5575221238938 149.4070796460177
911 1048 39 164.8874773139746 162.94131881427708 146.7501512401694
1723 1043 41 247.19683834778175 159.859255481897 137.371239163692
1212 1043 33 127.54097056483693 126.06762132060462 117.79236276849643
1976 1040 42 126.92248852626211 123.60938296787354 117.08465068842428
1430 1040 45 166.9113149847095 163.44604630843162 147.8964613368283
1103 1040 27 107.633626097867 108.20577164366374 103.5621079046424
1030 1041 33 246.9936356404137 161.91328560063644 137.69053301511536
423 1040 36 125.86750164798944 123.22742254449571 116.28081740276862
644 1040 13 164.91878172588832 162.50761421319797 146.55837563451774
844 1039 27 127.24592220828104 125.84692597239648 117.43914680050187
581 1035 39 164.78281911675742 162.05747126436782 146.42347247428918
1343 1035 33 127.97931583134448 126.06682577565633 117.87430389817025
473 1033 10 164.58407079646017 160.929203539823 146.91150442477877
1843 1031 45 127.49235474006116 124.23984272608126 117.48012232415903
1909 1024 15 166.4071146245059 162.498023715415 148.27272727272725
793 1022 20 106.98185941043084 106.75056689342404 103.0249433106576
971 1019 23 224.36541598694944 90.0815660685155 98.13703099510604
1155 1016 19 165.79045092838194 164.03448275862067 147.2944297082228
2081 1015 46 163.30411740725643 159.3399918467183 145.58214431308602
722 1015 39 164.28614640048397 162.4010889292196 146.2075015124017
513 1015 26 106.45796737766624 105.84567126725219 102.54328732747804
365 1011 24 106.77977161500816 106.10603588907016 103.15660685154975
1506 1002 26 108.22961104140526 107.23713927227101 104.14930991217064
463 1003 12 164.90604026845637 161.02684563758388 146.13422818791946
318 1002 13 164.82741116751268 160.97969543147207 147.65989847715736
1381 1001 15 128.7075098814229 125.81027667984189 118.46640316205533
1773 1000 18 223.631299734748 89.70026525198938 98.6525198938992
1577 998 37 127.58998022412655 124.37640079103492 117.56361239288067
1069 998 15 166.4189723320158 164.399209486166 147.79446640316203
651 996 29 126.24861265260822 124.62930077691455 116.52830188679245
1662 993 34 108.82179793158313 106.969769291965 104.20445505171043
928 992 12 166.4295302013423 163.50335570469798 147.45637583892616
1278 988 32 166.68467670504873 164.58281665190435 147.93268379096546
555 982 16 108.82649842271293 107.97791798107255 104.4006309148265
1458 980 16 224.57413249211356 132.37854889589906 120.24605678233438
951 978 12 220.47651006711408 133.49664429530202 120.91946308724832
874 978 34 107.93953858393 108.02943516308672 103.96579156722355
1116 975 27 164.67252195734002 163.20326223337514 146.62233375156836
1342 974 22 225.15879017013233 90.49716446124764 98.75614366729678
483 972 19 163.51193633952255 160.3846153846154 145.50928381962865
1863 970 9 166.37037037037035 162.5432098765432 149.35802469135803
2013 969 29 106.30521642619313 105.35405105438402 102.3906770255272
1026 968 31 225.17980513728963 89.66607617360496 98.24180690876882
1917 966 37 165.4785761371127 162.11733684904416 147.31905075807515
521 966 10 165.23008849557522 161.7787610619469 147.9203539823009
335 962 22 163.25708884688092 160.1758034026465 145.80907372400756
1530 957 16 225.34700315457414 89.54258675078864 98.5173501577287
1199 956 46 108.29514879739095 108.75703220546269 104.36241337138198
1618 950 14 165.4467005076142 161.20304568527916 147.93908629441623
790 950 39 164.26073805202662 162.69751966122203 146.24440411373263
415 947 49 105.5549638645873 105.32369722327881 101.95739825028528
1402 944 39 247.31820931639444 160.7447065940714 137.3272837265578
1824 944 30 106.82358771060456 105.99603567888998 102.99207135777998
1736 942 45 224.63695937090432 130.19309742245522 118.38619484491045
1077 942 18 108.91511936339522 108.315649867374 104.38992042440317
697 937 35 106.60597232337946 107.04005826656956 103.28477785870358
2078 935 26 107.17314930991216 106.74780426599749 103.82057716436637
1656 935 21 225.43100189035917 89.4820415879017 98.79395085066163
1969 934 16 163.19242902208202 159.68454258675078 145.8832807570978
1876 934 15 109.35968379446639 107.45454545454545 105.0592885375494
1484 931 31 225.63507528786536 88.0682019486271 97.69530558015944
601 930 45 125.66011358671909 123.88073394495413 116.02315421581477
603 929 45 126.0 124.0 116.0
956 922 39 246.65759225650334 161.65214761040534 137.59951603145797
750 915 13 129.8477157360406 127.26903553299492 119.46192893401015
509 912 35 106.44209759650401 106.02476329206118 102.4544792425346
1125 912 34 107.57995226730311 108.33333333333334 103.81543357199682
343 911 22 108.49527410207939 107.81285444234405 104.45557655954632
1570 907 44 248.05233380480905 161.43422913719942 138.12776991984913
1312 906 46 225.03424378312272 131.80472890338362 118.88707704851203
1863 897 15 127.15810276679841 123.70355731225295 117.50988142292489
1443 894 18 128.3236074270557 125.53050397877983 118.6498673740053
2019 889 36 165.11865524060644 161.85036255767963 147.4416611733685
1239 889 23 225.23001631321372 90.37683523654161 98.0815660685155
2080 888 14 127.79187817258882 124.44670050761421 118.37563451776649
867 887 46 224.62902568283735 132.36975132490826 119.20587036282103
1931 881 46 107.13004484304933 106.51080309824704 103.29025682837342
1042 878 45 126.31804281345566 125.05810397553518 116.37265181301879
456 878 22 126.57088846880907 124.60680529300568 116.83553875236295
730 876 20 107.08616780045352 106.44897959183673 102.85034013605443
1673 873 39 226.21355111917728 88.80278281911677 98.19056261343013
784 872 29 225.0144284128746 89.24528301886792 97.88901220865705
1738 870 20 245.84126984126985 158.56462585034015 136.4512471655329
671 869 30 125.67988107036669 124.3221010901883 115.9583746283449
555 867 20 163.71201814058958 161.15419501133786 145.52154195011337
1804 863 39 163.9975801572898 160.6388384754991 146.1923774954628
936 861 18 223.6074270557029 91.3050397877984 98.9814323607427
1493 860 31 165.99291408325954 163.1895482728078 147.64481842338353
1867 859 14 127.79695431472081 124.9492385786802 118.42131979695431
1393 858 35 107.3838310269483 107.01529497450838 103.11871813546978
386 858 34 162.93715194908512 160.4661893396977 145.05966587112172
977 856 16 108.21451104100946 107.89274447949526 103.74132492113564
620 856 18 108.9920424403183 108.62599469496021 104.74005305039788
2063 849 14 109.71065989847715 108.16751269035532 105.27918781725887
1184 848 36 165.8068556361239 165.25313117996043 147.54647330257086
1611 847 17 223.50157728706623 130.26182965299685 118.47634069400631
1117 848 25 126.0592383638928 125.24823695345557 116.13963328631876
1448 840 15 110.68379446640316 110.13833992094861 106.4189723320158
709 837 14 166.28934010152284 163.9695431472081 147.88832487309642
504 836 36 124.88068556361239 123.60118655240605 115.40936058009228
1982 832 14 126.48730964467003 123.91878172588831 117.10659898477157
1334 832 17 223.36593059936908 131.0410094637224 118.82018927444794
444 832 18 126.03713527851458 124.43236074270557 116.70822281167108
1556 827 32 106.91585473870683 106.07883082373782 102.77502214348982
1272 826 38 224.29703569268 89.2528735632184 97.52813067150636
947 818 20 163.86848072562358 162.74149659863946 146.3151927437642
829 816 26 225.51191969887074 90.09284818067754 98.40526976160602
1670 814 7 169.6734693877551 165.44897959183672 152.12244897959184
581 813 35 105.53168244719593 105.99927166788056 101.86016023306628
1072 811 17 164.17034700315457 164.02523659305993 146.71293375394322
696 808 19 126.48541114058355 124.71618037135278 116.92042440318302
647 808 24 162.78955954323 161.0636215334421 145.47960848287113
2026 806 31 125.23294951284323 122.85828166519043 115.9229406554473
1940 804 20 106.97505668934241 106.57142857142857 103.33560090702949
1804 804 14 163.30964467005074 160.08121827411165 145.50761421319797
1367 804 16 127.08832807570978 125.73501577287065 117.3186119873817
1414 802 14 167.4467005076142 165.03045685279187 148.73096446700507
758 799 40 245.7696597880647 159.88845510317904 136.44450641383156
1869 798 39 126.77737447065942 124.32728372655778 117.27646702964309
1136 798 18 107.53050397877983 107.87533156498674 103.26259946949601
1009 795 35 106.38091769847051 107.57028404952659 102.8259286234523
407 794 26 105.98996235884566 105.93099121706398 102.01003764115433
1725 790 46 164.45943742356297 161.22421524663676 146.20423970648187
1623 788 39 126.39322444041139 123.84271022383545 116.66727162734423
894 782 41 105.9984701682815 106.69301376848547 102.45690973992862
953 777 12 164.30872483221475 163.59731543624162 147.26174496644296
1477 774 46 165.44883815735832 163.16999592335915 147.26661231145536
1555 772 10 166.23893805309734 162.86725663716814 148.10619469026548
618 771 13 163.11675126903552 161.6954314720812 145.6751269035533
1196 768 39 125.92135511191773 125.10102843315185 116.3641863278887
1257 767 17 245.68454258675078 162.12618296529968 137.74132492113563
540 764 16 164.33438485804416 162.0441640378549 145.9968454258675
1393 761 28 126.17758046614873 124.82241953385127 116.62708102108768
1805 758 29 106.81132075471699 106.45283018867924 103.2364039955605
1318 752 38 246.75257108287963 161.81730187537812 137.62008469449486
1910 749 15 107.53359683794466 106.69565217391303 103.75098814229248
1975 745 42 105.66445690973994 105.65629780724122 102.21213666496686
472 745 46 162.6726457399103 161.14472075010192 145.1858948226661
1083 742 46 163.59355890746025 163.19241744802284 145.92009783938036
1081 742 46 164.0 163.0 146.0
816 742 34 223.47255369928402 131.61336515513128 118.7859984089101
1016 738 12 164.81208053691276 164.31543624161074 147.5234899328859
676 735 45 106.57536041939711 106.9397116644823 103.04761904761905
752 730 25 223.30747531734838 130.91396332863187 118.40479548660085
586 727 34 125.69610182975339 124.27844073190136 116.19729514717582
1431 724 16 108.28075709779179 108.64353312302839 104.20820189274447
1615 724 13 109.52791878172587 108.51269035532994 105.15228426395939
963 723 35 125.79679533867444 125.15367807720321 116.476329206118
906 724 9 165.11111111111111 163.5185185185185 147.8641975308642
1866 721 29 125.04328523862375 123.11875693673696 115.8079911209767
1247 721 21 222.92627599243858 89.67296786389414 97.9187145557656
1155 720 16 107.50473186119874 108.06624605678233 103.09148264984226
1553 719 40 126.50195203569437 124.58114891243726 116.64528722810932
1672 717 37 107.09887936717205 106.81147000659195 103.56295319709953
534 712 15 108.94071146245058 108.70750988142292 104.93675889328063
1815 711 13 108.10659898477157 107.73604060913705 103.98984771573603
1754 702 34 126.63325377883851 124.41925218774861 116.83452665075578
1017 701 16 110.14511041009463 109.49842271293375 105.23659305993691
1129 689 11 164.00671140939596 163.2013422818792 146.5771812080537
1478 680 37 105.89386947923532 106.70599868160843 102.74093605800923
811 679 19 223.43766578249335 89.47214854111405 97.84350132625994
1381 679 46 125.54749286587851 124.43171626579698 116.10313901345292
1286 673 34 224.18217979315833 88.95942720763723 97.42879872712808
1052 673 24 224.27079934747147 90.44698205546493 98.21044045676999
1705 669 11 163.35570469798657 161.1275167785235 146.46979865771812
1614 669 28 125.165371809101 123.39289678135405 115.44617092119867
887 666 44 245.998114097124 161.7067421027817 137.40876944837342
570 667 18 162.88328912466844 161.55702917771882 145.3395225464191
508 662 35 105.27967953386745 106.21048798252004 101.86744355426075
1197 661 45 223.2271734381826 131.77850589777196 118.67234600262124
731 659 39 163.9933454325469 162.50514216575925 146.12704174228676
1920 657 46 162.30248675091724 160.1606196494089 145.2087240114146
1817 646 42 163.556858745538 161.44773074961756 146.0877103518613
632 646 40 163.4350250976018 161.98494143892918 145.88678192972674
1673 641 19 162.53846153846152 160.2917771883289 145.26790450928382
1110 640 35 245.830298616169 162.64675892206847 137.81864530225783
985 640 42 224.3661397246303 89.37837837837839 97.80061193268742
1737 632 30 106.60555004955401 106.28840436075322 102.79286422200198
1549 631 33 163.442322991249 161.969769291965 146.13126491646779
1424 630 9 164.48148148148147 163.17283950617283 147.50617283950618
574 615 23 124.9820554649266 124.30179445350734 116.05546492659055
813 613 40 125.54991634132739 124.15504740658116 115.88733965421082
1462 610 23 106.66557911908646 107.69168026101143 103.6394779771615
1339 610 20 126.12698412698413 125.578231292517 116.83673469387756
1692 605 11 164.37583892617448 161.82550335570468 147.6510067114094
527 606 14 163.03045685279187 161.4467005076142 145.86802030456852
1050 602 25 222.23131170662904 131.70662905500706 118.71932299012694
874 600 14 163.48730964467003 162.2182741116751 146.243654822335
748 597 19 107.48541114058355 108.34482758620689 104.37931034482759
1509 597 19 106.6631299734748 107.25464190981432 103.32360742705569
1772 595 12 162.8926174496644 160.43624161073825 146.19463087248323
1153 595 20 223.41723356009072 90.40589569160998 98.24489795918367
1269 594 41 107.3197348291688 108.35849056603774 103.54156042835288
1875 593 29 106.56492785793563 107.00776914539401 103.40843507214207
1628 585 47 105.04647370566653 105.58948226661231 101.79086832450061
926 582 31 107.5022143489814 108.1523472099203 103.79893711248893
687 580 36 105.43836519446275 106.24324324324323 102.0197758734344
550 578 15 107.83794466403161 108.4782608695652 104.31620553359683
1396 578 35 163.1769847050255 162.28623452294246 145.6067006554989
1198 574 23 164.41924959216968 164.0456769983687 146.72756933115824
1549 557 28 163.30299667036627 161.85904550499444 146.04328523862375
867 554 27 106.96612296110413 107.66624843161856 103.3224592220828
1718 552 39 163.56140350877195 161.50514216575925 145.87416817906836
1809 551 38 125.37628554143981 123.75438596491229 115.80822746521477
750 552 16 164.0410094637224 162.2744479495268 146.17981072555204
1000 551 41 125.45436002039776 124.60479347271801 115.71086180520143
604 551 41 124.68077511473739 123.8556858745538 115.6721060683325
1397 541 11 124.12751677852349 124.66442953020135 115.53691275167785
1097 539 46 105.35099877700775 106.90093762739502 102.097024052181
1472 537 42 125.4074451810301 124.33146353901071 116.08975012748598
1239 534 16 126.38485804416403 125.45110410094637 117.04731861198738
1274 533 10 163.99115044247787 162.89380530973452 147.1858407079646
1330 532 34 164.54494828957837 164.18058870326175 147.39618138424822
801 530 31 163.11603188662534 162.24357838795396 145.64216120460586
660 525 12 161.4228187919463 159.80536912751677 144.95973154362414
1183 513 34 124.8257756563246 124.43357199681783 115.66109785202865
1398 512 29 105.97558268590456 107.3984461709212 102.8568257491676
1662 509 24 105.86623164763459 105.98531810766721 102.4730831973899
856 506 16 126.17034700315457 125.397476340694 116.78864353312302
1538 505 19 106.86737400530504 106.89920424403182 103.10079575596816
643 495 17 162.32176656151418 161.0283911671924 145.46056782334384
1599 493 35 125.23889293517844 123.84777858703569 115.71449380917699
718 493 45 105.1131498470948 105.74530362603757 101.5137614678899
924 489 45 162.3398864132809 161.94888597640892 145.01092179991264
1764 488 31 107.43135518157662 107.81222320637733 104.4844995571302
1271 486 32 106.17891939769709 107.58193091231179 103.12046058458813
1706 479 18 126.36604774535809 124.6604774535809 116.83023872679044
1438 476 16 164.58675078864354 163.89589905362774 147.60567823343848
1031 470 36 106.12524719841792 107.05669083717864 102.6565589980224
797 470 19 125.6870026525199 124.59681697612731 116.12201591511936
1137 467 19 105.9814323607427 106.62334217506631 102.71352785145888
1556 466 11 128.51006711409397 126.3489932885906 119.09395973154362
847 463 23 105.8678629690049 107.326264274062 102.71451876019576
1497 449 36 162.87013843111401 161.7969676994067 145.82135794330915
1345 436 46 162.88381573583368 162.37056665307787 145.6180187525479
1270 430 13 166.00507614213197 165.13197969543145 147.7258883248731
1658 428 37 163.08503625576796 161.69611074489123 146.24588002636781
1430 428 26 124.61480552070263 124.13048933500626 115.58720200752822
1201 427 40 162.58951477969885 162.05186837702175 145.45175683212494
1091 427 30 162.82160555004955 162.42814667988108 145.5639246778989
767 425 28 125.23085460599334 124.3007769145394 115.9211986681465
981 418 26 162.24090338770387 161.85069008782935 145.4366373902133
1038 410 18 107.6525198938992 108.05570291777188 104.11140583554376
1573 398 45 104.60637833114897 105.66579292267366 101.74748798602009
829 397 33 162.71519490851233 161.9005568814638 145.46937151949086
1469 397 14 163.76142131979694 162.41116751269035 146.21319796954313
912 395 39 124.57894736842107 123.95825771324864 115.42165759225651
1272 385 27 124.46173149309911 123.91091593475532 115.56963613550815
1138 383 26 124.62484316185696 123.92471769134252 115.56587202007528
1418 368 26 103.02509410288582 104.60351317440401 100.4215809284818
861 358 11 109.67785234899328 109.95302013422818 106.25503355704697
1344 352 33 124.61575178997614 123.83770883054893 115.64359586316627
1196 347 34 105.84089101034209 107.39061256961018 102.99681782020684
980 347 34 104.56563245823389 106.4431185361973 101.92999204455052
1498 346 32 103.46767050487158 104.47652790079717 100.60673162090346
1069 343 46 124.19649408887076 123.46310640032613 114.88666938442724
1445 321 13 161.69035532994923 160.55837563451774 145.52791878172587
1399 310 26 124.44667503136762 123.71141781681304 115.30112923462985
1270 309 41 103.36104028556859 104.96583375828659 100.49821519632842
1139 308 25 162.4132581100141 161.11565585331454 145.17912552891397
1204 293 16 105.60252365930599 106.17034700315457 101.86750788643533
1341 291 14 161.20304568527916 161.16751269035532 145.52791878172587
1178 81 2 156.8 159.60000000000002 156.4
1184 76 2 157.4 161.60000000000002 160.4
