1163 2319 3 163.46153846153848 163.0769230769231 163.92307692307693
1164 2317 3 100.15384615384616 99.6923076923077 99.61538461538463
1173 2314 2 167.4 164.4 162.4
1048 2110 17 106.52365930599369 104.82965299684543 101.397476340694
1244 2107 33 104.47971360381862 103.19331742243438 100.35242641209229
1405 2100 23 107.88743882544861 106.07830342577488 103.23980424143556
1171 2097 28 128.41398446170922 124.45615982241954 117.51054384017758
1330 2084 41 166.8607853136155 161.92758796532382 147.58490566037736
1101 2083 39 165.2885662431942 160.36116152450091 145.87598306110104
1494 2079 23 127.45024469820555 123.5073409461664 117.10603588907016
914 2066 20 128.67120181405895 124.7732426303855 117.6984126984127
987 2058 49 126.88512742487639 123.2472422974515 115.99885888170408
1273 2056 19 107.81962864721484 105.52519893899203 102.35809018567639
1160 2048 16 108.42586750788644 106.22712933753942 103.54258675078864
926 2032 9 167.04938271604937 160.92592592592592 148.33333333333331
1061 2031 17 107.01261829652996 104.8391167192429 101.91482649842271
808 2030 14 164.7715736040609 160.10152284263958 145.7715736040609
869 2030 36 105.75807514831904 104.00395517468688 100.96110744891232
1211 2028 35 166.0487982520029 161.12090313182813 146.88419519300803
1436 2026 47 128.04973501834488 123.9514879739095 117.09783938035059
1546 2025 43 105.23243752946723 103.34889203206035 100.74870344177275
1619 2020 22 165.98487712665406 160.76937618147448 147.1266540642722
1352 2012 28 167.0643729189789 161.66592674805773 147.82130965593785
1115 2006 36 107.55108767303888 105.69742913645352 102.5906394199077
1282 1998 30 128.7205153617443 124.61149653121903 117.79583746283448
1167 1996 13 164.53807106598984 159.40609137055836 145.48223350253807
1060 1982 13 132.746192893401 128.71573604060913 121.40609137055837
1671 1979 25 105.37940761636106 103.27362482369534 100.6657263751763
932 1977 39 105.90078644888084 104.21597096188749 101.24561403508773
1010 1974 32 166.10274579273695 160.9078830823738 146.64836138175377
782 1967 48 165.2890833016356 160.27158615443136 146.0950931913275
1238 1967 14 129.35025380710658 124.64974619289339 117.64974619289339
859 1958 20 127.31292517006803 123.37641723356009 116.20181405895691
696 1951 39 103.56019358741683 101.79431336963098 98.70296430732003
1596 1948 42 127.60377358490567 123.20295767465579 116.6083630800612
1508 1946 34 166.16467780429596 160.84407319013525 147.22434367541766
1363 1946 33 107.43675417661099 105.20127287191727 102.54494828957837
1435 1941 31 106.23383525243578 104.23649247121347 101.60230292294065
856 1937 9 115.06172839506172 111.87654320987653 107.44444444444444
1185 1931 49 105.3081019399011 103.50969950551541 100.6918980600989
1084 1928 36 167.20303230059326 162.1404087013843 147.62623599208965
1030 1924 12 111.20805369127517 108.0 105.26174496644295
963 1923 16 166.73817034700315 161.1577287066246 147.87066246056781
1725 1921 49 105.82008368200837 103.89691898060099 101.32445796880944
891 1920 13 129.1776649746193 124.53807106598984 118.0203045685279
1284 1919 41 166.6379398266191 161.46863844977054 147.60632330443653
852 1910 27 106.05269761606021 104.3224592220828 101.35633626097867
1647 1902 19 128.06896551724137 123.75066312997347 117.37400530503979
1555 1897 23 105.48123980424144 103.37194127243067 100.5415986949429
629 1893 39 104.1911675741077 102.64549304295221 99.85057471264369
783 1888 25 106.75458392101551 105.08603667136812 101.93653032440056
1466 1884 22 129.2117202268431 124.60869565217392 117.9546313799622
1050 1884 10 167.61061946902655 161.47787610619469 147.95575221238937
1591 1884 13 168.8730964467005 163.00507614213197 149.8172588832487
1335 1879 14 130.83756345177665 126.04568527918781 119.51776649746192
1002 1877 35 106.84413692643847 104.6941005098325 102.04005826656956
1393 1876 36 167.08701384311138 161.26367831245878 148.08371786420565
1118 1875 17 130.8422712933754 125.94637223974763 119.05678233438485
1510 1875 13 167.29949238578678 161.81218274111674 149.31472081218274
1796 1867 35 164.50546249089587 159.38310269482886 146.3729060451566
912 1865 43 128.85195662423385 124.23432343234323 117.47053276756247
709 1864 40 127.11712214166202 122.86391522587843 115.9313998884551
1682 1863 13 167.61421319796952 161.52791878172587 148.86294416243655
1234 1858 27 244.74780426599747 158.70514429109159 136.13174404015055
1631 1856 27 166.9711417816813 161.81053952321204 148.41405269761606
1864 1843 24 105.39314845024471 103.38172920065253 101.18270799347472
1159 1842 32 225.5615589016829 130.925597874225 118.12488928255094
831 1841 35 164.4952658412236 158.75309541150764 145.6081573197378
1725 1833 31 126.56775907883083 122.66607617360496 116.49247121346325
1553 1830 37 127.32762030323005 123.06196440342781 116.6914963744232
1073 1829 41 225.59000509943908 90.4038755736869 98.71698113207547
770 1830 19 166.84350132625994 161.43766578249335 147.45092838196285
574 1822 39 164.85359951603147 159.38112522686026 146.00362976406535
654 1820 28 105.81021087680355 103.84350721420644 100.96559378468369
1456 1816 42 105.7389087200408 103.71596124426314 101.05303416624172
1313 1815 49 225.05895777862307 88.9920121719285 98.0342335488779
1665 1807 24 127.70146818923328 123.90538336052202 117.26590538336053
1387 1805 19 223.9840848806366 129.9920424403183 118.23607427055703
895 1797 26 224.86198243412795 89.60978670012547 97.83563362609786
1821 1793 34 165.29594272076372 160.38583929992046 146.99761336515513
791 1792 11 165.75838926174495 159.36912751677852 147.01342281879195
1510 1791 13 129.43147208121826 124.92385786802029 118.39086294416242
1766 1789 17 105.59621451104101 103.82649842271293 100.88958990536277
522 1790 19 107.93368700265252 105.28381962864721 102.62068965517241
1224 1789 39 244.9056261343013 159.07562008469452 136.28917120387175
980 1787 47 245.28984916428863 159.9376273950265 136.8194048104362
1142 1780 26 223.55457967377666 129.9272271016311 118.04265997490589
1613 1765 41 105.44059153493116 104.05303416624172 101.4553799082101
831 1764 33 222.86396181384248 128.96181384248212 117.10978520286396
1051 1762 21 225.2514177693762 90.32514177693763 98.96030245746692
731 1762 49 104.3271205781666 102.29098516546216 99.6842906047927
1897 1758 40 126.33853876185165 122.43725599553821 116.22532069157836
1705 1759 33 164.7494033412888 159.8337311058075 146.62529832935562
634 1755 31 163.5314437555359 158.38441098317097 145.40655447298494
1102 1752 22 106.92438563327032 104.14366729678639 101.35916824196597
486 1750 25 163.46121297602255 157.8984485190409 145.48660084626235
1442 1748 22 224.70510396975425 89.35538752362949 98.34593572778829
1779 1742 25 105.83356840620593 104.26657263751763 102.11424541607899
1374 1739 43 224.16313059877416 129.3974540311174 117.5968882602546
556 1732 39 127.08953418027829 122.78705384150031 116.16757410768301
1836 1731 25 104.55853314527504 103.12693935119887 100.47249647390692
1293 1731 33 104.61177406523468 102.98170246618935 100.59506762132061
903 1729 38 223.68905021173626 129.5456745311555 117.44585601935876
1516 1727 47 163.62005707297186 158.69914390542192 145.53933958418264
1011 1723 16 166.66876971608832 160.58044164037855 147.32176656151418
1239 1719 11 166.84563758389262 161.0 148.4429530201342
786 1720 16 222.95899053627758 90.78233438485805 99.45110410094637
1675 1703 24 107.08809135399675 105.48776508972269 102.61174551386624
1171 1702 48 128.15709395207304 124.23468999619628 117.35793077215672
1950 1694 35 103.34304442825929 101.96139839766934 99.73561544064094
1887 1694 18 162.49867374005305 157.81697612732094 145.51458885941645
1065 1695 37 164.6901779828609 159.76928147659854 146.07844429795648
607 1689 23 105.13539967373573 103.25122349102774 100.63458401305057
975 1682 33 104.74224343675418 102.96658711217184 100.3747016706444
1606 1680 37 126.08767303889255 122.32234673698088 115.79169413315753
834 1679 38 245.11615245009077 158.01209921355112 135.58620689655174
1440 1677 30 244.6798810703667 159.02775024777006 136.70366699702674
761 1675 23 244.59869494290376 159.1761827079935 136.61337683523655
672 1675 41 126.64150943396227 122.26619071902091 115.97042325344214
1388 1675 13 244.3705583756345 162.10152284263958 139.11675126903552
467 1673 51 103.47884038653783 101.69276907697434 99.17994001999334
1487 1673 9 164.320987654321 159.11111111111111 146.64197530864197
1332 1669 32 105.11780336581046 103.24977856510186 100.72099202834367
1999 1669 16 128.97160883280756 124.96529968454259 118.11356466876971
1739 1669 47 126.36934366082347 122.68283734203017 116.0061149612719
1555 1668 15 107.25296442687747 104.99209486166008 102.51383399209486
1833 1666 31 163.52967227635077 158.99645704162975 145.8325952170062
1260 1663 31 162.9627989371125 158.52170062001773 144.8237378210806
555 1658 30 104.52824578790882 102.8830525272547 100.18929633300297
1017 1652 14 129.44162436548223 124.9746192893401 118.497461928934
1665 1646 22 162.9962192816635 158.48015122873346 145.73534971644614
724 1644 13 131.05583756345177 124.74111675126903 118.41116751269034
1905 1642 25 103.87729196050776 102.475317348378 99.89562764456981
1064 1633 16 108.70662460567823 106.35015772870662 103.3186119873817
915 1633 35 164.96722505462492 160.07793153678077 146.3809176984705
1117 1632 34 127.21081941129674 123.67780429594272 116.81463802704853
1513 1622 36 127.13909030982201 123.43111404087013 116.80883322346736
1805 1619 13 128.9695431472081 124.85786802030456 118.41624365482232
680 1620 11 163.63087248322148 157.61744966442953 146.00671140939596
1391 1617 33 224.1304693715195 87.75338106603023 97.18217979315831
1449 1617 19 223.20954907161803 88.49867374005305 97.62599469496021
616 1613 39 126.00362976406535 121.85904416212946 115.45009074410164
857 1612 21 106.8374291115312 104.5538752362949 101.83364839319471
720 1610 22 222.03969754253308 128.73156899810965 117.19848771266541
1593 1609 30 105.18037661050545 103.37462834489594 101.01090188305253
1978 1607 43 162.21122112211222 158.01414427157002 144.57331447430457
1205 1607 43 104.27204148986327 103.21404997642621 100.36822253653936
1325 1603 28 127.826859045505 124.05438401775805 117.36514983351832
1719 1602 17 106.44794952681387 104.42586750788644 101.77917981072555
1270 1602 20 128.29478458049886 124.66439909297053 117.91156462585035
396 1602 42 162.6532381438042 157.24222335543092 144.78225395206528
784 1600 38 223.98669086509378 87.05263157894737 96.76648517846341
1075 1596 11 166.47651006711408 160.8993288590604 147.56375838926175
472 1595 19 105.88328912466842 103.49071618037135 101.11405835543766
1913 1592 15 125.7786561264822 121.89723320158102 115.798418972332
1860 1589 37 103.12986156888596 101.90441661173368 99.14700065919577
2038 1587 13 161.6954314720812 157.16243654822333 145.0203045685279
1661 1586 31 163.83879539415412 159.41452612931798 145.8104517271922
1010 1584 49 103.96842906047927 102.72156713579308 100.10308101939901
1141 1583 11 109.88590604026845 106.83892617449665 103.87248322147651
536 1581 39 163.94434361766486 158.86630369026014 145.79612825166365
682 1578 23 105.63458401305057 103.2120717781403 100.83034257748777
839 1578 11 167.65771812080536 161.80536912751677 148.63758389261744
1419 1571 9 242.80246913580245 161.33333333333331 140.22222222222223
1773 1565 43 162.75200377180576 158.46110325318247 144.94342291371996
593 1561 13 128.4720812182741 123.82741116751268 117.83756345177665
881 1561 28 127.08768035516094 122.97891231964483 116.43174250832409
1609 1557 15 128.52173913043478 124.399209486166 118.02766798418972
1550 1555 29 163.4772475027747 158.65593784683685 145.69256381798002
1155 1554 12 130.3221476510067 126.34228187919463 119.57718120805369
1474 1551 43 104.993870815653 103.31683168316832 100.71711456859971
1292 1549 30 164.98116947472744 160.22695738354807 146.7234886025768
2051 1546 21 103.46880907372402 102.01701323251417 99.81285444234405
941 1546 22 105.92438563327032 104.25519848771266 101.68241965973536
1097 1545 34 163.54574383452666 159.21638822593476 145.3373110580748
1893 1541 16 105.01261829652996 103.38170347003154 100.86750788643533
729 1539 32 222.16917626217892 85.70150575730736 95.83348095659876
2007 1537 11 160.51677852348993 156.33557046979865 144.4295302013423
410 1535 13 127.98477157360405 123.40101522842639 117.41624365482232
1228 1531 28 163.26526082130965 158.97336293007768 145.04106548279688
469 1524 40 125.92136084774123 121.76408254322365 115.48522030117122
1697 1523 33 125.69053301511536 122.07955449482897 116.02863961813843
1374 1522 47 223.0905014268243 129.17733387688546 117.23970648185895
1048 1522 10 164.81415929203538 159.68141592920352 147.30088495575222
1950 1521 40 124.28109313998885 121.25711098717234 114.7696597880647
635 1517 46 161.07052588666937 156.12311455360782 143.78189971463513
563 1514 23 105.20065252854813 103.40456769983687 101.00163132137031
815 1513 48 223.831875237733 128.7675922403956 117.02015975656144
1161 1508 30 127.55500495540139 124.41526263627354 117.46580773042616
368 1508 36 103.24588002636783 101.67567567567566 99.17073170731706
1838 1507 38 162.03690260133092 157.91591046581974 144.58439201451907
1117 1493 14 108.78680203045684 106.92893401015228 104.13197969543147
1896 1491 14 127.91878172588831 124.05583756345176 117.7005076142132
1619 1490 47 104.91316754993885 103.39421116999593 100.92580513656746
707 1489 16 107.17981072555204 104.42586750788644 101.89274447949526
997 1487 38 126.08045977011496 122.57955232909862 115.87356321839081
917 1486 38 104.29582577132487 102.816091954023 100.37205081669693
1526 1485 33 127.44550517104217 123.36038186157518 117.04136833731107
1768 1483 30 105.1179385530228 103.74430128840436 101.11100099108027
1476 1482 15 110.34782608695652 107.20553359683794 104.66403162055336
1073 1483 22 109.0359168241966 107.53497164461248 104.04347826086956
748 1480 16 242.96529968454257 156.61198738170347 135.13880126182966
1436 1479 16 244.65299684542586 158.09148264984228 136.2681388012618
2048 1478 42 102.86690464048955 101.74043855175931 99.40030596634371
578 1476 11 129.21476510067114 124.6241610738255 118.5973154362416
1287 1467 42 105.23304436511984 103.94798572157063 100.98929117797043
1208 1467 23 106.02120717781403 104.78792822185972 102.21533442088092
519 1464 34 161.3747016706444 156.55210819411298 143.86077963404932
1981 1462 17 105.6403785488959 103.93375394321767 101.41324921135646
333 1457 20 161.26984126984127 156.45578231292518 144.03854875283446
1806 1449 16 126.23343848580441 122.76971608832807 116.0757097791798
1702 1448 34 161.71280827366746 157.4884645982498 144.34844868735084
1354 1446 22 223.82230623818526 88.90359168241966 97.73724007561437
1843 1445 13 163.0456852791878 158.43147208121826 145.6751269035533
431 1444 46 104.11373827965757 102.25519771708113 99.83815735833673
1054 1443 12 130.7785234899329 126.02013422818791 119.71140939597315
771 1439 23 222.42740619902122 87.72920065252855 96.91517128874389
1806 1433 10 114.88495575221239 112.01769911504425 105.7787610619469
1488 1432 22 224.79017013232516 88.36294896030246 97.80718336483932
1764 1430 16 106.52365930599369 104.41324921135646 101.58990536277602
994 1428 16 222.17034700315457 129.51104100946372 117.97476340694006
697 1427 39 125.83847549909257 122.2928009679371 115.85420447670903
605 1427 38 103.06110102843316 101.92256503327285 99.37326073805204
1418 1426 35 245.30007283321197 159.00801165331393 136.78004369992718
1127 1426 46 162.93192009783937 158.60211985324094 144.66856909906238
1648 1425 14 162.1776649746193 157.08121827411165 144.58375634517765
1912 1422 47 104.2776192417448 102.88014675907053 100.51487973909498
1603 1420 14 243.4467005076142 157.9492385786802 136.20304568527916
1318 1419 9 164.9753086419753 159.80246913580245 147.53086419753086
1585 1416 6 242.59183673469386 167.44897959183672 147.28571428571428
497 1417 13 109.38578680203045 106.30964467005076 103.7715736040609
854 1412 46 245.04606604158172 158.37871993477376 135.7146351406441
1550 1409 31 242.92471213463241 156.9406554472985 134.94862710363154
543 1408 13 129.71573604060913 125.29949238578679 119.14213197969542
1993 1407 34 124.86873508353223 121.21957040572794 115.10898965791567
941 1407 33 223.26571201272873 87.40334128878283 96.57438345266507
1215 1398 36 126.6242584047462 123.37771918259722 116.60975609756096
1281 1396 19 163.54111405835542 159.06100795755967 145.69496021220158
2073 1394 41 161.5364609892912 156.5792962774095 144.71545130035696
1804 1393 38 125.55111917725348 122.13188142770721 115.50574712643679
1045 1394 32 244.58104517271923 157.22054915854739 135.15146147032772
470 1392 10 130.91150442477877 125.84070796460176 119.87610619469027
1673 1384 22 221.06049149338375 87.37051039697543 96.75803402646503
1740 1383 24 104.43719412724307 102.75530179445352 100.01794453507341
647 1383 12 128.9798657718121 124.93959731543625 118.68456375838926
762 1380 32 161.85739592559787 157.66607617360498 144.118689105403
342 1378 49 125.43895017116775 121.58425256751617 115.44579688094333
1347 1373 36 126.50560316413974 123.04878048780486 116.56031641397495
1867 1371 15 105.10671936758892 102.16205533596838 99.89328063241106
1483 1371 32 222.18334809565988 86.60053144375554 96.0859167404783
1614 1364 36 221.41793012524718 128.24126565589978 116.78180619644033
1424 1361 21 162.6710775047259 158.1304347826087 144.45179584120984
980 1361 23 244.7520391517129 159.4061990212072 136.89070146818923
679 1360 22 161.85822306238185 157.9413988657845 144.33837429111531
518 1359 38 125.81548699334544 122.34119782214157 115.97459165154265
1957 1358 19 240.9920424403183 155.3607427055703 134.50132625994695
813 1359 11 132.51006711409397 128.3020134228188 121.98657718120805
909 1357 24 222.48450244698208 129.26427406199022 117.4567699836868
1896 1355 16 219.09463722397476 86.47318611987382 96.65299684542586
1097 1353 23 222.76672104404568 129.81239804241437 118.09298531810768
435 1352 37 161.09096901779827 156.7000659195781 143.78246539222147
2116 1348 12 161.26845637583892 155.93288590604027 144.5771812080537
1548 1347 23 222.48613376835237 87.51712887438826 96.6704730831974
725 1347 12 106.67114093959731 104.46308724832214 101.78523489932886
1165 1338 37 163.004614370468 159.17007251153592 144.84508899143043
606 1337 41 161.3059663437022 157.75063742988272 143.89648138704743
1778 1331 21 220.94896030245746 85.64272211720227 95.78638941398866
1392 1331 16 106.9558359621451 104.59621451104101 101.77602523659306
774 1326 12 131.26845637583892 127.91946308724832 121.74496644295301
1848 1323 31 220.02391496899912 127.03631532329496 115.64481842338353
1483 1322 10 163.64601769911505 158.38938053097345 146.46017699115043
386 1322 12 161.91946308724832 156.4429530201342 144.27516778523488
1273 1321 49 104.2925066565234 103.74210726511983 100.53023963484215
2083 1321 19 240.54111405835542 154.46949602122015 133.6259946949602
2012 1316 44 219.94719471947195 85.5011786892975 95.55586987270155
301 1315 25 105.18617771509167 103.55994358251057 101.1184767277856
849 1314 37 103.20369149637442 102.17798286090968 99.29729729729729
1033 1314 40 223.94980479643058 87.84216397099833 96.79977691020636
1702 1312 46 242.94781899714636 156.69058295964126 134.83652670199754
552 1305 15 108.43873517786561 105.85375494071145 102.98814229249011
2122 1304 15 162.78656126482213 86.91699604743083 104.11067193675889
1924 1302 38 241.85359951603147 157.68118572292803 135.6442831215971
937 1291 37 161.7969676994067 157.66315095583386 144.11470006591958
785 1291 20 161.58049886621316 158.15192743764172 144.3718820861678
350 1290 26 242.66624843161856 156.38268506900877 134.99121706398995
413 1290 21 221.02079395085067 87.21928166351607 96.77693761814746
1445 1286 37 104.61239288068556 102.97165458141068 100.22544495715226
1524 1285 37 161.8121292023731 157.3816743572841 144.40079103493736
1207 1285 19 105.55172413793103 104.17241379310344 101.15915119363395
703 1282 49 102.33701027006467 101.72118676302777 98.78851274248764
1611 1281 38 160.7543859649123 156.55414398064127 143.44585601935876
1102 1282 31 224.4118689105403 88.74136403897255 97.13197519929142
1158 1279 13 109.68527918781724 107.9746192893401 104.56852791878171
1361 1277 35 163.06263656227242 159.29497450837582 145.1522214129643
884 1275 12 162.27516778523488 158.09395973154363 144.79194630872482
628 1273 14 126.42639593908629 122.56852791878171 116.10659898477157
488 1270 47 243.1324908275581 157.55727680391357 135.46269873624135
1792 1266 40 221.18739542665924 84.16174010039042 94.46458449525934
1000 1263 17 222.3627760252366 129.86119873817034 117.65615141955836
576 1259 30 219.4737363726462 128.0 116.55203171456888
1867 1258 24 219.489396411093 127.41924959216966 116.54486133768353
1311 1254 14 127.43654822335024 124.38071065989847 117.96954314720811
2030 1251 10 154.94690265486724 119.53982300884955 113.24778761061947
2014 1251 18 107.74005305039788 102.58090185676392 99.83819628647214
1963 1250 21 125.08317580340265 121.34026465028356 115.4234404536862
189 1249 3 120.0 112.23076923076924 111.6923076923077
2081 1248 48 218.74781285659947 126.64016736401675 115.78356789653861
1666 1245 16 107.47634069400631 104.9589905362776 102.17034700315457
308 1240 37 219.2399472643375 127.32234673698088 116.4251812788398
1118 1237 9 163.9506172839506 159.2716049382716 147.07407407407408
849 1236 30 125.29831516352824 122.73240832507433 115.81665014866203
630 1237 17 222.48895899053628 88.87381703470031 97.49842271293375
1263 1235 32 103.47209920283437 103.29849424269266 99.80513728963685
912 1232 22 106.62192816635161 105.54442344045368 102.17013232514178
391 1228 40 222.74010039040715 86.78862242052426 96.54712771890686
1557 1225 21 126.35916824196597 122.92627599243856 116.29300567107751
771 1224 36 124.94001318391561 122.0184574818721 115.34212261041529
169 1224 6 107.30612244897958 100.48979591836734 101.30612244897958
1346 1222 13 163.74111675126903 159.30456852791878 146.2944162436548
1177 1219 43 124.92833569071193 122.73173031588873 115.11315417256012
68 1219 2 155.0 150.4 150.4
1005 1216 13 232.09137055837562 145.34010152284262 127.85279187817258
972 1217 34 221.15115354017502 128.6412092283214 116.87509944311854
1057 1215 50 243.9439914923786 158.46898263027296 135.81283232896135
2022 1213 13 159.03045685279187 154.13705583756345 143.34010152284262
1916 1213 33 158.6109785202864 153.9554494828958 142.48448687350836
1719 1214 41 124.48546659867415 120.92146863844978 114.83630800611934
1780 1211 9 163.48148148148147 157.80246913580245 146.46913580246914
1495 1210 33 161.10182975338108 81.91805887032618 100.08989657915673
2281 1209 2 161.20000000000002 158.0 161.20000000000002
716 1209 18 241.9124668435013 156.315649867374 134.9310344827586
66 1210 2 154.4 151.6 153.20000000000002
58 1209 2 154.0 152.4 155.0
2275 1208 3 165.0 161.0769230769231 161.30769230769232
533 1209 16 218.1198738170347 127.7570977917981 116.69716088328076
2135 1201 10 217.30973451327432 149.13274336283186 144.58407079646017
1978 1201 24 124.67699836867864 121.08646003262643 115.23817292006525
1408 1201 46 220.346514472075 147.88748471259683 141.3905421932328
2273 1199 2 168.8 166.20000000000002 169.20000000000002
1306 1201 23 161.18597063621533 83.29200652528549 101.21696574225123
1619 1197 38 103.91409558378706 102.66666666666667 99.98790078644889
1836 1193 38 104.16031457955233 102.55958862673927 100.1609195402299
583 1188 29 221.72031076581575 87.02663706992232 96.41176470588235
656 1186 38 221.83242589231702 86.8227465214761 96.3847549909256
1125 1185 16 109.01892744479495 107.44479495268139 104.18296529968454
193 1177 3 126.84615384615385 118.76923076923077 116.23076923076924
474 1176 39 219.3163944343618 147.5124016938899 140.78826376285542
819 1173 31 243.8441098317095 158.3197519929141 135.58901682905227
1886 1170 11 160.58389261744966 155.73154362416108 143.92617449664428
852 1168 11 215.33557046979865 121.81879194630872 114.06040268456375
411 1166 17 161.70347003154575 84.18927444794953 101.59936908517349
1675 1165 19 105.29442970822281 103.39787798408487 101.20954907161803
2045 1163 23 189.6541598694943 118.51549755301795 123.89722675367048
1775 1164 24 104.5089722675367 103.05057096247961 100.25938009787929
1262 1161 30 218.42319127849356 147.68979187314173 140.38949454905847
1209 1161 16 107.27129337539432 106.18927444794953 102.93690851735015
896 1162 42 222.30443651198368 87.92044875063743 96.52218255991842
2105 1160 33 216.5505171042164 144.4749403341289 138.79077167859984
1102 1149 14 128.30456852791878 125.85279187817258 118.42131979695431
1470 1149 24 195.54486133768353 122.3915171288744 126.82055464926592
1154 1149 27 162.18820577164365 159.7590966122961 144.82810539523211
544 1148 17 161.52365930599368 83.87381703470031 100.89589905362776
1862 1147 11 160.76510067114094 156.14093959731542 144.75838926174495
338 1146 47 193.73094170403587 121.53933958418263 125.96820220138606
1994 1146 24 124.5073409461664 120.84991843393149 115.03588907014682
1725 1144 19 105.06896551724138 103.34217506631299 100.89920424403182
1337 1144 32 194.93445527015058 123.03188662533216 126.90611160318866
970 1144 29 219.78357380688124 128.8157602663707 116.91120976692564
168 1143 5 108.48275862068965 100.72413793103448 100.55172413793103
740 1138 50 219.8206309819213 128.47465437788017 116.58560794044665
1633 1137 17 160.74447949526814 156.37223974763407 143.7665615141956
1542 1137 47 220.51569506726457 148.0909090909091 141.4101100693029
1823 1134 14 127.60406091370557 123.26903553299492 117.30964467005076
1931 1127 38 103.15426497277677 101.6182698124622 99.44101633393831
670 1126 17 215.7539432176656 145.92429022082018 139.2365930599369
150 1122 3 123.23076923076924 116.38461538461539 115.30769230769232
1048 1121 40 104.87785833798104 105.02677077523704 100.93251533742333
935 1115 11 161.74496644295303 158.1275167785235 144.10738255033556
423 1112 33 160.94033412887828 83.1678599840891 100.81066030230708
142 1112 3 124.84615384615385 119.15384615384616 120.30769230769232
1214 1109 26 162.81179422835632 84.633626097867 102.0401505646173
836 1104 34 242.88385043754974 158.38106603023073 135.66984884645984
2118 1101 16 157.87066246056781 82.53312302839116 99.97160883280756
1680 1100 34 124.70485282418457 121.48369132856007 115.3365155131265
1173 1100 14 107.51776649746192 106.37055837563452 102.78680203045684
512 1101 37 193.8905735003296 122.614370468029 126.64930784442979
1411 1099 42 125.9020907700153 123.16879143294238 116.25140234574198
2100 1097 9 149.85185185185185 82.98765432098764 97.79012345679011
1983 1098 17 216.09148264984228 144.53627760252365 139.08832807570977
376 1097 12 162.53691275167785 158.3221476510067 145.18120805369128
601 1097 47 216.78108438646555 146.498980839788 139.6877293110477
1616 1094 22 194.5633270321361 121.83553875236295 126.3289224952741
1859 1092 31 124.98228520814881 121.79627989371126 115.44552701505758
1276 1091 33 161.94272076372314 84.08750994431186 101.53062848050915
302 1091 12 162.3020134228188 157.8926174496644 145.39597315436242
2051 1089 45 160.4180865006553 82.32066404543468 100.17256443861949
1767 1090 46 161.17162657969834 157.13615980432124 143.9665715450469
1343 1089 17 106.58990536277602 105.59936908517349 102.37223974763407
1118 1088 30 126.25668979187314 124.68979187314171 116.04856293359762
900 1086 22 220.58601134215502 88.19659735349717 96.82608695652173
459 1080 12 163.1208053691275 158.6778523489933 145.83221476510067
678 1078 19 162.49602122015915 85.52519893899203 102.52785145888593
1492 1073 25 105.92524682651622 104.77291960507758 101.81100141043723
1911 1071 11 161.28859060402684 156.7785234899329 144.86577181208054
974 1068 38 161.70659407138538 159.989110707804 144.27041742286752
408 1063 17 106.1198738170347 104.65615141955836 102.2018927444795
1064 1058 20 106.28798185941044 106.26303854875283 102.22902494331066
2110 1057 18 124.50663129973474 120.93633952254642 115.16180371352785
340 1055 36 161.8991430454845 158.01582069874752 144.42715886618325
1835 1052 12 108.496644295302 105.41610738255034 102.60402684563758
780 1052 36 104.60909690177982 104.68160843770599 100.92814765985497
717 1050 20 193.14285714285714 123.12698412698413 126.75510204081633
925 1047 9 163.8148148148148 161.2716049382716 146.33333333333331
1382 1045 9 165.60493827160494 162.4320987654321 147.72839506172838
1648 1044 23 164.00326264274062 85.31973898858075 103.09461663947798
1570 1042 43 162.988213107025 84.45450259311646 102.0961810466761
1451 1037 18 107.36870026525199 106.34217506631299 103.12201591511936
1328 1036 32 162.29406554472985 160.20194862710363 144.75730735163862
543 1034 30 106.0792864222002 105.13379583746283 101.8037661050545
1273 1032 18 127.9708222811671 125.15915119363395 117.45092838196285
1881 1029 27 162.80803011292346 84.75533249686323 102.32120451693851
1201 1029 48 193.11639406618488 122.9806009889692 126.58044883986307
1967 1025 47 214.56991439054218 143.3905421932328 137.77700774561762
2051 1023 17 189.993690851735 119.81703470031546 124.78548895899053
594 1023 16 161.69716088328076 158.18611987381703 144.3564668769716
1108 1021 34 162.15433571996817 161.0318217979316 144.70883054892602
865 1021 49 125.266260935717 123.24800304298212 115.33206542411564
1712 1015 37 217.55240606460117 145.09624258404745 139.11931443638758
656 1014 41 160.4125446200918 83.18663946965835 100.29372768995411
1027 1010 30 125.71952428146679 124.13577799801784 115.83349851337958
458 1010 49 106.09775580068468 105.33548877900343 102.11715481171548
2100 1008 24 104.70146818923328 103.1468189233279 100.69983686786297
1494 1008 32 162.20194862710363 158.72984942426928 144.67936226749336
381 1007 16 127.01892744479495 123.89589905362776 116.97476340694006
1815 992 41 193.15910249872516 121.31514533401327 125.67057623661398
795 992 18 215.25994694960212 146.22015915119363 139.16180371352783
332 991 19 104.6419098143236 103.89920424403182 101.24403183023873
1149 987 10 164.6637168141593 161.72566371681415 147.2920353982301
1633 983 34 217.67859984089102 144.618138424821 139.20525059665871
957 982 38 105.05747126436782 105.85904416212946 101.54930429522082
739 980 35 193.3525127458121 123.2476329206118 126.83102694828843
1068 980 13 162.0456852791878 159.96446700507613 144.98477157360404
1404 978 48 105.55344237352605 105.24229745150248 101.73830353746672
2042 974 30 158.5232903865213 155.25966303270565 142.0495540138751
1282 971 37 105.0197758734344 105.09030982201713 101.08833223467369
1897 966 34 160.89260143198092 83.52187748607797 100.97692919649961
1111 964 14 109.20812182741116 108.09137055837563 104.30456852791878
552 959 38 124.85480943738658 122.68239564428313 115.59588626739263
1508 957 11 111.38926174496645 109.30872483221476 106.63087248322148
2096 955 16 124.7192429022082 122.04100946372239 115.87066246056781
1338 954 13 128.37563451776649 126.0203045685279 118.58375634517766
1016 953 23 107.58564437194127 107.76019575856444 103.43066884176183
872 953 16 106.60252365930599 106.85804416403785 102.61198738170347
1557 951 38 124.79068360556565 122.14035087719299 115.27404718693286
625 950 26 105.6750313676286 105.83939774153073 102.34378920953576
1759 946 25 194.93229901269393 122.51904090267983 126.87165021156558
377 945 41 123.87404385517594 121.6134625191229 114.67057623661398
1699 945 27 162.8544542032622 84.9573400250941 102.57967377666247
1145 944 20 160.40136054421768 84.71655328798187 101.32879818594104
1849 941 17 163.48895899053628 86.24921135646687 103.6340694006309
1470 929 26 162.20200752823087 159.5771643663739 144.93726474278543
812 929 38 215.0399274047187 145.11494252873564 138.50998185117967
1975 929 42 123.31208567057624 120.70321264660888 114.21672616012239
1209 926 38 216.02601330913492 146.9987900786449 139.85117967332124
685 925 31 161.51372896368468 159.47387068201948 144.60673162090345
481 926 32 160.88662533215236 158.43312666076173 144.07617360496013
1513 924 9 162.9753086419753 159.04938271604937 145.8641975308642
912 923 28 161.1798002219756 160.19977802441733 144.43285238623753
1071 919 36 125.22544495715226 124.16348055372444 115.6578773895847
745 918 17 161.10725552050474 85.70031545741324 102.5615141955836
1422 913 13 109.24365482233502 108.3502538071066 104.76142131979695
1290 911 19 162.74270557029178 161.0 145.2917771883289
2068 909 28 103.27746947835739 102.59489456159822 99.79467258601554
1806 908 25 162.06770098730607 158.66008462623412 145.06346967559944
565 903 12 111.29530201342281 109.6510067114094 106.22818791946308
984 898 36 161.0072511535926 160.40936058009228 144.36585365853657
1635 895 49 124.47242297451503 121.66641308482313 114.95511601369343
1141 895 26 161.65119196988707 85.35257214554579 102.03764115432872
1355 893 38 163.01996370235935 161.51845130066548 145.81185722928012
749 886 13 160.83248730964465 158.7918781725888 144.04060913705584
435 886 19 124.87798408488062 122.6684350132626 115.49867374005305
1888 878 48 104.85355648535565 103.99581589958159 100.9007227082541
860 878 22 162.00189035916824 85.75614366729678 102.234404536862
1044 875 9 163.39506172839506 162.48148148148147 146.9012345679012
1745 875 41 103.68944416114228 102.60071392146864 99.63386027536971
526 872 32 160.60761736049602 158.5792736935341 143.76350752878653
386 868 30 104.54311199207136 104.50148662041624 100.91674925668978
1539 865 45 104.47750109217999 104.09174311926606 100.59807776321537
614 865 49 124.15252947888932 122.55192088246481 114.81551920882465
478 865 16 107.7192429022082 107.00946372239747 103.38485804416403
1444 859 38 126.06533575317606 123.90744101633395 116.23109497882639
1270 855 30 194.30327056491575 125.78097125867195 128.46778989098118
1691 851 14 107.52791878172587 105.96954314720811 103.00507614213197
2027 849 41 102.54156042835288 101.86129525752168 99.04079551249363
707 849 35 105.59504734158777 105.86962855061908 102.16533139111435
1957 846 22 105.58223062381853 105.13610586011342 101.86578449905483
1315 846 12 129.5704697986577 126.8993288590604 119.35570469798658
917 846 38 124.84089534180279 123.88626739261949 115.36297640653359
1023 843 21 125.36672967863895 124.48960302457468 115.81285444234405
1199 840 37 194.51153592617007 125.27422544495714 128.0731707317073
978 837 14 106.92893401015228 106.88832487309644 102.86802030456852
799 831 46 193.14186710150835 123.13656746840603 126.62168772931105
1105 830 46 103.66775377089279 105.20790868324501 100.78597635548309
1390 826 19 195.9840848806366 125.74270557029178 128.77188328912467
1604 825 23 105.3752039151713 104.69657422512235 101.46329526916803
1814 823 34 161.27128082736675 158.09785202863964 143.99045346062053
867 818 17 105.52681388012618 106.1577287066246 101.89274447949526
1038 808 9 162.29629629629628 162.06172839506172 146.33333333333331
1659 807 33 160.63723150357995 157.23150357995226 143.10660302307082
671 804 15 104.87351778656125 105.16205533596838 101.15415019762845
434 804 46 159.73420301671422 158.0835711373828 143.07745617611087
600 802 11 160.93959731543623 159.4496644295302 144.93288590604027
1739 798 29 123.98224195338513 121.83684794672587 114.74916759156493
1495 798 26 163.2810539523212 86.0539523212045 103.15181932245922
1903 797 31 123.1523472099203 121.10983170947742 113.96457041629762
1249 792 26 214.04140526976158 145.3939774153074 138.0426599749059
544 792 41 104.65119836817951 105.26619071902091 101.35288118306987
1331 781 45 163.32852774137177 86.15246832678025 103.07208387942333
983 782 37 103.08239947264336 104.95121951219511 100.2524719841793
1979 777 41 159.64558898521165 157.31004589495157 143.2044875063743
1562 776 31 162.7803365810452 85.25155004428699 102.68379096545615
1049 775 20 160.43537414965988 160.3673469387755 143.75736961451247
1856 772 15 106.06324110671936 105.06719367588931 102.18577075098814
1132 772 11 110.93288590604027 110.6510067114094 106.3221476510067
1426 771 39 215.1966122202057 144.8844525105868 138.20689655172416
728 769 37 161.094264996704 84.25708635464733 101.38167435728411
807 760 20 215.7641723356009 146.74603174603175 139.1360544217687
1183 760 40 160.5610708310095 160.6547685443391 144.01282766313443
1619 757 20 214.37868480725623 142.50566893424036 136.74149659863946
632 757 38 160.0 158.57773744706594 143.55535390199637
1734 753 7 165.87755102040816 162.46938775510202 149.53061224489795
891 752 45 161.4006116207951 160.52249890782002 144.42682394058542
1922 750 12 160.08053691275168 156.81208053691276 144.1006711409396
1879 733 28 103.2253052164262 103.06881243063263 100.02330743618202
1790 731 47 160.62005707297186 157.91846718304117 143.46636771300447
974 732 10 162.60176991150442 161.87610619469027 146.46902654867256
1432 730 11 175.48322147651007 144.54362416107384 134.4496644295302
1096 729 36 159.9063941990771 159.64469347396175 143.4739617666447
1506 727 35 194.54624908958485 123.32920611798981 127.1252731245448
1376 725 20 105.82312925170068 105.92290249433107 101.9092970521542
1259 723 35 124.63073561544064 124.12964311726148 115.17771303714494
1022 723 24 105.74225122349104 107.36541598694943 102.45024469820555
1681 722 42 104.01988781234064 103.63029066802652 100.22029576746559
475 719 39 122.90744101633395 121.80157289776166 113.82637628554144
689 716 21 124.87145557655955 123.26275992438563 115.74858223062382
1319 711 19 161.2944297082228 160.3050397877984 144.66047745358088
561 708 38 103.67271627344223 104.73442226255294 100.72353297035694
820 708 19 161.06366047745357 86.87002652519894 103.01326259946948
1877 704 11 105.06040268456375 103.67785234899328 99.38255033557047
1945 701 32 103.33835252435784 103.08857395925598 99.6058458813109
1437 693 34 160.2370723945903 158.5202863961814 143.59824980111378
1150 693 16 106.29022082018928 107.59305993690852 102.54574132492114
1588 693 46 215.56583774969425 144.15817366490012 137.83978801467592
1096 688 6 164.20408163265304 164.36734693877548 148.59183673469386
752 688 39 214.55898366606172 145.178463399879 138.01996370235935
1200 681 28 124.88901220865705 124.49500554938957 115.59711431742508
959 680 35 104.33940276766207 105.71595047341589 101.34741442097597
1096 677 10 161.5132743362832 160.79646017699116 145.27433628318585
897 672 16 213.49526813880126 145.84542586750788 138.3627760252366
631 672 36 123.49703361898483 122.00395517468687 114.34278180619643
693 668 18 105.13793103448275 104.6392572944297 101.33156498673739
1873 666 36 124.22412656558997 121.88529993408041 114.5794330916282
1739 657 34 159.50596658711217 157.35481304693715 143.0763723150358
1363 657 38 124.24682395644284 123.38415003024804 115.07017543859651
1290 654 30 103.23488602576809 104.94449950445986 100.51040634291377
577 653 15 159.4387351778656 158.17786561264822 142.8577075098814
1808 653 24 123.88743882544861 122.12398042414357 114.54323001631322
1512 651 34 195.25059665871123 124.18615751789977 127.71678599840891
1041 651 41 124.3421723610403 124.11371749107599 115.21366649668538
1933 648 17 107.56466876971608 106.92429022082018 103.52681388012618
1662 646 27 124.47427854454202 122.72020075282308 115.18695106649936
840 646 38 194.38838475499094 124.66424682395645 127.61101028433153
521 638 36 104.37244561634805 105.21951219512194 100.95715227422544
1607 627 13 126.03553299492384 123.88832487309644 116.82741116751268
1141 625 46 104.99103139013452 106.36037505095801 101.48471259682022
776 615 26 192.45796737766622 122.65244667503136 126.7879548306148
1900 614 16 158.05678233438485 156.16403785488959 142.48895899053628
1227 609 38 159.82395644283122 159.55293405928617 143.31094978826377
1775 604 20 104.79138321995465 104.59637188208617 101.25170068027211
1559 601 27 164.68130489335005 87.13048933500627 104.05897114178167
1440 601 42 163.64201937786845 87.27180010198879 104.03212646608874
993 600 19 191.57029177718832 123.83819628647214 127.09018567639257
1293 597 20 104.19274376417233 105.14285714285714 100.88888888888889
919 597 47 163.5617611088463 86.85976355483082 103.49531186302487
693 596 49 102.87751996957019 103.88436667934576 99.92658805629517
1697 594 27 159.24466750313675 157.30112923462985 142.94604767879548
590 594 38 158.43375680580763 157.56261343012704 142.39261947973384
1841 589 42 102.60581336053035 102.94747577766447 99.47016828148904
1513 587 17 193.79179810725552 123.66561514195583 126.93059936908517
844 582 21 213.5897920604915 144.6578449905482 137.97353497164463
1356 574 37 214.28279499011205 145.17732366512854 138.2399472643375
1620 572 36 102.63348714568225 103.13909030982201 99.55174686882003
1067 569 34 193.17979315831346 124.44630071599046 127.33174224343676
1474 543 17 165.4826498422713 89.36908517350157 106.28706624605678
1195 542 23 163.93964110929855 88.26264274061991 104.49592169657423
784 542 39 159.35632183908046 158.6073805202662 142.97761645493043
1675 532 28 123.73917869034406 122.25749167591565 114.44284128745838
991 532 40 214.70440602342444 145.92303402119353 138.66034578918016
639 532 28 102.22752497225305 103.29189789123197 99.28967813540511
1759 531 48 122.97413465195892 121.20197793837961 113.89996196272347
856 532 19 104.61538461538461 105.28381962864721 101.315649867374
1539 527 46 158.11373827965755 156.91846718304117 142.14920505503466
1415 528 30 213.82061446977204 144.61546085232902 138.0406342913776
1129 523 38 213.22383545069573 145.0042347247429 137.85964912280704
1271 512 48 193.8885507797642 124.69265880562952 127.6124001521491
1058 503 24 164.42740619902122 88.38988580750409 104.6704730831974
1468 501 20 104.79591836734694 105.29705215419501 101.59183673469389
708 500 38 122.73018753781005 121.71264367816093 113.90018148820327
1354 499 26 163.57841907151817 87.5759096612296 103.93475533249685
910 498 40 123.74511991076409 122.90686001115449 114.62465142219745
1411 495 10 172.15929203539824 147.87610619469027 137.60176991150442
1624 485 36 101.7237969676994 102.77719182597231 99.04812129202372
1192 476 27 163.5056461731493 87.83563362609786 104.50439146800501
1744 469 10 128.27433628318585 125.3716814159292 119.13274336283186
980 470 17 161.05362776025237 160.05047318611986 144.21135646687696
834 469 38 102.41318814277072 103.55716878402905 99.59467634603752
1692 469 31 158.674047829938 156.88662533215236 142.91319751992916
1027 466 18 126.6604774535809 124.9655172413793 116.92307692307692
1096 463 18 212.2944297082228 144.05305039787797 137.3076923076923
1534 459 14 106.1218274111675 105.5228426395939 102.21827411167511
1406 457 36 159.5234014502307 158.57020435069214 143.2834541858932
1483 449 27 123.87578419071517 122.76662484316185 114.37641154328732
761 449 27 160.77791718946045 159.633626097867 144.0238393977415
945 439 20 103.80272108843538 104.90249433106577 100.66666666666667
1063 438 18 103.81697612732096 104.6445623342175 100.26259946949601
1321 436 37 124.87079762689518 123.92946605141726 115.32564271588662
1240 428 37 159.91430454845087 159.02175346077783 143.53394858272907
1648 425 21 101.79584120982987 102.43856332703214 98.99810964083176
1576 418 37 122.295978905735 121.27949901120631 113.24522083058667
1142 414 41 102.94237633860276 104.26619071902091 99.88424273329935
1442 410 12 159.93959731543623 158.4228187919463 143.93959731543623
815 407 18 124.59151193633951 123.75596816976126 115.6896551724138
1076 404 15 158.73517786561263 158.32411067193675 143.2490118577075
889 398 45 101.30974224552206 103.05460899956313 98.69418960244649
1007 392 46 122.92050550346515 122.42030167142275 114.07174887892377
1391 383 33 102.83691328560064 103.93874303898171 100.05250596658712
1494 380 38 101.9576527525711 102.80943738656988 99.01149425287358
1550 369 13 126.22842639593908 125.12690355329948 118.46700507614213
1203 359 31 123.48627103631533 122.86005314437556 114.57661647475642
941 359 18 159.78514588859414 158.86472148541114 143.70557029177718
1150 357 12 127.06711409395973 125.61744966442953 117.87248322147651
1308 340 52 101.89436854381873 103.4495168277241 99.28423858713762
1438 340 19 159.02917771883287 157.88594164456234 142.67904509283818
1086 336 42 159.82304946455892 159.2942376338603 143.69607343192249
1385 322 15 125.05928853754939 123.53359683794466 115.56521739130434
1019 323 21 104.42155009451795 105.3913043478261 101.19659735349717
1234 310 18 159.9602122015915 159.0159151193634 144.0291777188329
1163 311 27 103.40276035131744 104.67754077791719 100.56963613550815
1200 104 2 159.60000000000002 161.4 159.0
1201 99 2 155.60000000000002 158.4 157.0
