1260 2302 4 152.6923076923077 148.23076923076923 148.0
1254 2301 2 160.0 155.60000000000002 155.20000000000002
1339 2077 13 224.6700507614213 163.69035532994923 119.02538071065989
1289 2073 28 226.54273029966703 164.07436182019978 117.64816870144284
1235 2067 19 225.40583554376656 163.21750663129973 117.22015915119363
1386 2067 18 115.49602122015915 160.83289124668434 129.68435013262598
1006 2059 18 172.15649867374003 157.289124668435 111.05305039787798
1170 2057 40 225.06469604015618 162.54266592303404 116.05967651979923
1073 2048 40 171.62409369771333 156.7250418293363 110.60959286112661
1504 2042 18 174.9045092838196 131.55172413793102 103.77718832891246
1439 2037 37 194.47264337508238 148.89518787079763 111.74291364535266
922 2030 28 193.33740288568256 148.18201997780244 111.34073251942287
1335 2021 38 114.89171203871749 160.65214761040534 129.05081669691472
1121 2013 12 172.69127516778522 157.91946308724832 113.85234899328859
864 2007 23 193.63132137030996 148.45513866231647 111.62479608482872
999 1994 40 173.3887339654211 129.66146123814835 101.10206358059119
1544 1985 55 194.62657670871224 148.77442065121735 111.73716632443532
1246 1985 53 225.89093175444063 163.13337488314116 116.97880959800561
1468 1984 14 194.65989847715736 148.66497461928932 112.35532994923857
1077 1978 23 172.63458401305058 157.85318107667212 111.56117455138663
1402 1975 29 194.17536071032185 148.79578246392896 112.3984461709212
803 1969 40 223.64807585052986 160.83268265476855 115.33463469046292
1310 1963 12 172.9731543624161 156.43624161073825 113.39597315436241
1145 1962 37 172.01582069874752 156.60250494396834 110.57218193803558
1649 1954 40 226.01394311210262 163.7791411042945 118.20803123257112
1349 1949 22 173.78827977315692 157.97542533081287 113.17391304347827
1040 1940 24 195.53833605220228 150.29037520391518 112.87928221859707
983 1933 19 194.87002652519894 149.57294429708222 112.6445623342175
901 1930 55 194.33440891757112 148.55910824288648 111.11029627456732
742 1928 24 224.5742251223491 162.82381729200654 117.14518760195759
1457 1926 38 196.58620689655174 150.50816696914703 112.91530550514217
1710 1923 24 171.81076672104405 156.32952691680262 111.40456769983687
1387 1922 18 194.9442970822281 149.14323607427056 112.27586206896551
1193 1914 25 195.7080394922426 150.15373765867417 112.7771509167842
1529 1910 15 173.2490118577075 130.11067193675888 102.97233201581027
1300 1896 45 241.18610747051113 128.79335954565312 114.28396679772827
1756 1892 22 171.2646502835539 155.84499054820415 111.62381852551985
1102 1890 41 172.3768485466599 157.26262111167773 110.91126976032638
1647 1888 16 224.3249211356467 162.42271293375393 117.85804416403785
1583 1887 36 225.9986816084377 163.75939353988133 118.32432432432431
1230 1885 14 195.60913705583755 150.243654822335 113.1472081218274
795 1881 40 225.00446179587286 161.89737869492473 115.83435582822086
1162 1877 15 116.73517786561264 162.9486166007905 130.93675889328063
1013 1877 36 195.68490441661172 149.9452867501648 112.45352669742913
673 1878 53 172.35244624493612 128.75444063571206 100.50233717669056
1508 1864 29 171.8379578246393 156.11431742508324 111.60044395116537
1383 1862 36 196.57745550428476 150.56361239288069 112.78642056690836
1448 1861 20 195.81632653061226 149.88662131519274 113.04308390022676
1695 1860 36 171.09492419248517 155.80290046143705 111.57613711272246
1198 1854 23 196.15823817292008 150.63132137030996 113.05872756933117
943 1851 27 194.19322459222082 148.39648682559599 111.21580928481806
583 1843 28 194.3840177580466 149.4661487236404 113.21198668146504
1630 1838 25 224.38504936530325 162.44710860366715 117.3638928067701
1801 1836 40 171.45343000557725 156.25878416062466 111.1249302844395
1064 1828 23 135.84176182707995 176.94290375203917 136.08809135399673
865 1828 41 240.1789903110658 127.31259561448242 112.87965323814382
747 1826 27 224.85069008782935 161.82810539523211 115.60476787954829
1737 1820 14 170.55329949238578 154.9492385786802 111.36548223350253
1265 1818 31 226.57218777679364 163.20903454384413 116.95837023914969
1138 1812 40 135.30228667038483 176.44227551589515 135.6073619631902
1330 1811 29 196.8712541620422 150.78357380688124 113.4250832408435
800 1809 21 224.80340264650283 161.56899810964083 116.0359168241966
691 1809 14 194.80203045685278 149.88832487309642 112.71065989847715
1562 1807 37 225.3117996044825 162.28543177323664 116.4067237969677
1207 1806 13 225.61421319796952 162.91878172588832 117.6446700507614
1386 1801 18 197.41909814323606 151.3368700265252 113.6445623342175
1688 1796 26 239.03136762860726 127.9560853199498 114.20075282308656
631 1789 36 194.1529334212261 148.48055372445614 111.69742913645352
931 1789 22 219.08128544423442 162.24007561436673 135.37996219281663
1002 1784 41 153.9362570117287 148.40795512493628 137.50076491585926
1630 1781 25 224.40197461212975 161.94922425952043 117.00282087447108
1462 1781 48 113.88969189806011 160.47812856599467 128.94903004944845
1755 1775 24 224.90864600326265 162.79934747145188 118.08646003262643
1077 1774 24 134.73083197389886 175.69983686786298 135.45187601957585
547 1770 40 169.41773563859454 153.63970998326826 109.56887897378695
1294 1769 22 196.6880907372401 151.0321361058601 114.42533081285444
827 1760 26 218.25470514429108 161.75031367628605 134.75658720200752
782 1757 11 193.65771812080536 150.03355704697987 115.11409395973155
1797 1755 11 173.20805369127515 131.50335570469798 105.64429530201342
1591 1753 15 224.96442687747034 162.39525691699603 117.10671936758892
1867 1752 53 222.88937363664692 160.62168899968836 115.74041757556871
1756 1750 12 191.27516778523488 142.40268456375838 105.5503355704698
1226 1748 39 219.74954627949185 163.25529340592863 135.86327888687237
1042 1743 16 196.87381703470032 151.46687697160883 113.91167192429022
715 1742 49 196.61658425256752 150.69874476987448 112.7485736021301
1165 1741 17 154.73501577287067 148.79179810725552 137.69085173501577
1541 1738 28 172.12208657047725 156.72253052164262 111.4694783573807
1371 1734 41 196.43090260071392 150.5772565017848 113.14992350841408
895 1733 39 219.69570477918938 162.46521476104056 135.53297035692682
1620 1730 16 224.80757097791798 163.62776025236593 118.49211356466877
962 1731 19 219.67639257294428 162.55702917771882 135.79045092838194
1673 1729 35 194.88128186453022 149.81281864530226 112.79024034959943
623 1727 14 171.0 155.20304568527916 111.94416243654821
1942 1719 23 222.7830342577488 161.13213703099512 116.74877650897227
488 1718 29 223.59822419533853 160.83351831298557 116.0
1757 1708 41 195.85364609892912 150.76542580316166 113.69148393676696
585 1708 21 114.32325141776938 158.35349716446126 128.13610586011342
1017 1704 28 173.3196448390677 129.19977802441733 100.6803551609323
1183 1699 15 226.36363636363635 164.0079051383399 117.8498023715415
1303 1697 29 153.24528301886792 147.8834628190899 137.27524972253053
1108 1698 50 171.31371853952498 156.50514002126906 110.29634881247785
1442 1697 29 196.21198668146505 151.0677025527192 114.24861265260822
1973 1688 10 174.42477876106196 133.07079646017698 106.65486725663716
1246 1682 22 219.79962192816635 163.33081285444234 136.20982986767487
652 1681 32 170.65810451727194 154.98759964570417 110.73959255978743
806 1675 52 152.56481172942352 147.10263245584807 136.39520159946684
1611 1670 40 224.25934188510877 161.30340211935305 116.16341327384274
468 1670 19 223.19893899204243 160.16710875331563 115.17506631299734
884 1667 17 153.4700315457413 146.76971608832807 136.18296529968453
1518 1666 38 170.87235329703572 155.6019358741682 110.55414398064127
1405 1667 11 198.37583892617448 153.48322147651007 116.1744966442953
717 1662 23 152.4388254486134 146.6721044045677 136.89070146818923
1827 1662 31 223.20903454384413 160.42426926483614 115.54561558901683
1366 1662 26 174.92471769134252 130.99121706398995 102.55332496863237
1697 1661 29 195.88013318534962 150.61820199778026 113.7780244173141
956 1660 38 225.48759830611013 162.12341197822144 116.18995765275258
537 1657 41 223.07445181030087 160.6119326874044 115.40030596634371
1907 1657 41 221.3717491075982 159.33197348291688 115.1478837327894
1458 1648 15 196.23715415019763 151.16205533596838 114.41106719367588
603 1641 21 237.64272211720228 125.1531190926276 111.71833648393195
1192 1640 38 225.59951603145797 162.6225045372051 116.3448275862069
1038 1636 32 197.12223206377325 151.4012400354296 113.34720992028345
1769 1635 22 112.65406427221173 156.85444234404537 126.9281663516068
1996 1632 42 170.29882712901582 128.08975012748598 101.0464048954615
886 1632 24 198.13703099510604 151.92495921696576 113.71615008156607
1246 1628 11 173.0 157.59060402684563 113.52348993288591
1300 1624 37 151.89848384970335 147.48780487804876 136.4475939353988
1654 1620 22 197.3100189035917 152.07372400756145 115.01701323251419
746 1613 29 133.9134295227525 174.1875693673696 134.58157602663707
668 1607 39 134.05263157894737 174.1391409558379 134.59830611010287
1484 1604 24 171.86133768352366 156.7194127243067 111.86623164763459
1415 1601 39 225.34906231094982 162.1500302480339 116.4519056261343
1107 1599 37 113.58404746209624 160.60711931443637 128.71456822676333
834 1599 27 197.50941028858216 151.3651191969887 113.23212045169385
1353 1595 15 151.02371541501975 146.83399209486166 136.01581027667984
451 1594 54 196.40448737924586 150.4144593331256 112.83047678404488
1821 1586 35 223.16533139111436 160.85214857975237 116.01529497450838
1249 1586 23 171.53181076672107 157.22512234910278 111.1305057096248
537 1586 18 222.79045092838194 159.53846153846152 115.13262599469495
991 1584 36 225.69215557020433 161.3889255108767 115.04416611733684
1722 1582 43 171.1235266383781 156.25365393682225 110.7916077322018
1208 1582 12 173.0201342281879 158.28859060402684 113.63758389261744
1899 1578 32 170.20194862710363 155.62444641275465 111.04517271922056
588 1579 33 217.00556881463802 160.49880668257757 134.09864757358793
1960 1576 16 192.73817034700315 149.14195583596214 113.54258675078864
1565 1577 54 239.72483639763166 126.16266749766282 112.78996572140854
1168 1571 23 171.87928221859707 157.30995106035888 111.53017944535074
1649 1570 22 196.68620037807185 151.81852551984878 115.234404536862
1053 1567 22 225.43100189035917 161.92627599243858 115.64650283553875
1459 1566 9 224.9753086419753 164.87654320987653 121.32098765432099
788 1561 23 172.1778140293638 156.3784665579119 111.12398042414357
904 1558 44 197.22159358793022 151.34700612918434 113.51815181518151
731 1559 16 170.77287066246058 155.29337539432177 111.26813880126183
837 1552 15 196.42687747035572 150.95256916996047 114.15415019762845
2034 1547 49 195.3119056675542 150.44731837200456 113.59984785089388
636 1547 17 216.47318611987382 159.29652996845425 134.3533123028391
518 1545 23 151.46982055464926 146.41598694942905 136.1451876019576
687 1540 22 224.23251417769376 160.61436672967864 115.4820415879017
1491 1540 24 225.2773246329527 161.8874388254486 116.47960848287113
1319 1538 53 112.11218448114677 159.6933624181988 127.67591149890931
377 1534 28 196.1054384017758 150.62597114317424 113.7025527192009
1219 1529 35 171.66715222141298 156.72177713037146 110.39839766933723
1863 1525 23 114.17455138662316 159.23327895595432 128.57585644371943
577 1525 23 151.4110929853181 145.9673735725938 135.89885807504078
1631 1524 15 174.01581027667984 130.73517786561263 103.1699604743083
1945 1522 35 195.62563729060452 151.63510560815732 114.70284049526585
1145 1520 26 170.80050188205772 156.24592220828103 110.35382685069008
999 1519 26 240.63613550815558 127.90589711417816 113.12797992471768
1422 1511 40 172.75013943112103 157.54266592303404 111.07361963190185
1678 1507 34 197.28639618138425 151.68416865552905 114.31503579952268
1072 1505 39 225.18027828191168 161.65335753176043 115.42286751361162
948 1497 23 198.33115823817292 152.326264274062 114.18923327895595
846 1496 33 197.45743834526652 151.59824980111378 113.84327764518696
1787 1494 52 223.3685438187271 160.8237254248584 115.89370209930024
448 1490 41 172.18306986231516 128.74502804691485 101.26568077511475
902 1489 15 195.58498023715413 150.61264822134387 114.16205533596838
1595 1488 26 224.07904642409034 161.04642409033875 116.2948557089084
1262 1488 15 172.66403162055335 157.95256916996047 112.48616600790513
641 1488 39 196.45009074410166 151.03629764065337 113.8203266787659
753 1484 53 173.9311311935182 130.00124649423495 101.5095045185416
528 1481 35 150.41150764748727 145.41806263656227 135.47705753823743
1127 1479 17 225.34700315457414 162.18611987381703 116.37223974763407
1521 1475 40 171.6397099832683 156.3909648633575 111.21081985499164
2089 1469 33 170.80429594272078 128.60938743038983 101.59745425616548
1719 1465 15 197.54150197628456 153.00395256916994 116.20553359683794
1633 1465 12 116.59060402684564 160.03355704697987 130.0201342281879
350 1464 36 196.18193803559654 150.83388266315094 113.58866183256426
2003 1464 33 170.44948289578363 156.0079554494829 111.71519490851233
1950 1461 15 194.72332015810275 150.9486166007905 114.60079051383399
1887 1460 41 195.53901070882205 150.8077511473738 113.78939316675167
1328 1460 15 218.47035573122528 161.92094861660078 134.69565217391303
1245 1458 15 224.18577075098813 161.41106719367588 116.14624505928853
1184 1456 38 225.978221415608 162.50514216575925 116.25650332728374
588 1456 23 150.39641109298532 145.7520391517129 135.5236541598695
1286 1454 19 217.84615384615384 161.88063660477454 135.43501326259945
680 1451 7 122.20408163265306 159.81632653061223 132.6734693877551
1451 1448 23 225.64437194127245 162.08482871125614 116.55138662316477
1006 1449 39 225.49122807017545 161.55898366606172 115.29945553539021
1245 1443 10 175.94690265486724 140.46017699115043 112.87610619469027
403 1441 15 170.33596837944663 128.0671936758893 101.59683794466403
1385 1433 37 172.00329597890573 157.01582069874752 110.92814765985497
826 1431 23 172.46492659053834 157.46492659053834 111.13866231647636
1590 1425 35 134.4151493080845 175.1580480699199 135.9337217771304
1822 1423 25 195.81241184767276 151.45698166431595 114.92242595204513
1684 1424 41 152.22539520652728 147.63844977052526 137.0861805201428
2111 1423 16 195.17350157728706 150.81072555205046 115.76340694006309
1753 1419 19 216.50928381962865 161.3103448275862 135.45358090185675
916 1420 43 171.94719471947195 157.13578500707214 110.48043375766149
699 1418 21 172.21928166351609 157.44612476370511 112.24385633270322
502 1416 15 112.74308300395256 156.2569169960474 126.55335968379445
1314 1413 26 219.4341279799247 163.49686323713925 136.68506900878293
336 1412 16 170.7602523659306 155.57728706624604 112.0
1246 1404 38 153.02419842710225 148.5922565033273 137.2377495462795
640 1404 31 171.20372010628876 156.56510186005315 110.78387953941541
1459 1404 22 199.0945179584121 153.85066162570888 115.99432892249527
448 1403 33 169.78918058870326 154.86714399363564 111.15035799522674
383 1401 22 171.90737240075615 156.53875236294897 111.80907372400756
1955 1399 33 171.05250596658712 156.3142402545744 111.9466984884646
1514 1399 23 217.8482871125612 161.33605220228387 135.22349102773248
1102 1396 52 172.63478840386537 157.73175608130623 110.89570143285572
2051 1396 42 169.7781744008159 154.75726670066294 110.59408465068843
1876 1392 23 195.278955954323 150.76019575856444 114.13376835236542
1183 1392 17 173.006309148265 130.391167192429 103.0757097791798
777 1390 31 172.70150575730736 158.0 111.90434012400354
1031 1387 12 174.9798657718121 160.05369127516778 114.71812080536913
1783 1387 15 216.55335968379444 161.33596837944663 135.84189723320156
559 1385 41 133.76695563488016 174.56756756756758 134.98878123406425
2116 1384 15 192.7470355731225 149.0909090909091 114.41501976284584
847 1382 23 171.55791190864602 156.83034257748778 111.17618270799348
1354 1381 18 239.19893899204243 127.07692307692307 113.40848806366047
986 1380 26 224.8456712672522 161.47302383939774 115.67126725219572
1740 1377 21 216.99810964083176 161.5671077504726 135.296786389414
1305 1374 16 153.2365930599369 148.10410094637223 137.04731861198738
500 1373 15 170.45454545454544 155.05533596837944 110.92094861660078
1552 1364 22 217.6540642722117 161.359168241966 135.2514177693762
1993 1361 15 113.69169960474308 156.23715415019763 127.38339920948616
890 1358 16 225.08201892744478 162.1198738170347 116.30283911671924
395 1356 17 171.22712933753942 155.82965299684543 112.47318611987382
328 1356 36 170.19446275543834 155.41133816743573 110.90309822017139
703 1355 37 111.48714568226762 158.6130520764667 127.32630191166776
1699 1349 23 174.15986949429038 131.49755301794454 103.83034257748777
935 1348 26 239.5194479297365 126.13550815558342 112.10037641154328
1623 1346 40 171.53151143335194 157.09648633575014 111.38594534300056
1414 1347 38 172.50514216575925 157.97882637628555 111.42589231699941
1829 1345 38 151.82637628554144 147.41318814277074 136.6690865093769
629 1344 23 133.49265905383362 174.44045676998368 135.3083197389886
1503 1340 34 151.77326968973748 147.4431185361973 136.33890214797137
443 1341 23 223.82055464926592 161.31973898858075 116.23654159869494
1917 1339 29 170.4661487236404 155.73140954495005 109.95671476137625
799 1339 24 225.32789559543232 162.25611745513868 117.09461663947798
2035 1337 12 171.04697986577182 155.53691275167785 113.04026845637584
1339 1331 25 226.6163610719323 163.76586741889986 117.47249647390692
851 1331 23 224.2446982055465 160.66068515497554 115.31647634584013
1188 1328 37 111.82860909690177 159.4475939353988 127.55174686882003
1754 1325 25 223.7997179125529 161.6191819464034 117.09449929478139
1559 1324 15 223.8893280632411 161.7588932806324 117.11462450592884
1270 1324 35 197.37072104879826 152.18718135469774 114.30517115804808
1087 1324 14 224.5228426395939 162.26395939086294 117.08121827411166
1072 1323 7 179.79591836734693 147.77551020408163 112.0408163265306
507 1322 35 223.7851420247633 160.37654770575384 114.6518572469046
1031 1320 38 171.27949183303087 157.1923774954628 110.62734422262554
968 1318 15 197.33596837944663 152.46245059288538 115.36363636363636
580 1311 27 216.1957340025094 160.57967377666247 134.63488080301127
1558 1308 9 190.88888888888889 144.5679012345679 108.59259259259258
2098 1305 53 169.73543159862885 155.06637581801184 111.32221875973823
1984 1301 39 221.39080459770116 159.57894736842107 115.73623714458562
1699 1295 25 196.79266572637516 152.13258110014104 115.21579689703808
1120 1294 23 218.19738988580752 162.99184339314846 136.10766721044047
393 1292 40 223.12827663134414 160.30284439486894 115.54935861684329
1386 1290 15 224.42687747035572 161.64426877470353 115.70750988142292
453 1290 17 237.01577287066246 126.82334384858044 113.69400630914826
1506 1289 9 120.44444444444444 160.7037037037037 132.06172839506172
1825 1286 16 150.34069400630915 146.07570977917982 135.46372239747635
311 1285 27 111.42659974905897 156.12923462986197 126.42910915934755
980 1282 19 197.368700265252 152.9708222811671 115.53580901856763
752 1281 38 239.47247428917123 127.3176043557169 113.79128856624321
823 1280 22 224.19281663516068 161.03969754253308 115.8015122873346
492 1270 11 196.55704697986576 152.95302013422818 117.02684563758389
1554 1268 39 197.28917120387177 152.54627949183305 115.22141560798549
902 1268 53 224.61545652851356 161.45060766593954 116.01682767217201
1640 1265 32 171.87953941541187 157.09831709477413 111.17271922054917
1187 1265 12 171.8926174496644 158.3489932885906 112.24832214765101
1152 1264 14 217.23350253807104 163.08629441624365 136.98477157360406
1336 1263 36 225.6104152933421 162.00197758734342 115.70468029004613
2033 1261 15 171.76284584980235 156.56521739130434 113.10276679841897
1234 1258 28 171.67924528301887 158.20532741398446 111.20199778024417
651 1258 53 216.16266749766282 160.65503272047366 134.79245870987847
1069 1258 32 133.38441098317097 176.25509300265722 135.6979627989371
1766 1253 37 172.0843770599868 128.9578114700066 101.11074489123268
1882 1252 52 132.8707097634122 173.1086304565145 134.77307564145286
1446 1252 53 134.174509192895 175.8186350888127 135.96540978497976
546 1250 35 196.82665695557176 152.21121631463947 114.43481427530955
2262 1238 2 128.20000000000002 118.2 122.4
1117 1239 11 113.43624161073825 156.9731543624161 127.0738255033557
1693 1231 26 171.5897114178168 156.96361355081555 111.67377666248431
1379 1227 13 223.7715736040609 162.497461928934 118.32994923857868
456 1227 34 170.51551312649164 156.16070007955452 110.56324582338902
1593 1224 12 196.21476510067114 152.18120805369128 116.20134228187919
1282 1222 24 239.20717781402936 126.30668841761828 112.41761827079935
2226 1221 3 125.53846153846155 116.38461538461539 117.38461538461539
1000 1219 42 151.60020397756247 148.4105048444671 136.01988781234064
740 1219 23 223.49265905383362 160.69331158238174 115.87438825448613
588 1219 14 152.3451776649746 148.3197969543147 137.12690355329948
2059 1218 25 151.9308885754584 147.23836389280677 137.24682651622004
1980 1217 32 215.04517271922055 159.96634189548274 134.85385296722765
1818 1217 15 170.33201581027666 155.31225296442688 112.0592885375494
1650 1214 13 172.1522842639594 157.38071065989845 113.5989847715736
1240 1209 11 173.80536912751677 160.53691275167785 114.60402684563758
808 1210 42 196.38041815400308 152.12085670576238 114.52830188679246
2239 1205 5 108.06896551724138 101.13793103448276 102.34482758620689
2118 1204 39 132.22141560798548 171.01330913490625 134.20992135511193
115 1204 4 153.0769230769231 153.0 152.76923076923077
119 1203 4 123.53846153846155 122.30769230769232 119.6923076923077
348 1201 54 222.65440947335617 159.5846057961982 114.87129947023995
1396 1200 10 223.87610619469027 163.0 119.3716814159292
1731 1199 14 171.2233502538071 156.51269035532994 112.54314720812182
506 1199 18 195.41114058355436 151.6392572944297 115.15119363395225
2336 1196 2 151.8 146.4 151.0
875 1196 16 195.93375394321765 151.8391167192429 114.93059936908517
113 1195 2 164.0 164.8 168.0
1173 1194 50 171.99503722084367 158.6699751861042 110.44452321871677
2331 1188 4 152.6153846153846 149.6153846153846 151.23076923076923
1671 1188 12 116.03355704697987 159.11409395973155 129.39597315436242
1083 1188 27 172.70890840652444 159.6587202007528 111.1104140526976
1533 1187 35 171.0582665695557 156.63874726875457 111.12891478514203
928 1186 21 217.2022684310019 161.72589792060492 135.0
1776 1184 26 171.534504391468 157.22961104140526 112.18820577164365
1345 1183 34 224.49482895783612 161.3587907716786 116.05568814638028
550 1178 27 151.45671267252195 148.01003764115433 136.11292346298617
1473 1174 17 111.30599369085174 157.5173501577287 126.65930599369085
619 1174 34 150.45505171042166 147.19013524264122 135.47971360381862
2026 1172 22 151.234404536862 146.97164461247638 136.8015122873346
1617 1171 36 172.23137771918257 157.64864864864865 111.61371127224785
475 1170 15 171.86561264822134 158.16600790513834 111.91304347826086
429 1171 20 171.6326530612245 157.54875283446714 111.79818594104309
2067 1169 14 213.05076142131978 159.2233502538071 134.9492385786802
1842 1166 34 171.43277645186953 156.6801909307876 111.16308671439937
705 1164 38 223.39927404718696 161.162129461585 115.89776164549305
1263 1161 38 197.03387779794315 152.77011494252875 114.59528130671507
1930 1159 39 221.74531155474895 159.16031457955233 115.26194797338174
505 1155 16 133.49842271293375 175.15457413249212 135.66561514195584
765 1154 19 239.48275862068965 128.342175066313 113.89920424403182
1987 1148 11 195.38255033557047 152.41610738255034 117.79865771812081
1415 1147 37 217.83520105471322 161.93605800922873 135.7336849044166
879 1142 35 153.0954115076475 149.94246176256374 137.3714493809177
393 1140 15 215.44664031620553 160.3794466403162 134.61264822134387
2129 1139 24 169.9494290375204 155.7504078303426 112.03425774877651
951 1138 26 216.59096612296108 162.58343789209533 135.70514429109159
578 1138 11 153.61073825503357 149.73825503355704 138.37583892617448
1107 1138 21 171.6351606805293 158.89413988657844 110.70888468809073
814 1134 21 112.20037807183365 160.64650283553877 128.46691871455576
1028 1133 44 196.72324375294673 153.11881188118812 114.8962753418199
1794 1129 19 171.6259946949602 157.05305039787797 112.52519893899203
1561 1128 22 171.11720226843101 156.62003780718337 111.46124763705104
1320 1127 19 198.06896551724137 153.87002652519894 115.9442970822281
244 1126 2 123.4 115.0 111.2
1710 1124 53 171.75132440012464 157.1919601121845 111.91056403864133
651 1122 13 197.23857868020303 153.9035532994924 116.94416243654821
241 1122 2 120.60000000000001 113.80000000000001 111.60000000000001
317 1120 23 216.29037520391518 160.2920065252855 134.64110929853183
1207 1118 23 172.82381729200654 159.99510603588908 111.43230016313214
1371 1115 20 153.9387755102041 149.84807256235828 138.3469387755102
2059 1115 37 170.52208305866841 156.1713909030982 111.89189189189189
1492 1114 34 224.8727128082737 161.4964200477327 115.75894988066827
1153 1115 23 173.77814029363785 160.75530179445352 111.43066884176183
534 1113 29 133.2219755826859 174.9167591564928 135.73473917869035
234 1113 2 121.0 114.2 113.2
454 1112 38 111.65940713853601 159.23411978221418 127.65033272837266
1879 1111 25 222.46544428772918 160.62200282087446 117.04231311706629
1835 1110 15 171.07114624505928 156.50197628458497 112.52569169960474
1414 1107 11 166.36241610738256 142.78523489932886 127.24832214765101
1986 1100 26 172.28983688833122 157.8720200752823 112.83437892095357
2130 1100 10 170.1858407079646 156.16814159292036 115.91150442477876
219 1093 5 110.82758620689656 106.41379310344827 105.6551724137931
767 1090 38 223.31578947368422 161.33514821536602 115.52510586811859
375 1089 35 216.54552075746543 161.18718135469774 134.97450837581937
688 1089 31 196.36049601417184 152.49955713020373 114.76350752878653
1617 1087 38 172.32002419842712 157.8408953418028 111.91954022988507
964 1086 23 223.79934747145188 162.08972267536706 116.3752039151713
1544 1083 17 238.9211356466877 127.8359621451104 114.18296529968454
1930 1082 24 113.75856443719414 158.7830342577488 128.44861337683525
908 1083 22 151.04725897920605 148.47448015122873 135.94896030245746
1412 1080 27 152.70388958594728 148.95232120451692 137.54454203262233
1339 1079 18 199.80636604774534 155.52785145888592 116.9867374005305
845 1079 30 111.05252725470763 160.85133795837461 127.98414271555995
602 1078 39 195.9134906231095 151.75862068965517 114.18451300665458
1278 1075 37 171.81410678971653 130.05207646671062 101.96242584047461
1792 1068 35 112.87108521485798 159.82811361981064 128.55426074289878
1007 1063 23 198.45350734094617 154.78792822185972 116.00652528548125
1098 1062 42 171.5053544110148 129.8867924528302 101.42835288118307
315 1060 25 214.4033850493653 159.02397743300423 134.12270803949224
2111 1060 30 236.00891972249752 126.98414271555995 114.37066402378592
1189 1057 35 110.08885651857247 160.20903131828115 127.0939548434086
885 1049 13 136.75634517766497 178.03553299492384 137.93401015228426
808 1048 8 118.69135802469135 161.5432098765432 130.85185185185185
1877 1047 33 171.09148766905332 156.73587907716788 111.43277645186953
1679 1043 22 224.0586011342155 161.79395085066162 117.10207939508507
2023 1040 35 171.075018208303 156.78295702840495 111.80772032046613
1731 1040 22 224.1436672967864 161.6843100189036 116.52551984877127
1469 1038 38 224.24077434966728 161.9697519661222 116.47489413188144
659 1035 23 197.09135399673735 153.53344208809136 115.4926590538336
1583 1033 11 173.76510067114094 158.93959731543623 115.69127516778524
1414 1034 9 118.12345679012346 160.8148148148148 130.80246913580245
1536 1031 23 224.62479608482872 162.38499184339315 117.605220228385
426 1032 28 171.02108768035515 157.322974472808 111.54273029966704
785 1030 20 223.69387755102042 161.6439909297052 115.71201814058958
512 1028 49 170.65157854697605 156.93761886648917 110.22594142259415
1619 1027 13 171.90862944162436 157.38578680203045 113.99492385786802
1949 1025 32 170.28343666961914 156.2382639503986 111.57750221434898
1368 1025 34 152.3293556085919 149.36754176610978 136.81225139220368
945 1023 38 239.03145795523292 129.0332728372656 114.06654567453117
724 1020 36 196.5135135135135 152.78378378378378 114.61107448912325
1307 1019 16 172.33753943217664 131.2334384858044 103.55205047318611
1247 1012 24 172.52691680261012 159.35562805872758 111.24796084828712
1809 1007 22 195.34971644612477 151.11153119092629 114.28922495274102
1766 1004 13 196.53299492385784 152.3197969543147 115.90862944162436
1040 1004 32 224.28077945084146 163.00620017714792 116.53055801594331
1200 1002 14 110.8984771573604 155.97969543147207 125.46192893401015
360 999 39 222.75075620084695 160.53901996370237 115.90683605565638
1653 998 21 224.08695652173913 162.14744801512288 117.54442344045368
604 992 38 197.118572292801 153.24137931034485 115.01270417422869
1414 990 24 133.69983686786298 175.79445350734096 136.61337683523655
848 990 52 215.52715761412864 161.44718427190938 134.55781406197934
672 987 17 172.21766561514195 130.62776025236593 102.40378548895899
1712 987 36 197.4014502307185 152.91760052735663 115.5794330916282
2080 985 35 221.4981791697014 160.2396212672979 116.39621267297889
2019 984 12 219.31543624161074 159.40939597315435 116.30872483221476
1502 979 24 224.4045676998369 162.0962479608483 116.5089722675367
2020 975 10 190.35398230088495 140.07079646017698 103.24778761061947
447 974 25 170.90267983074753 157.57545839210155 111.5049365303244
1132 970 52 223.91636121292902 162.31089636787738 115.82139286904365
921 969 15 222.9288537549407 162.57707509881422 117.81422924901185
1969 969 21 195.46313799621927 151.74669187145557 115.03213610586012
548 968 13 114.3248730964467 158.91370558375633 128.46192893401013
1224 965 23 172.3458401305057 159.89233278955956 110.69494290375205
1581 962 49 110.94180296690757 158.58425256751616 126.95283377710156
1297 962 39 197.2159709618875 153.22988505747128 114.85238959467635
979 961 26 195.86825595984942 152.8306148055207 115.13425345043913
1877 960 52 195.69976674441853 151.3842052649117 114.19026991003
1371 959 24 133.13539967373572 175.85644371941274 135.9820554649266
2023 957 18 189.3607427055703 146.9708222811671 112.05570291777188
1659 957 15 224.27667984189722 162.1581027667984 117.52569169960474
760 952 35 238.5185724690459 128.84559359067737 113.93736343772761
1785 945 33 197.11058074781226 152.8560063643596 115.88862370723946
630 946 11 195.59731543624162 153.3020134228188 116.81208053691275
1041 941 22 109.9905482041588 158.92438563327033 126.45179584120983
1511 937 9 118.06172839506172 162.07407407407408 131.37037037037035
565 935 19 196.80106100795754 153.23342175066313 115.54111405835543
343 931 25 171.6361071932299 129.9802538787024 102.97602256699577
685 928 38 222.81790683605567 160.9879007864489 115.42347247428918
998 923 10 195.20353982300884 154.0353982300885 118.1858407079646
1449 922 39 216.42710223835454 161.2873563218391 134.80701754385967
501 922 40 171.26547685443393 157.79308421639712 110.46346904629114
1636 921 10 224.30973451327432 165.929203539823 122.2566371681416
409 922 36 238.2201713909031 128.43045484508897 114.2412656558998
2016 918 10 194.90265486725664 153.23008849557522 118.65486725663716
1178 915 11 173.21476510067114 160.81208053691276 113.3758389261745
2068 912 36 194.33025708635464 150.74555042847726 114.13381674357284
920 909 39 152.29461584996977 150.26497277676953 137.11615245009077
1688 905 39 196.96612220205688 152.28433151845132 114.78342407743497
614 903 27 223.76537013801754 162.5771643663739 116.82810539523211
1081 900 25 224.95345557122707 164.33427362482368 117.29901269393511
1965 896 38 170.84875983061102 129.2831215970962 102.14640048396855
1234 896 41 239.56807751147375 131.07343192248854 114.91330953595106
560 894 13 172.56345177664974 157.56345177664974 112.54822335025379
1757 892 17 170.3564668769716 128.6309148264984 101.70977917981072
1287 892 10 196.28318584070797 154.38053097345133 117.929203539823
743 891 22 223.74102079395087 162.3648393194707 116.65028355387524
356 891 14 221.3197969543147 159.9035532994924 116.44670050761421
1524 887 35 111.55644573925711 160.65404224326295 128.25637290604516
823 887 49 224.00798782807152 162.66793457588437 116.34271586154432
1607 878 28 216.8679245283019 161.28634850166483 135.40066592674805
1353 878 51 224.71276241252917 163.10529823392204 116.79073642119295
1892 875 21 221.68241965973536 161.03402646502835 117.34782608695653
2021 874 16 193.78548895899053 150.70031545741324 115.10410094637224
1007 871 37 133.32762030323005 177.77982860909688 136.60514172709293
1822 868 41 238.49566547679757 127.41917389087202 113.56450790413055
512 863 13 112.48223350253807 156.18274111675126 126.26395939086294
1147 861 41 173.28301886792454 161.16981132075472 110.51249362570118
465 855 30 222.5569871159564 161.2804757185332 115.61843409316154
565 849 35 223.3401310997815 161.6926438455936 115.92206846321923
1928 847 14 219.9746192893401 159.2944162436548 115.6446700507614
1278 847 20 196.8140589569161 153.48979591836735 115.08843537414967
2057 846 21 192.6748582230624 149.67674858223063 114.30812854442344
1071 845 20 214.74149659863946 162.2607709750567 135.54648526077096
889 846 21 195.9357277882798 152.75803402646503 114.75236294896031
1452 845 35 172.86598689002187 159.62563729060452 111.56227239621268
1751 843 29 196.52164261931188 152.35627081021087 115.29744728079912
945 843 24 174.5872756933116 133.22185970636215 104.55954323001632
1565 838 21 216.1568998109641 161.28166351606805 135.02835538752365
752 838 25 112.20169252468266 161.51057827926658 128.56981664315938
384 836 43 196.33097595473834 152.65393682225366 114.6949552098067
662 830 52 223.76107964011996 162.4295234921693 116.4261912695768
511 826 18 222.78779840848804 161.46419098143235 116.06100795755968
1514 825 23 239.10766721044047 127.79282218597064 114.11582381729201
1214 814 40 196.18683770217513 153.53653095370888 114.96040156162856
997 814 12 114.54362416107382 160.5771812080537 128.95973154362414
1884 807 36 222.10019775873434 161.12392880685562 116.82794990112062
1369 803 17 111.42586750788644 159.9116719242902 127.48580441640378
1099 804 25 134.00423131170663 179.14950634696757 137.26516220028208
1985 802 50 221.55228642325417 160.70223325062034 116.136476426799
1806 802 26 222.63739021329985 161.4479297365119 117.07402760351317
1663 801 54 151.69897164225614 148.38080398878154 136.8382673730134
847 802 35 224.09759650400585 163.0830298616169 116.46249089584852
1158 799 15 170.81027667984188 130.82608695652172 103.35968379446639
1036 799 26 215.75533249686322 163.13174404015055 135.77540777917187
790 797 16 173.2776025236593 161.00946372239747 112.32807570977917
901 796 15 196.29249011857706 153.20553359683794 115.09090909090908
588 794 18 223.24403183023873 162.3554376657825 117.34217506631299
537 794 16 223.17981072555204 162.45741324921136 117.6403785488959
1481 786 25 197.1579689703808 153.35684062059238 115.51763046544428
1307 787 38 223.57834240774352 162.64065335753176 116.59286146400486
1422 785 21 172.87145557655955 160.1852551984877 112.41965973534973
958 781 34 196.39936356404138 153.46539379474942 114.88464598249801
1749 779 24 223.77487765089722 162.2137030995106 117.36867862969005
1562 780 38 197.54809437386572 153.01572897761648 115.07803992740473
742 773 31 172.72630646589903 160.0770593445527 111.43932683790966
1249 762 12 175.58389261744966 163.6711409395973 112.80536912751677
453 761 54 195.22592708008725 151.87784356497352 114.20380180741664
615 760 18 223.45092838196285 162.72679045092838 116.90716180371352
798 754 26 195.66499372647425 152.26348808030113 114.35633626097867
1866 750 18 172.08753315649867 158.289124668435 112.91777188328912
1084 751 17 151.99053627760253 150.403785488959 136.2397476340694
1376 750 26 110.02885821831869 159.85696361355082 127.14930991217064
1507 747 14 198.76142131979694 154.63451776649745 116.81218274111674
1142 743 35 151.4151493080845 150.51930080116534 136.42243262927897
558 740 34 196.41766109785203 152.94988066825778 114.69451073985681
1806 735 36 173.27949901120633 159.49044166117335 112.01186552406064
1267 734 18 223.85411140583554 163.09549071618036 116.81697612732096
1661 731 13 133.746192893401 174.11167512690355 135.5228426395939
1212 730 26 173.13801756587202 161.74153074027603 111.28607277289836
672 730 38 223.00544464609803 161.80036297640655 116.01996370235936
1923 728 37 222.0296638101516 161.78773895847064 117.6031641397495
1329 727 18 223.50663129973475 162.74270557029178 116.80901856763926
1027 727 39 196.15547489413188 153.53357531760437 115.14519056261344
1447 726 37 197.5009887936717 153.99406723796966 115.66315095583387
966 724 15 196.54150197628456 153.79446640316203 115.68379446640316
1997 722 26 170.96486825595983 157.92095357590964 112.01756587202007
754 721 17 173.21451104100944 160.66876971608832 112.03785488958991
1718 718 38 132.85843920145192 174.75196612220208 135.43375680580763
1539 714 22 223.84877126654064 162.38941398865785 117.19848771266541
1096 713 18 193.83289124668434 152.03978779840847 114.43236074270557
892 713 51 223.57114295234922 162.27590803065647 115.84571809396869
1612 712 33 172.51312649164677 130.57597454256165 103.09546539379475
518 708 12 196.0201342281879 154.1744966442953 117.42953020134227
1500 705 12 171.91275167785236 130.8791946308725 104.38926174496645
614 698 18 197.58885941644562 154.2838196286472 116.24668435013263
1375 695 25 172.46826516220028 160.43159379407615 110.87729196050776
1129 692 12 150.90604026845637 149.79194630872482 136.29530201342283
800 692 30 195.8444003964321 152.7561942517344 114.83052527254708
1864 689 27 222.53074027603512 161.930991217064 117.65370138017565
979 686 16 173.50157728706625 161.36908517350156 111.3217665615142
1236 683 18 171.03448275862067 159.6153846153846 110.45888594164455
1971 683 14 170.7005076142132 157.49238578680203 112.94416243654821
1565 681 13 223.741116751269 164.25888324873094 120.01522842639594
1295 682 35 224.0138383102695 163.26729788783686 117.03860160233067
727 678 26 172.20326223337514 159.79297365119197 111.16687578419071
1669 671 25 152.36248236953455 149.29337094499294 137.27503526093088
483 666 34 171.3651551312649 130.40334128878283 102.55290373906126
1176 664 35 109.59723233794611 161.21048798252005 127.32774945375091
567 662 37 197.02900461437045 153.94462755438363 115.43111404087013
1427 659 26 196.9548306148055 154.01003764115433 115.87954830614805
1098 656 30 110.14073339940535 161.10109018830525 127.2438057482656
1037 656 24 174.2430668841762 162.278955954323 111.19412724306689
844 654 14 195.08629441624365 152.58883248730965 115.1979695431472
758 654 12 113.88590604026845 160.51677852348993 128.4429530201342
1593 651 21 223.79962192816635 161.92816635160682 116.81285444234405
656 650 37 238.8826631509558 129.34146341463415 114.65194462755437
1930 644 36 172.9835201054713 159.9288068556361 112.82399472643374
1872 642 15 173.0474308300395 160.07509881422925 113.86166007905138
1793 643 51 173.0426524491836 160.0859713428857 112.13862045984672
1511 638 49 172.5930011411183 160.02130087485736 111.37276531000381
1359 632 37 196.30059327620302 153.31443638760712 114.93539881344759
1711 629 26 151.939774153074 149.3048933500627 137.00125470514428
1298 629 14 197.16243654822333 154.7005076142132 116.27918781725887
968 630 37 223.47462096242583 162.7211601845748 115.92419248516809
1243 628 25 215.50070521861778 162.91537376586743 135.63046544428772
517 626 12 196.90604026845637 154.81208053691276 117.79194630872483
1140 625 12 172.93288590604027 161.2214765100671 112.13422818791946
892 620 31 172.5527015057573 131.27900797165634 102.81753764393268
720 619 26 110.52446675031366 160.66499372647428 127.5759096612296
797 612 42 197.05762366139726 153.77766445690975 115.2457929627741
1640 608 35 214.98179169701385 161.7538237436271 135.54916241806265
1710 602 10 168.42477876106196 144.67256637168143 122.05309734513274
1576 602 18 132.3050397877984 174.71087533156498 135.53846153846152
1109 602 19 223.03713527851457 163.68700265251988 117.75596816976126
1195 601 24 215.05546492659056 162.69657422512236 135.53670473083199
605 600 22 223.92627599243858 163.53497164461248 117.74102079395085
547 597 23 196.1794453507341 153.5742251223491 116.01141924959218
1152 592 18 225.10079575596816 165.53315649867372 119.05039787798408
1042 591 37 224.04548450889914 163.9696769940672 117.69215557020433
1429 589 33 196.7486077963405 153.7557677008751 115.7024661893397
658 584 26 223.89084065244666 163.2659974905897 117.17942283563362
1763 583 9 195.04938271604937 153.77777777777777 118.61728395061728
1871 582 36 110.34212261041529 157.73829927488464 126.8965062623599
981 576 14 197.85786802030455 155.62944162436548 117.50253807106598
1373 572 16 132.57728706624604 176.17981072555204 135.43217665615143
1485 570 12 171.7718120805369 159.50335570469798 113.36912751677852
855 565 25 196.18899858956277 153.23554301833568 115.02679830747532
1523 563 22 131.94706994328922 174.97920604914935 135.62948960302458
1709 560 39 222.90320629159106 162.48154869933455 117.55837870538416
925 556 35 197.67297887836855 154.64166059723235 115.7414420975965
1111 554 22 238.82608695652175 129.98487712665406 114.9773156899811
579 555 22 238.76370510396976 129.90170132325142 115.31568998109641
1795 549 29 194.89234184239734 152.7058823529412 116.26193118756937
1296 546 53 151.21003427859145 149.83889062013088 136.28201932066065
1601 543 33 109.55210819411298 157.99761336515513 126.52505966587113
1185 536 39 196.6581972171809 154.21536600120993 115.67513611615246
1843 532 17 194.94006309148264 153.65299684542586 117.4416403785489
1045 532 16 198.5646687697161 156.4384858044164 118.05047318611987
995 532 25 198.25105782792664 155.34696755994358 116.425952045134
735 531 52 173.44251916027991 160.78640453182274 111.34921692769078
633 525 35 223.6125273124545 162.9155134741442 117.14493809176986
821 516 27 174.17189460476786 162.02007528230865 111.27603513174404
1666 508 25 171.80112834978843 159.2270803949224 111.62059238363892
1465 509 37 151.3843111404087 149.70797626895185 136.65128543177323
1377 507 36 214.49901120632825 162.06394199077124 135.20896506262358
955 506 16 196.0788643533123 154.37223974763407 116.48580441640378
882 501 26 174.48431618569634 162.19447929736512 111.93224592220827
1542 498 26 148.65621079046423 146.6587202007528 134.40276035131743
1798 497 12 220.21476510067114 162.03355704697987 119.33557046979865
1745 491 34 222.5361972951472 162.49244232299125 117.5727923627685
1004 486 15 197.3399209486166 155.2806324110672 117.57312252964427
676 478 19 224.25729442970822 162.77984084880634 116.84350132625994
1092 473 50 172.90287132222616 131.5012406947891 102.76072314781992
1177 470 20 197.21315192743765 154.40362811791383 115.92743764172336
1243 469 34 197.8329355608592 154.91249005568815 115.85839299920445
1318 467 28 223.47946725860155 163.4062153163152 117.15538290788014
1597 462 40 172.1957612939208 159.77189068600111 111.59397657557167
1428 461 20 173.27891156462584 161.1201814058957 112.00453514739229
1535 460 16 193.42902208201892 152.42902208201892 116.09463722397476
932 453 32 223.71302037201065 163.23649247121347 117.06200177147919
1484 451 26 195.65370138017565 153.17440401505644 115.37390213299874
791 451 38 223.88687235329706 162.94978826376285 116.80883242589232
717 450 26 223.4040150564617 163.10539523212043 117.3513174404015
1375 447 23 223.2773246329527 162.884176182708 116.78140293637847
867 446 26 239.73651191969884 131.78168130489334 116.15683814303638
1685 439 39 172.18390804597703 159.70296430732003 112.15910465819722
1005 426 38 223.637628554144 163.84150030248034 117.85601935874169
1282 423 16 196.74447949526814 154.40694006309147 116.8832807570978
752 411 12 174.08724832214764 161.66442953020135 114.08724832214764
1155 406 38 224.6581972171809 163.96551724137933 117.47549909255899
1236 406 25 196.39633286318758 153.4527503526093 115.51622002820875
1333 399 33 224.0175019888624 164.10580747812253 118.26889419252188
1436 396 37 172.8681608437706 160.62359920896506 111.53131179960447
1623 393 27 171.41154328732748 130.92095357590966 103.900878293601
1078 389 33 224.66348448687353 164.54892601431982 118.18695306284806
783 388 16 173.4353312302839 161.1577287066246 112.66876971608832
968 387 9 174.62962962962962 163.03703703703704 115.87654320987653
920 386 28 173.48612652608213 161.64816870144284 112.13540510543841
1537 382 53 196.97133063259582 153.9862885634154 116.01308818946713
846 377 39 172.91712038717486 160.72292800967938 111.81851179673322
1278 376 18 224.48541114058355 164.78514588859414 119.09814323607426
1383 367 13 174.28934010152284 162.0 113.497461928934
1036 365 12 171.74496644295303 159.82550335570468 112.7718120805369
1127 346 22 225.0586011342155 164.78449905482043 118.31001890359168
978 335 39 109.21476104053238 159.8905021173624 126.86509376890503
909 332 17 110.30914826498423 158.70347003154575 127.0378548895899
1464 331 25 171.1932299012694 159.24400564174894 111.1283497884344
1311 321 40 224.37144450641384 164.4004461795873 118.07808142777469
1209 319 54 240.29043315674664 132.3287628544718 116.90246182611405
1400 315 36 172.17468688200395 160.45220830586683 110.98022412656559
1069 309 39 173.140350877193 161.13248638838476 111.60556563823353
1136 292 20 171.9183673469388 159.4920634920635 111.8843537414966
1218 78 3 147.46153846153848 149.6923076923077 147.30769230769232
1218 74 3 153.6923076923077 159.46153846153848 159.23076923076923
1227 72 2 155.60000000000002 159.0 158.0
