1211 2312 4 169.0769230769231 168.0769230769231 166.30769230769232
1205 2312 2 171.20000000000002 170.8 170.4
1312 2076 40 192.38259899609594 147.44952593418853 111.14221974344674
1223 2074 41 192.440081591025 147.67057623661398 111.16879143294238
1140 2074 35 194.0873998543336 148.60742898761836 111.42243262927896
1177 2073 9 181.679012345679 146.34567901234567 116.07407407407406
1059 2058 38 193.38838475499094 148.19903206291593 111.11191772534787
1494 2046 36 113.49769281476598 158.69083717864206 127.8220171390903
990 2045 27 192.63488080301127 147.79799247176913 110.87829360100376
1401 2028 50 171.43637008153138 156.16377171215882 111.07869549805034
1109 2024 20 194.48526077097506 148.88208616780045 111.40589569160998
1572 2021 40 238.73061907417738 126.57110987172338 112.99776910206359
1331 2019 14 171.83248730964465 156.7005076142132 111.67005076142131
1281 2018 21 171.5179584120983 156.45746691871457 111.6937618147448
1164 2013 31 176.5907883082374 131.88042515500445 102.31266607617361
1638 2003 19 224.55437665782492 163.22546419098143 118.54641909814323
857 2004 18 170.81167108753314 155.946949602122 110.77188328912466
1226 2002 25 192.79125528913963 147.57545839210155 111.01128349788434
928 1998 49 174.3720045644732 130.581589958159 101.77710155952835
1025 1988 37 224.9637442320369 163.28740936058009 117.1305207646671
1510 1981 25 171.85331452750353 156.0662905500705 111.22849083215797
1087 1981 20 224.4671201814059 163.16326530612244 117.70068027210884
796 1979 18 192.86472148541114 148.0106100795756 111.43501326259947
1312 1970 36 112.83981542518127 158.345418589321 127.2623599208965
1703 1953 30 224.14370664023787 162.34985133795837 117.49554013875124
1375 1947 27 193.83312421580928 148.39523212045168 111.90213299874529
1251 1948 24 171.57585644371943 156.3768352365416 111.16476345840131
1192 1948 25 194.638928067701 149.62764456981665 112.98871650211565
1129 1944 31 194.25243578387955 148.32772364924713 110.7511071744907
1450 1943 40 171.8025655326269 156.1617401003904 111.16285554935862
1551 1943 28 225.03773584905662 162.81243063263042 117.35516093229745
849 1941 37 171.28872775214236 156.022412656559 110.68754119973632
755 1938 38 193.17483363581368 148.1445856019359 111.01209921355112
1626 1937 39 224.96067755595888 163.1718088324259 117.64609800362977
981 1930 25 238.51904090267982 126.95909732016925 113.11988716502115
698 1930 15 222.39130434782606 160.66403162055335 116.44268774703556
673 1912 9 220.6543209876543 161.44444444444443 119.38271604938271
1054 1907 41 238.59510453850078 127.65884752677206 112.87098419173891
1749 1905 27 224.29736511919697 162.8030112923463 118.04893350062734
918 1905 32 195.06554472984942 149.50132860938885 112.14614703277236
1512 1903 21 170.99810964083176 155.68052930056712 111.27788279773158
1333 1903 27 194.97490589711416 149.39899623588457 112.10539523212044
1222 1901 26 114.77791718946047 160.81179422835632 129.08782936010036
699 1900 9 221.66666666666666 161.85185185185185 119.09876543209876
1279 1895 24 173.00163132137033 157.86296900489398 111.91190864600327
1396 1886 31 194.22409211691763 148.28786536758193 111.33658104517272
1687 1883 30 193.607532210109 148.42517343904856 112.1159563924678
867 1881 19 172.78514588859414 157.57559681697612 112.02122015915118
974 1878 25 225.51763046544428 162.9181946403385 117.06488011283497
729 1877 24 193.3278955954323 148.20717781402936 111.24796084828712
1564 1870 36 225.16611733684903 163.2584047462096 117.99208965062623
797 1867 38 113.71506352087115 158.8862673926195 127.53841500302481
1810 1865 37 223.07712590639417 162.07712590639417 117.45484508899142
1633 1865 21 194.81285444234405 148.8563327032136 111.83364839319471
1355 1863 10 174.08849557522123 131.89380530973452 105.28318584070796
1149 1861 49 195.29212628375808 149.79954355268163 112.34689996196273
657 1861 38 223.03206291591047 160.94494857834243 115.61766485178464
1466 1853 39 114.54083484573503 160.32970356926802 129.0907441016334
1021 1846 25 225.34273624823695 162.44428772919605 116.80253878702398
936 1845 25 194.42595204513398 148.63328631875882 111.67277856135402
1311 1840 31 195.0398582816652 149.50752878653677 112.44641275465014
1072 1836 22 226.25519848771268 163.55009451795843 117.53308128544424
1742 1835 32 175.15323294951284 130.9273693534101 102.4340124003543
1238 1830 37 171.73038892551085 156.51944627554383 110.69808833223466
1689 1826 18 192.56763925729442 148.07161803713527 112.6923076923077
595 1822 23 223.49918433931487 162.2414355628059 117.5057096247961
1864 1819 21 193.13421550094517 148.55009451795843 112.648393194707
880 1818 37 170.25642715886616 154.98417930125245 109.97956493078443
973 1816 21 175.14744801512288 130.57088846880907 101.93572778827978
729 1814 38 193.6473079249849 148.3793103448276 111.68300060496068
1384 1811 37 195.21489782465392 149.2498352010547 112.21226104152933
1633 1799 39 193.8832425892317 148.47610405323655 111.73805202661828
1331 1788 16 174.4700315457413 131.41324921135646 104.58990536277602
1180 1787 23 152.0489396411093 147.23817292006527 136.61827079934747
1104 1787 24 134.884176182708 174.9820554649266 135.5073409461664
1284 1783 24 195.03752039151715 149.20391517128874 112.26264274061991
806 1782 36 170.502307185234 155.13579433091627 110.29861568885958
1535 1780 51 239.10263245584807 126.52915694768411 113.217260913029
1453 1780 26 171.1957340025094 155.73525721455457 111.19824341279798
1038 1778 40 219.30786391522588 162.1940881204685 135.30786391522588
933 1776 24 149.60358890701468 144.5399673735726 134.489396411093
1707 1774 30 193.63032705649158 148.15559960356788 111.79385530227948
984 1771 17 151.7097791798107 145.49211356466876 135.92429022082018
1800 1769 50 222.72881956752926 160.64764267990074 115.59057071960298
554 1769 39 222.6007259528131 160.1318814277072 115.33151845130068
1892 1763 34 171.88544152744632 129.44630071599045 102.25377883850437
648 1760 50 237.68876285005317 124.97943991492379 111.53527118043247
1410 1759 13 174.3451776649746 158.2182741116751 114.26395939086294
1230 1758 28 115.36182019977802 162.04439511653717 130.0177580466149
1633 1757 13 180.50253807106597 139.0710659898477 105.71573604060913
1311 1753 13 194.99999999999997 150.18274111675126 114.29949238578679
741 1745 29 173.69256381798002 129.9855715871254 102.12208657047725
1363 1736 38 173.486388384755 129.78523895946765 102.00544464609801
1146 1735 29 151.07991120976692 146.23751387347392 135.83351831298557
1280 1735 17 151.0283911671924 146.0788643533123 135.65930599369085
1737 1731 13 222.20304568527916 161.19289340101523 117.65989847715736
1086 1731 18 133.3076923076923 173.22811671087533 134.15915119363393
1633 1729 28 191.26082130965594 146.7602663706992 110.91897891231964
1586 1721 14 192.53807106598984 147.84263959390861 112.45685279187816
1311 1721 13 195.18274111675126 150.5228426395939 114.56345177664974
1030 1721 12 218.8523489932886 162.69127516778522 136.50335570469798
966 1720 33 151.1774065234686 146.02227525855213 135.6961018297534
876 1720 49 111.96728794218335 157.31342715861544 126.50095093191328
1501 1717 12 222.4429530201342 160.9731543624161 117.57046979865771
1933 1711 33 192.60540970564838 148.35560859188544 112.40970564836914
1692 1710 29 237.60377358490567 125.53829078801333 112.09100998890122
1446 1705 39 170.65093768905024 155.54930429522082 110.93345432546886
516 1706 30 195.43012884043608 149.53419226957382 112.29930624380574
1198 1697 32 218.28343666961914 162.38795394154118 135.6979627989371
1550 1694 27 194.47051442910916 149.38393977415305 113.25470514429108
468 1691 14 221.2182741116751 159.23350253807106 115.65482233502537
648 1689 18 194.83023872679044 149.25464190981432 113.01326259946948
704 1689 33 194.41766109785203 148.2680986475736 111.60063643595863
1080 1688 18 171.74535809018568 156.3793103448276 110.70822281167108
586 1688 37 194.59854976928145 149.16018457481871 112.40210942649966
1591 1686 13 195.7969543147208 150.81218274111674 114.59390862944161
1849 1685 40 193.46235359732293 148.93474623535974 112.70775237032906
1502 1684 12 196.4295302013423 151.2281879194631 114.29530201342281
783 1685 37 217.6242584047462 160.51021753460776 134.09096901779827
1762 1677 37 222.03493737640076 160.33223467369808 116.02834541858931
1977 1671 22 193.17769376181474 149.42155009451795 113.61814744801512
1015 1668 38 224.83666061705992 161.52994555353902 115.59951603145797
1557 1665 10 194.35398230088495 150.49557522123894 122.84955752212389
1369 1665 29 217.60044395116537 161.02330743618202 134.52164261931188
1130 1661 39 174.8917120387175 130.97761645493043 102.16333938294012
1637 1659 37 222.83849703361898 160.21292023731047 115.7139090309822
1286 1659 50 149.71747607231478 145.15597305919886 134.9174051754697
1908 1651 24 193.9494290375204 149.79119086460034 113.31810766721044
1078 1649 14 171.4517766497462 156.18781725888323 111.56345177664974
835 1647 18 218.38992042440316 161.2944297082228 135.2838196286472
480 1647 28 172.64927857935626 129.28412874583796 101.60377358490567
638 1646 22 192.39697542533082 147.66729678638941 111.98298676748583
880 1643 14 172.3451776649746 156.93401015228426 112.15228426395939
537 1642 22 192.86200378071834 147.91493383742912 111.50094517958412
1503 1641 25 149.63328631875882 144.88434414668546 134.5768688293371
683 1640 14 222.55329949238578 158.9492385786802 114.8730964467005
940 1639 39 171.76164549304298 156.66606170598914 110.30973986690866
1949 1635 15 192.45454545454544 148.9683794466403 113.23715415019763
1562 1631 32 215.29849424269264 158.86448184233836 133.06908768821967
1709 1627 31 169.87865367581932 154.89105403011516 110.62090345438442
1807 1625 23 111.04404567699838 156.115823817292 125.6867862969005
799 1626 18 217.20689655172413 160.0238726790451 133.80371352785144
1430 1621 37 132.39222148978246 173.0955833882663 133.8233355306526
1200 1615 37 197.21885299934078 151.72841133816743 113.93671720500988
1505 1614 9 167.71604938271605 139.54320987654322 123.06172839506172
736 1614 38 216.86267392619482 159.9286146400484 133.99153055051423
2002 1612 39 109.61464004839686 154.0937689050212 124.46279491833032
1855 1610 22 170.22873345935727 155.87712665406428 111.12476370510397
1354 1603 32 218.31709477413642 161.60938883968115 134.8875110717449
593 1601 35 170.74362709395484 155.43117261471232 111.26802621995631
425 1601 40 195.29336307863917 149.7228109313999 112.81093139988846
1762 1598 20 170.30839002267575 155.79591836734696 111.28344671201815
1010 1596 29 239.6237513873474 125.82352941176471 111.89345172031076
467 1595 9 175.87654320987653 135.39506172839506 103.58024691358024
473 1595 9 160.02469135802468 123.17283950617283 95.08641975308642
669 1593 34 222.3898170246619 159.07000795544948 114.35322195704057
1508 1592 22 217.85066162570888 162.32325141776937 135.9319470699433
519 1590 31 169.64658990256865 154.09123117803367 110.16563330380869
1083 1588 37 196.89452867501646 151.27027027027026 113.37903757415951
1144 1586 21 195.57088846880907 150.57277882797732 113.31001890359168
1251 1585 14 195.74111675126903 150.68527918781726 113.497461928934
874 1585 39 170.70296430732003 155.80217785843922 110.74652147610406
1918 1583 40 168.9988845510318 154.7322922476297 109.93195761293921
1294 1583 24 223.96411092985318 160.6867862969005 115.20065252854813
798 1582 17 132.7192429022082 171.74132492113563 133.32176656151418
1464 1572 16 133.07570977917982 172.29337539432177 133.85173501577287
1650 1565 48 111.64130848231267 157.9505515405097 126.83720045644732
1565 1565 25 149.85331452750353 145.39915373765868 135.25528913963328
1407 1559 24 224.39804241435564 161.79934747145188 116.94290375203916
2033 1557 18 168.0079575596817 153.89920424403184 110.6631299734748
1866 1556 13 169.33502538071065 154.98984771573603 112.43147208121826
1730 1557 21 132.36294896030248 171.61436672967864 133.80340264650283
956 1554 37 196.59327620303227 150.7297297297297 112.72709294660513
380 1554 19 194.3023872679045 149.15384615384613 113.34482758620689
753 1554 21 110.73724007561437 155.05671077504726 125.06427221172024
1807 1548 39 169.51905626134302 155.04355716878405 110.67513611615246
1185 1544 29 198.45615982241955 153.09988901220865 114.60377358490567
699 1543 21 221.8468809073724 158.91115311909263 114.648393194707
1255 1541 28 224.8601553829079 161.37735849056605 115.3984461709212
479 1541 25 195.44569816643158 150.0789844851904 113.30042313117066
1512 1537 26 223.88080301129233 161.19824341279798 116.96737766624842
1123 1530 24 197.768352365416 152.57096247960848 114.80587275693313
1459 1528 21 171.41398865784498 156.2476370510397 111.81852551984878
806 1527 30 132.74529236868187 172.53815659068385 133.93657086223985
542 1528 31 169.99734278122233 154.59344552701506 110.511071744907
1331 1525 44 240.61904761904762 126.86562942008487 112.88165959453089
1892 1519 21 169.2155009451796 154.86389413988658 110.74858223062382
417 1516 31 195.4074402125775 149.8697962798937 113.14880425155005
731 1516 14 169.18274111675126 154.0710659898477 111.08121827411166
625 1513 52 222.4665111629457 159.3678773742086 114.72109296901033
2055 1513 24 169.4567699836868 155.30995106035888 112.0326264274062
886 1504 32 196.91231178033658 151.34278122232064 113.81842338352524
1970 1500 51 193.67410863045652 149.5121626124625 112.81772742419194
1039 1500 52 197.71342885704766 151.92235921359548 113.53582139286905
1577 1500 37 170.0210942649967 155.01120632827948 110.17205009887935
1407 1500 30 225.29236868186322 162.0376610505451 116.0049554013875
1269 1499 13 224.34010152284262 162.6497461928934 118.49238578680202
1636 1497 14 170.2741116751269 155.27918781725887 112.43654822335024
954 1495 22 171.45746691871457 128.6843100189036 101.34404536862004
1715 1494 38 148.9546279491833 144.5003024803388 134.85843920145192
1214 1489 31 224.52081488042515 161.3790965456156 115.75642161204607
753 1486 19 131.18302387267903 170.3872679045093 132.9628647214854
418 1483 7 184.14285714285714 147.75510204081633 117.3469387755102
1811 1482 11 164.48993288590603 145.30872483221475 126.25503355704697
1843 1482 30 194.58969276511397 149.99900891972248 113.27254707631317
1491 1481 32 112.16563330380869 157.89282550930028 126.93445527015058
707 1480 21 169.38563327032136 154.20982986767487 110.78449905482042
356 1480 31 194.5686448184234 149.48184233835252 113.14348981399469
1784 1478 25 148.86459802538786 144.6191819464034 134.73483779971792
1142 1476 36 112.25642715886617 158.56097560975607 127.12063282794989
483 1469 36 112.13843111404086 156.7139090309822 126.48978246539221
551 1462 30 222.2001982160555 159.29435084241823 114.69772051536174
417 1460 20 194.75963718820861 149.3151927437642 112.48072562358277
1900 1458 27 235.86323713927226 124.57716436637389 111.92973651191969
914 1456 20 196.75736961451247 151.18594104308391 113.78231292517007
1651 1451 28 222.85571587125418 160.26970033296337 115.89567147613762
1368 1450 25 225.51339915373765 162.00846262341327 116.1607898448519
1599 1449 15 237.5810276679842 126.10276679841897 112.59683794466402
1089 1448 12 171.51677852348993 157.27516778523488 112.12080536912751
1974 1447 16 195.93059936908517 145.60883280757096 107.40694006309148
2056 1445 37 167.69347396176664 152.78180619644033 109.2722478576137
1538 1441 25 172.00423131170663 156.99576868829337 112.21297602256699
820 1439 50 150.23892236795461 145.88302020560084 135.3888691953208
679 1440 23 169.40783034257748 154.44861337683525 109.9510603588907
609 1439 22 222.5671077504726 159.82797731569 115.10396975425331
1698 1435 16 217.3564668769716 161.42586750788644 135.12933753943219
969 1436 28 171.14428412874585 156.68923418423972 111.64372918978913
1288 1434 51 174.28123958680442 130.8010663112296 102.21426191269578
1434 1430 37 224.64007910349372 160.90573500329597 115.4462755438365
1015 1430 16 196.78548895899053 151.70031545741324 114.04731861198738
1201 1428 26 239.05897114178165 124.9849435382685 111.30991217063989
735 1426 27 197.19698870765367 151.7867001254705 114.27352572145546
1757 1413 38 215.91833030852996 160.77979431336965 134.6854204476709
1974 1411 38 217.86872353297036 156.57955232909862 112.68965517241381
898 1409 25 132.10578279266574 172.55853314527502 133.73342736248236
1910 1408 18 220.81962864721484 159.12997347480106 115.6896551724138
1495 1407 19 172.45888594164455 157.3474801061008 111.83023872679044
1845 1407 39 220.85359951603147 158.54809437386572 114.27707199032064
461 1406 19 170.06896551724137 154.90185676392574 111.20954907161803
513 1404 26 222.66248431618567 159.78293601003762 115.55207026348808
1610 1404 24 170.53670473083199 155.72104404567702 111.18923327895595
699 1401 14 170.63451776649745 154.60913705583755 111.22842639593908
540 1401 11 208.4295302013423 132.6241610738255 105.51677852348993
1363 1400 18 198.16976127320953 152.58885941644562 115.14854111405835
1067 1398 36 171.83388266315094 156.87738958470663 111.17139090309821
375 1398 50 172.43920595533498 129.37823466855724 101.80822403403049
1662 1398 28 218.22419533851277 162.42508324084352 135.85460599334073
570 1397 28 237.18091009988902 123.96337402885683 111.03218645948945
1145 1391 34 172.05171042163883 157.21081941129674 111.61654733492443
945 1388 14 133.85786802030455 173.9441624365482 134.8223350253807
641 1385 37 194.55504284772576 149.7211601845748 113.09228740936057
2093 1383 22 218.71833648393195 156.5633270321361 112.96975425330812
767 1382 21 195.593572778828 151.05103969754254 114.62759924385634
990 1378 27 217.88456712672522 161.80677540777916 135.16562107904642
1545 1373 34 171.47573587907718 156.6109785202864 111.61972951471759
2039 1372 26 219.58343789209533 157.66750313676286 113.93851944792972
716 1372 23 172.73083197389886 129.8694942903752 102.40946166394781
862 1370 21 218.17769376181474 162.43100189035917 135.64083175803404
1905 1366 16 168.7665615141956 154.08832807570977 111.72239747634069
1218 1364 37 224.68292682926827 162.09756097560975 116.2847725774555
1396 1363 28 239.82352941176472 126.37402885682575 112.6204217536071
813 1363 19 223.16445623342173 160.3660477453581 115.22546419098143
1461 1361 28 223.83240843507215 160.66148723640399 115.50277469478358
1280 1362 15 197.7391304347826 152.32015810276678 114.7391304347826
1333 1356 28 198.85127635960046 153.38956714761377 115.16093229744729
1945 1352 20 194.16780045351476 149.9795918367347 113.3310657596372
544 1350 22 194.79584120982986 149.74480151228735 113.09640831758034
321 1350 18 193.9151193633952 149.70822281167108 113.73474801061008
590 1347 21 194.30056710775048 149.46502835538752 112.9905482041588
480 1348 33 223.0763723150358 160.12092283214002 115.44073190135244
1796 1345 30 169.46580773042615 154.8889990089197 110.36868186323092
679 1342 18 221.604774535809 158.67374005305038 114.29177718832891
1509 1339 10 117.79646017699115 159.43362831858406 130.64601769911505
1716 1338 38 149.48457350272233 145.15607985480946 135.03145795523292
915 1337 35 217.8805535324108 162.02913328477786 135.3794610342316
1116 1335 22 173.3875236294896 158.39886578449907 111.49338374291115
1863 1333 31 169.1479185119575 154.64924712134632 110.35429583702391
1059 1331 25 218.36389280677008 163.28067700987305 136.15373765867417
1167 1330 18 172.88594164456234 158.68169761273208 112.79045092838196
423 1328 22 222.07939508506618 159.7164461247637 116.20982986767486
1618 1326 49 131.9497907949791 172.41270445036136 133.96196272346901
636 1321 21 221.40831758034028 159.1531190926276 114.66918714555766
355 1320 25 195.3413258110014 150.32440056417488 113.53032440056417
764 1318 38 221.7501512401694 159.58862673926197 115.21657592256504
1278 1316 28 223.2408435072142 160.2142064372919 114.68368479467259
1996 1315 41 170.1014788373279 127.92707802141766 100.95155532891383
845 1315 34 223.46857597454257 160.42402545743835 115.3969769291965
1953 1313 12 124.79865771812081 132.1476510067114 106.32885906040268
2040 1312 11 188.11409395973155 143.65771812080536 112.96644295302013
1928 1313 26 109.22835633626097 153.09284818067752 123.30991217063989
1481 1313 19 223.9655172413793 160.9177718832891 116.06366047745358
2083 1311 41 219.28964813870476 157.5206527281999 114.54971953085162
523 1311 21 222.1852551984877 160.21361058601136 115.71455576559546
313 1310 14 195.03045685279187 150.25380710659897 114.3959390862944
993 1306 38 217.653962492438 162.23049001814883 135.2528735632184
1423 1305 30 224.49554013875124 161.95341922695738 117.23092170465807
1228 1303 13 172.81218274111674 158.53299492385784 113.55329949238578
1360 1302 26 197.61982434127978 152.54077791718944 115.0840652446675
1538 1296 29 148.78801331853495 144.8723640399556 134.7136514983352
452 1296 20 216.37414965986395 160.80498866213154 134.84580498866214
1143 1294 16 224.70347003154575 162.65299684542586 116.8801261829653
1186 1289 19 221.38992042440316 159.59946949602121 115.17241379310344
580 1288 37 222.30652603823333 159.98813447593935 115.3467369808833
1824 1284 24 169.59543230016314 155.18760195758566 110.40130505709625
684 1284 35 237.22942461762565 123.82665695557175 110.97086671522214
1761 1282 31 169.99202834366696 155.73870682019486 111.15589016829053
889 1282 17 237.9558359621451 124.9558359621451 111.99369085173501
1693 1280 19 171.3501326259947 156.9893899204244 111.6604774535809
808 1275 12 223.63758389261744 162.33557046979865 118.06040268456375
1881 1273 18 170.03448275862067 155.59416445623341 111.62068965517241
397 1273 31 216.52081488042515 160.3392382639504 134.45172719220548
1086 1265 38 217.6938898971567 162.93708408953418 135.86872353297036
737 1265 12 221.91946308724832 160.92617449664428 116.99328859060402
1309 1264 25 223.90691114245416 161.197461212976 115.78984485190409
445 1261 9 217.48148148148147 164.45679012345678 139.9012345679012
193 1260 5 112.93103448275862 107.13793103448276 107.3103448275862
636 1254 19 222.02387267904507 159.85941644562334 115.91777188328912
1584 1252 19 150.06366047745357 145.68965517241378 135.08753315649867
320 1251 38 215.23532970356928 159.49122807017545 134.06291591046582
1469 1251 36 218.37508239947263 161.74884640738298 135.03164139749504
2030 1248 28 194.74250832408435 150.04994450610434 113.55049944506105
498 1247 38 216.475499092559 160.75257108287963 134.43738656987296
1239 1247 37 239.2122610415293 127.18193803559656 112.90375741595253
774 1244 27 194.3525721455458 149.99247176913426 113.31242158092847
1645 1239 27 170.22961104140526 155.6210790464241 110.78544542032621
1165 1240 30 223.70862239841426 161.34886025768085 115.61347869177403
1534 1237 21 217.84499054820415 162.01134215500946 135.4328922495274
1020 1237 25 216.47813822284908 162.04090267983074 135.2595204513399
850 1236 38 222.59346642468242 160.04476709013915 114.84331518451302
943 1234 47 171.1944557684468 157.5695067264574 110.23318385650224
1948 1230 49 168.0680867249905 153.65956637504755 109.86648915937619
1784 1228 23 170.75530179445352 128.43556280587276 101.37357259380099
1384 1226 50 223.54484225451966 160.68380007089684 115.21658986175115
2097 1225 39 193.5523290986086 149.2667876588022 113.28917120387176
436 1222 22 217.0586011342155 161.06049149338375 135.1984877126654
1714 1220 37 170.24719841793012 155.37310481212918 111.0085695451549
89 1217 4 162.15384615384616 160.0 158.15384615384616
1852 1216 41 194.68128505864357 149.72819989801124 113.05150433452322
90 1212 3 125.92307692307693 124.30769230769232 125.53846153846155
711 1211 38 194.40048396854206 149.99032062915913 112.69812462189958
84 1209 2 166.60000000000002 169.20000000000002 173.8
660 1207 13 114.0203045685279 154.12690355329948 125.91370558375634
1202 1206 11 222.83221476510067 163.37583892617448 120.9261744966443
381 1205 26 215.94855708908406 160.18193224592218 134.34378920953574
1300 1204 27 223.15432873274779 160.8143036386449 115.64115432873274
770 1201 16 220.86435331230282 159.12618296529968 114.7192429022082
1656 1196 12 114.21476510067114 156.95302013422818 127.53691275167785
1114 1193 26 149.66875784190714 146.93601003764115 134.86449184441656
471 1194 13 133.61421319796952 172.35532994923855 133.90862944162436
2016 1191 26 131.10664993726473 169.95984943538267 132.9548306148055
1453 1192 20 218.2766439909297 162.0907029478458 135.13378684807256
589 1192 49 131.44541650817803 172.7866108786611 133.8820844427539
1589 1190 39 222.97156684815488 159.74168179068363 114.69630973986692
1056 1190 25 150.04372355430183 147.1114245416079 135.08462623413257
1508 1186 28 216.84683684794672 161.5371809100999 135.02885682574916
516 1179 23 169.605220228385 155.7373572593801 110.99347471451877
1171 1176 26 172.36637390213298 130.6047678795483 102.76787954830614
999 1176 26 171.9585947302384 158.534504391468 110.5897114178168
332 1176 31 169.81133746678478 155.1674047829938 111.33215234720993
1771 1174 31 196.8945969884854 151.696191319752 114.25597874224978
1337 1172 11 236.4496644295302 129.5503355704698 115.42953020134227
2120 1169 20 132.10884353741497 170.03401360544217 133.88208616780045
2069 1167 23 130.81076672104405 169.1109298531811 132.8874388254486
808 1166 33 237.50676213206046 124.65473349244233 111.18536197295148
1424 1166 14 239.81218274111674 128.56345177664974 114.48223350253807
882 1165 33 222.51789976133654 160.28878281622912 114.75974542561656
1244 1163 38 195.94857834240776 151.81306715063522 113.85117967332124
1972 1162 17 131.49526813880126 170.13249211356467 133.46687697160883
438 1161 32 170.8963684676705 157.02302922940655 111.7094774136404
1897 1154 28 195.1620421753607 150.7558268590455 114.45061043285239
666 1154 27 215.15934755332495 160.34378920953574 133.99372647427853
1036 1153 12 114.1006711409396 161.31543624161074 129.14093959731542
946 1153 26 171.67628607277288 158.40401505646173 110.59347553324967
382 1149 16 170.86435331230282 156.596214511041 112.41955835962145
1311 1143 25 197.79266572637516 152.68265162200282 113.99717912552892
1832 1140 32 221.99468556244466 159.39946855624447 115.02834366696192
739 1138 36 221.5655899802241 160.00922874093604 114.90375741595253
486 1137 14 112.50761421319795 155.8172588832487 126.20304568527918
1466 1134 31 150.06554472984942 145.91762621789195 135.35872453498672
1681 1129 50 171.0450194966324 156.36476426799007 111.19319390287133
1527 1129 21 150.3421550094518 146.08317580340264 135.7429111531191
1380 1129 39 224.15184513006656 161.48275862068968 115.6733212341198
2222 1124 5 118.44827586206897 111.03448275862068 112.0
1944 1121 25 147.85331452750353 143.6191819464034 134.0521861777151
2015 1119 37 110.64007910349373 156.09887936717203 125.95187870797626
325 1118 18 113.89124668435012 159.09814323607426 128.342175066313
1092 1115 50 110.17795108117689 160.5845444877703 127.24601205246367
539 1115 37 221.52274225444955 159.39551746868818 114.51680949241924
868 1111 16 222.30283911671924 160.88012618296528 115.46372239747633
1765 1109 30 237.17244796828544 123.28939544103072 110.49355797819624
612 1106 33 215.31901352426414 161.42959427207637 134.73906125696104
1589 1106 37 170.6130520764667 156.2821357943309 111.08174027686222
913 1106 27 238.41405269761603 126.74780426599749 112.00501882057715
997 1105 37 172.13579433091627 159.48912326961107 110.23137771918259
1254 1104 19 172.04244031830237 158.42175066312996 110.79310344827586
1190 1102 39 173.41318814277074 160.58378705384152 111.1004234724743
2087 1100 39 131.50877192982458 170.44827586206898 133.44948578342408
678 1098 25 215.08744710860367 161.4428772919605 134.8321579689704
812 1091 39 171.2032667876588 158.20145190562616 110.14398064125832
453 1090 33 221.9713603818616 160.49085123309467 116.12808273667463
1882 1088 33 215.2211614956245 159.69371519490852 134.08750994431185
379 1087 36 221.74950560316412 159.72511535926168 115.20039551746868
1827 1085 17 222.57728706624604 160.0410094637224 115.25552050473186
1463 1084 11 135.9731543624161 175.18791946308724 136.27516778523488
1310 1082 36 223.5820698747528 161.7811470006592 115.94067237969676
322 1075 18 170.03448275862067 155.6472148541114 112.22811671087533
1366 1071 14 223.38071065989845 161.9035532994924 116.69543147208121
1791 1069 12 222.50335570469798 162.02684563758388 118.70469798657717
1946 1069 25 214.97461212976023 159.75176304654443 134.46544428772918
1520 1068 36 110.82597231377719 157.90705339485825 126.6018457481872
1628 1067 12 172.73825503355704 158.5771812080537 113.13422818791946
1139 1057 19 111.50397877984085 160.11405835543766 127.54111405835543
1422 1056 34 171.10421638822595 157.3436754176611 110.96340493237868
880 1055 31 112.41009743135518 160.81133746678478 128.43578387953943
1040 1054 20 150.0997732426304 147.94557823129253 135.13378684807256
941 1052 31 222.32152347209922 161.24712134632418 115.48007085916741
2028 1052 23 168.95106035889071 154.92332789559543 110.92169657422512
1244 1052 26 240.15056461731493 131.1104140526976 115.6900878293601
732 1051 37 171.35662491760053 129.98549769281476 102.29136453526696
509 1050 29 170.84350721420645 129.3052164261931 102.3085460599334
997 1048 16 222.08832807570977 161.9495268138801 116.40694006309148
578 1047 31 195.29495128432242 151.2400354295837 113.80602302922941
1987 1045 9 219.07407407407405 161.04938271604937 120.38271604938271
1668 1045 26 171.8030112923463 157.45169385194478 111.4930991217064
652 1036 37 148.74818721160185 146.1727092946605 134.44429795649307
1744 1030 41 170.65731769505356 156.54563997960224 111.31769505354411
1596 1030 29 171.65149833518313 157.42286348501665 112.21198668146504
1905 1029 26 214.47553324968632 159.72521957340024 134.05897114178168
1365 1030 19 173.12997347480106 159.54111405835542 111.6763925729443
346 1022 30 237.2378592666006 125.26362735381565 112.27056491575817
1831 1022 38 148.04476709013915 144.26920750151243 134.2583182093164
2083 1013 38 169.26557773744707 155.15366001209924 110.88263762855415
1178 1012 39 223.20387174833638 162.09195402298852 116.12401693889898
1474 1009 31 217.59964570416298 162.6607617360496 136.08680248007087
1236 1005 13 223.09137055837562 163.15736040609136 118.67512690355329
1090 1005 38 216.81125226860254 163.42770719903208 135.8396854204477
1020 1005 26 223.14554579673776 162.6737766624843 116.79171894604767
971 1005 17 195.00315457413248 151.82018927444796 114.09463722397476
1965 1004 28 220.38512763596006 158.826859045505 114.86348501664817
2017 1003 17 220.64037854889588 159.95268138801262 116.93059936908517
1539 999 27 131.89209535759096 172.64868255959848 134.0125470514429
1299 1000 38 109.83424077434968 158.53115547489415 126.20931639443437
433 997 52 195.11096301232922 150.84738420526492 113.62679106964346
1647 993 25 171.46685472496475 157.00423131170663 111.57686882933709
601 994 18 149.3183023872679 146.74005305039788 135.06100795755967
545 992 30 195.4816650148662 151.41526263627352 114.05252725470763
1357 990 12 172.10738255033556 158.85906040268455 112.25503355704697
703 989 18 193.3527851458886 150.57824933687002 114.35278514588859
867 987 9 204.25925925925924 164.39506172839506 127.82716049382715
812 987 51 194.75874708430524 151.40753082305898 113.59646784405199
739 987 15 194.85375494071144 151.86956521739128 114.49407114624505
909 985 39 194.92982456140354 151.73865698729583 114.10768300060496
1969 976 10 204.76991150442478 131.92920353982302 104.16814159292035
1411 976 35 195.32702112163147 151.43991260014568 114.07938820101967
655 965 27 148.34378920953574 146.08782936010036 134.0276035131744
354 962 29 221.44839067702554 159.7591564927858 115.65926748057714
1049 961 16 150.79179810725552 147.90851735015772 135.29652996845425
977 961 24 195.76182707993476 153.22185970636215 115.51549755301795
1917 959 31 192.97874224977858 149.28077945084146 113.48184233835252
1860 959 18 149.0079575596817 145.22811671087533 134.79575596816974
1971 958 17 229.17665615141956 121.78233438485805 109.36277602523658
506 958 16 194.85173501577287 151.50788643533122 115.40378548895899
1704 958 33 195.33015115354019 150.82657120127288 113.63882259347653
1145 945 26 149.47176913425344 147.6298619824341 135.05771643663738
604 944 18 131.83554376657824 173.14588859416446 134.46949602122015
1599 939 39 196.22565033272838 151.22504537205083 113.56079854809438
1788 938 49 131.16850513503235 171.51160136934197 133.8623050589578
1344 934 36 172.05141727092945 130.36321687541198 102.0309822017139
808 933 7 188.99999999999997 165.55102040816325 128.73469387755102
734 934 37 170.4489123269611 157.87013843111401 110.20500988793671
1033 932 20 193.40136054421768 151.30839002267575 114.54195011337869
2037 928 51 219.67877374208598 158.93635454848385 115.08497167610797
548 927 29 238.75027746947836 128.3163152053274 114.61598224195339
1083 924 30 150.5589692765114 148.65609514370664 135.89593657086223
1226 924 50 195.39454094292805 152.26373626373626 114.02304147465438
866 923 24 173.15334420880913 160.6851549755302 111.74551386623165
1497 921 49 150.51502472422976 147.24572080639027 135.4903004944846
1658 920 19 195.09814323607426 150.74005305039788 114.02652519893898
1296 921 12 194.95973154362414 152.16107382550337 115.13422818791946
402 919 29 221.63263041065483 160.14095449500556 115.7025527192009
923 915 26 109.84943538268506 158.49811794228356 126.1104140526976
948 913 12 118.7718120805369 134.8523489932886 107.9463087248322
1420 912 25 195.04513399153737 151.04372355430183 113.76445698166431
352 912 16 221.4826498422713 160.74447949526814 116.54258675078864
475 910 38 221.9189352692075 160.60012099213552 115.9425287356322
979 907 31 171.88219663418954 130.77147918511957 102.42692648361383
1876 905 29 171.3795782463929 157.5227524972253 111.55715871254162
806 905 26 172.59723964868255 160.2082810539523 111.70138017565871
1957 904 30 170.27651139742318 128.93657086223985 102.16551040634292
669 901 21 131.90737240075615 173.83931947069945 134.91304347826087
1697 892 27 148.72772898368882 145.18946047678796 134.2245922208281
602 884 38 215.03811252268605 161.50514216575925 134.61403508771932
1640 883 21 150.765595463138 146.97542533081287 136.2117202268431
1380 882 22 173.20982986767487 160.1398865784499 112.11531190926276
1044 878 27 195.05646173149307 152.2396486825596 114.23212045169385
536 878 23 221.9021207177814 161.30179445350734 116.33768352365416
884 875 19 222.3050397877984 162.0 116.51989389920423
762 874 19 221.46153846153845 160.56233421750662 115.73209549071618
1090 873 13 150.51269035532994 148.30456852791878 135.39593908629442
1573 870 30 216.19722497522298 161.3211100099108 135.27254707631317
1154 868 39 131.14216575922566 175.33151845130067 134.67090139140956
369 864 28 111.17758046614873 157.74361820199778 126.97447280799112
709 864 29 222.09211986681464 161.6093229744728 116.40399556048835
1309 862 37 173.77191825972312 161.5108767303889 111.25444957152273
1001 862 15 222.77470355731225 163.14624505928853 117.21739130434781
1748 857 30 215.3617443012884 160.61149653121902 134.6045589692765
2048 856 14 218.71573604060913 158.96446700507613 116.92385786802029
838 856 25 237.6755994358251 127.0888575458392 112.87588152327221
798 854 14 171.5431472081218 158.48223350253807 111.43654822335024
434 853 30 171.03865213082258 157.96729435084242 111.09117938553022
1916 850 29 193.47835738068812 149.84794672586017 113.25416204217537
1438 850 35 223.92352512745813 161.96941005098327 115.68244719592134
555 848 16 111.69085173501577 156.58359621451103 126.06309148264984
1834 846 37 171.36849044166115 157.79894528675015 111.61832564271587
938 845 36 222.8081740276862 162.6005273566249 116.77785102175345
1511 844 28 216.44506104328525 162.00554938956716 135.6170921198668
1243 840 24 173.67536704730833 161.63458401305058 110.82381729200652
1997 838 35 191.62563729060452 148.69191551347416 113.01529497450838
1695 836 21 149.87523629489604 146.09262759924385 135.0
501 830 31 170.6102745792737 158.4233835252436 111.06465899025687
771 826 17 171.45425867507885 159.08201892744478 111.5141955835962
1371 823 31 222.85828166519045 162.2798937112489 116.79627989371126
882 822 20 222.3356009070295 161.75736961451247 115.9546485260771
655 822 30 131.26560951437065 173.31020812685827 134.49157581764123
1628 821 36 150.2623599208965 146.93803559657218 135.7297297297297
1199 819 19 215.83554376657824 163.368700265252 135.9389920424403
1078 818 37 222.24060646011864 162.3381674357284 116.28609096901779
1780 811 20 222.06122448979593 160.72562358276645 115.88662131519274
1564 809 21 150.2117202268431 146.48771266540643 135.33837429111531
1001 809 31 237.70770593445528 127.73693534100974 112.59167404782994
1735 803 18 150.17771883289123 146.52254641909815 135.6286472148541
536 801 8 174.50617283950615 162.62962962962962 119.33333333333333
1884 800 20 170.15419501133786 156.53968253968253 111.31519274376417
717 798 28 221.6725860155383 161.19977802441733 116.2630410654828
588 798 37 108.87738958470665 157.59854976928148 125.54779169413315
2032 796 11 191.92617449664428 151.15436241610738 117.87248322147651
1696 793 16 223.82018927444796 162.9116719242902 118.5141955835962
1279 794 30 223.09712586719525 163.62041625371654 117.64222001982161
1940 792 29 192.4206437291898 149.38068812430632 113.40621531631521
771 792 12 170.993288590604 158.7785234899329 112.51677852348993
827 791 35 173.2257829570284 160.7006554989075 111.23743627093955
1331 783 19 238.04774535809017 127.9681697612732 113.90185676392572
1146 783 33 216.19570405727924 163.68337311058076 135.99124900556882
1421 781 29 170.92341842397337 129.94450610432852 102.24750277469478
431 778 37 171.96440342781804 159.58470665787738 111.8780487804878
1493 773 36 195.3539881344759 151.46802900461435 114.26170072511535
1553 770 15 195.5573122529644 151.97233201581025 114.95256916996047
1831 769 31 170.7953941541187 157.162976085031 111.56067316209035
1219 764 31 215.14171833480958 162.85651018600532 135.6545615589017
1996 764 27 192.19949811794226 149.4767879548306 113.62735257214554
504 762 31 170.91762621789195 158.75022143489815 110.73339238263951
1596 759 24 194.59216965742252 150.64763458401305 114.02446982055466
912 759 48 170.65157854697605 129.58691517687333 101.36744009128947
1057 755 18 173.56763925729442 162.03978779840847 112.22811671087533
1368 749 26 194.7452948557089 151.39899623588457 113.84567126725219
1757 748 38 237.07380520266184 124.90804597701151 111.74168179068361
1107 745 24 109.15823817292006 159.0130505709625 126.02120717781403
1662 743 38 223.12643678160921 161.53297035692682 116.22141560798549
998 742 32 222.6873339238264 162.977856510186 117.07528786536759
752 742 31 215.21346324180692 161.65899025686448 134.75996457041632
1899 739 30 169.6451932606541 156.61942517343905 111.05252725470763
1540 733 22 171.85255198487712 130.0037807183365 102.62003780718337
659 732 48 147.88360593381515 145.68961582350704 133.59528337771016
1858 724 14 112.49238578680202 156.12690355329948 126.55329949238578
563 721 37 194.54911008569545 151.7785102175346 114.40342781806196
1475 720 14 195.38578680203045 153.03045685279187 116.43654822335024
1303 719 39 195.77434966727165 152.57410768300062 114.26013309134908
822 715 32 131.83790965456157 175.05137289636846 134.6873339238264
458 715 25 171.80112834978843 159.65303244005642 111.97884344146685
1242 713 14 196.38578680203045 154.35025380710658 116.57868020304568
1957 712 27 193.36260978670012 150.72647427854454 114.72647427854453
1424 711 31 195.0327723649247 152.08768821966342 114.71744906997343
1592 699 31 194.67316209034544 150.98582816651904 114.10983170947742
1724 695 20 222.5124716553288 161.546485260771 116.44897959183673
1163 690 48 149.57664511220997 148.65195891974136 135.11601369341955
1112 688 12 120.87919463087248 146.8926174496644 123.75167785234899
1000 689 14 214.68527918781723 163.11167512690355 136.4010152284264
1069 688 43 110.6883545497407 162.46628948609145 128.45214521452147
1367 687 23 195.8662316476346 153.02610114192495 115.27895595432301
777 687 14 214.18781725888323 161.11167512690355 134.71573604060913
1684 683 14 173.73604060913704 159.98477157360404 113.23857868020303
725 683 27 214.97365119196988 162.74905897114178 135.67252195734002
1511 679 38 110.41742286751362 159.3629764065336 127.20145190562614
950 679 28 214.89678135405106 162.26415094339623 135.0033296337403
503 673 29 194.96670366259713 152.63263041065483 115.19977802441731
1253 669 26 195.5370138017566 152.8155583437892 114.81430363864492
1912 667 38 109.79975801572898 156.98306110102845 126.0744101633394
1805 667 53 221.73325023371765 161.32159551262075 116.25490807105017
877 660 38 150.09618874773142 148.51058681185725 135.3036902601331
567 658 22 195.02079395085067 152.43100189035917 115.02835538752363
812 656 21 131.72778827977316 174.85444234404537 134.359168241966
689 653 21 171.7202268431002 158.73534971644614 111.20415879017014
629 653 29 193.2297447280799 150.56492785793563 113.85460599334074
1640 650 29 174.38068812430632 161.23529411764707 112.86792452830188
1327 643 34 238.29196499602227 127.9848846459825 113.206046141607
1573 642 26 174.2396486825596 161.30991217063988 112.24090338770388
1209 640 18 171.3740053050398 131.3660477453581 103.62599469496021
1002 638 28 215.44284128745838 162.93673695893452 135.43951165371809
1713 631 37 172.9353988134476 159.89321028345418 112.340804218853
1108 630 22 148.7429111531191 147.91304347826087 134.30434782608697
1425 622 49 173.97185241536707 161.61316089767973 111.85621909471283
1063 622 17 130.4794952681388 174.6435331230284 134.08832807570977
934 623 22 149.68241965973536 148.18336483931947 134.75425330812854
523 623 20 193.51473922902494 151.2925170068027 114.43083900226758
757 622 37 222.4700065919578 162.20303230059326 116.64337508239946
839 620 13 195.10152284263958 153.63959390862942 117.05076142131979
1881 611 17 170.9211356466877 157.89905362776025 112.8801261829653
1660 604 18 112.25198938992042 158.6021220159151 127.62068965517241
1260 599 38 222.85420447670904 163.38838475499094 117.30732002419843
1520 598 38 173.95704779189353 161.291591046582 112.28675136116154
582 591 38 195.03811252268605 152.41016333938296 114.61705989110709
1169 590 39 194.4222625529341 152.17785843920146 114.26134301270419
681 588 37 170.91694133157546 158.66381015161502 110.33618984838496
1107 584 17 194.5173501577287 152.63406940063092 115.30283911671924
974 583 26 223.60602258469257 163.9109159347553 117.51819322459221
818 579 28 173.49722530521643 161.06659267480578 111.67036625971143
1759 578 27 221.3776662484316 161.43036386449182 117.12170639899622
1602 577 38 173.91954022988506 161.1143375680581 112.15003024803389
1831 574 36 220.88398154251811 161.4475939353988 117.04943968358602
1346 569 34 173.9244232299125 162.1622911694511 112.0540970564837
892 565 45 195.98383573612932 152.99825251201398 114.50152905198777
1050 563 38 174.41318814277074 162.56140350877195 111.28251663641865
1438 546 3 210.46153846153848 179.0769230769231 148.0
1688 546 39 221.99395039322445 161.7307924984876 116.805202661827
1224 543 20 222.48299319727892 163.10430839002268 117.25170068027211
755 543 32 222.41009743135518 161.64924712134632 116.15589016829053
1408 542 21 195.75614366729678 153.30056710775048 115.3421550094518
627 539 22 172.46313799621927 159.9867674858223 111.92438563327032
1114 537 28 171.7813540510544 131.10987791342953 102.82463928967813
1181 534 17 221.09779179810724 162.5583596214511 117.69400630914826
1447 528 8 196.01234567901233 158.9753086419753 126.20987654320987
1284 528 28 222.86348501664818 162.95782463928967 116.97558268590456
1432 517 2 218.4 194.60000000000002 166.20000000000002
827 518 30 110.38255698711595 159.6759167492567 127.0009910802775
1534 516 31 195.5597874224978 152.762621789194 115.13197519929142
1774 511 38 236.74531155474895 127.46098003629766 113.7199032062916
973 500 49 222.77710155952835 162.7379231647014 116.44579688094333
890 499 24 173.79771615008158 133.21044045677 104.81402936378467
1152 497 20 224.140589569161 165.1950113378685 118.88888888888889
1058 498 22 174.32703213610586 162.59735349716448 112.06427221172024
1348 494 31 173.5686448184234 161.72807794508415 111.28077945084145
1411 490 26 194.97867001254704 152.74027603513173 114.83563362609786
686 489 50 238.67919177596596 128.32009925558313 113.89188231123715
769 487 20 222.84126984126985 162.3356009070295 117.02267573696146
1296 484 10 223.0353982300885 166.36283185840708 121.7787610619469
1473 482 31 172.0903454384411 131.24092116917626 103.4472984942427
1102 480 17 195.1167192429022 153.29652996845425 115.50473186119874
1613 478 50 170.96774193548387 130.05281814959235 102.38461538461539
1225 462 48 239.38531761125904 130.86610878661088 115.36934195511601
798 452 15 171.2885375494071 158.38339920948616 111.58498023715414
1708 452 38 194.96128251663643 152.11252268602541 115.03327283726559
810 451 12 158.48993288590603 140.84563758389262 101.63758389261744
1383 450 18 111.73474801061008 160.76127320954907 128.18832891246683
1304 449 21 222.71077504725898 162.95274102079395 117.11909262759924
914 448 21 238.69943289224955 131.2703213610586 115.9678638941399
849 447 38 195.2613430127042 152.40592861464006 114.71506352087115
1531 443 29 194.87014428412874 152.37846836847947 115.06437291897892
1073 440 31 109.29672276350753 159.3303808680248 126.24003542958371
1136 439 31 195.23560673162092 152.8060230292294 115.04960141718335
750 427 30 222.2398414271556 162.17343904856293 117.20614469772052
1431 415 39 194.87840290381126 152.16696914700546 114.50816696914701
1496 411 15 172.17391304347825 160.1897233201581 112.89328063241106
1005 409 37 223.2175346077785 163.48582729070532 117.41595253790375
1350 405 30 173.85232903865213 161.52725470763133 111.91278493557978
1651 402 29 194.58823529411765 152.2475027746948 115.36958934517203
933 399 28 174.5338512763596 162.24861265260822 112.19311875693674
880 398 17 172.10725552050474 160.5520504731861 112.06309148264984
1277 390 36 222.81872116018457 162.59854976928148 116.59393539881344
815 387 31 171.99822852081488 159.81930912311782 111.61204605845882
1109 386 25 173.99294781382227 162.12976022566997 111.74188998589563
1196 384 35 174.31609613983977 162.04734158776404 111.85287691187182
1578 382 43 172.57991513437057 160.12399811409713 112.32248939179632
1060 377 18 174.56498673740052 162.40053050397879 113.12997347480106
1323 357 18 237.39787798408486 129.43236074270555 114.40053050397877
891 351 31 109.73073516386182 158.81399468556245 126.52967227635075
1137 350 16 238.801261829653 130.66246056782333 115.6340694006309
1022 344 21 223.6030245746692 163.8431001890359 118.04347826086956
1491 343 43 173.25176803394626 160.96181046676097 112.41819896275342
958 342 28 222.58823529411765 163.3163152053274 117.56492785793563
1240 336 20 223.99773242630386 165.14512471655328 119.4920634920635
1394 328 50 109.3062743707905 158.89436370081532 126.36299184686281
1084 319 38 223.62189957652754 163.89352692075016 118.05021173623716
998 310 13 223.5228426395939 165.9492385786802 120.92385786802029
1173 306 38 223.4767090139141 164.2734422262553 118.5783424077435
1030 304 11 221.35570469798657 164.69127516778522 121.5503355704698
1297 302 37 222.88859591298615 163.18061964403427 117.50692155570204
1236 288 18 223.75331564986737 165.77453580901857 120.946949602122
1216 98 3 169.92307692307693 175.46153846153848 172.84615384615387
