1186 2258 2 151.20000000000002 148.4 152.20000000000002
1185 2252 3 141.53846153846155 135.3846153846154 135.3846153846154
1183 2249 2 115.4 110.60000000000001 109.80000000000001
1090 2085 25 132.24541607898448 133.2397743300423 97.94499294781382
1315 2084 14 185.497461928934 174.85279187817258 118.60406091370558
1158 2083 33 155.0381861575179 151.115354017502 110.06205250596659
1238 2080 37 131.91562294001318 132.8668424522083 97.31245880026367
1021 2063 27 131.01631116687577 132.17565872020074 96.27728983688833
1435 2060 25 154.55007052186178 150.75599435825106 110.74612129760226
1364 2059 35 184.98470502549162 173.95848506919157 117.89147851420249
897 2047 23 153.815660685155 150.09298531810768 109.59543230016314
1299 2046 25 151.69675599435826 147.8913963328632 108.06629055007052
1493 2040 23 155.10277324632955 150.7862969004894 110.82055464926592
1073 2040 19 183.9098143236074 173.26525198938992 117.15384615384615
957 2037 33 183.54017501988864 173.27764518695307 116.72315035799524
1200 2026 21 134.1984877126654 134.36862003780718 98.50283553875236
836 2016 20 132.14965986394557 132.73696145124717 97.01814058956916
1547 2010 23 184.42903752039152 173.1941272430669 118.39314845024471
1469 2004 10 187.94690265486724 176.83185840707964 122.88495575221239
1131 2003 42 184.67414584395718 173.81336053034167 117.35645079041306
952 2002 8 179.76543209876542 171.2222222222222 124.08641975308642
1425 2001 30 133.74033696729435 133.97423191278494 99.18235877106045
1252 1997 32 185.33835252435784 174.35606731620905 117.86625332152347
1506 1996 15 183.73517786561263 172.52569169960472 117.9288537549407
1610 1988 35 131.14348142753096 131.83903860160234 97.53095411507648
886 1984 34 130.68257756563247 131.4598249801114 96.21320604614161
1198 1978 19 133.56763925729442 134.28116710875332 99.6710875331565
1033 1974 51 154.76541152949017 150.98033988670443 109.1946017994002
949 1974 24 185.1468189233279 174.3605220228385 117.85318107667212
1343 1969 53 132.88875038952943 133.11872857588034 97.62231224680586
1474 1963 23 135.02120717781403 134.93964110929855 99.8189233278956
1673 1956 28 132.50943396226415 132.9100998890122 98.58157602663707
801 1946 52 184.02999000333222 173.136287904032 116.78273908697102
1275 1945 12 187.04697986577182 175.5704697986577 120.69127516778524
1538 1944 35 156.51274581209032 152.0575382374363 110.65477057538239
921 1939 13 156.74111675126903 152.03553299492384 112.10152284263958
1108 1936 25 133.5669957686883 134.1410437235543 98.22566995768688
1229 1933 31 154.2311780336581 150.41718334809568 109.52524357838796
1595 1932 17 156.03154574132492 151.38170347003154 111.23659305993691
1425 1930 29 185.20421753607104 173.98002219755827 118.20532741398446
703 1930 40 155.4355828220859 151.32459564974903 109.91132180702733
1165 1928 24 132.97063621533442 133.8548123980424 98.34584013050572
1483 1914 21 156.08506616257088 151.52551984877127 110.93950850661626
1645 1904 21 183.55576559546316 172.8695652173913 118.40264650283554
884 1903 32 154.70859167404782 150.7289636846767 109.92648361381754
963 1901 37 133.21028345418588 133.6677653263019 97.93869479235332
1699 1894 30 134.5213082259663 134.66105054509416 99.46283448959366
1023 1893 17 185.53312302839117 174.20820189274448 117.79179810725552
640 1892 25 154.0098730606488 150.02115655853314 109.66713681241184
1293 1890 33 134.3651551312649 134.9021479713604 98.83850437549722
1140 1887 16 187.93059936908517 176.84858044164037 118.89274447949526
1368 1876 37 187.17930125247196 175.8727752142386 118.8121292023731
1242 1874 12 186.43624161073825 174.8993288590604 119.63758389261744
1590 1872 35 132.75091041514932 133.29351784413694 98.03423160961398
1195 1873 33 156.96022275258554 152.64598249801114 110.53778838504375
1079 1868 39 186.92921960072596 175.99939503932245 118.25347852389595
835 1867 22 132.531190926276 132.7826086956522 97.40642722117202
1517 1864 32 186.066430469442 174.71213463241807 118.74756421612047
1448 1860 34 134.10660302307082 134.3150357995227 98.90214797136039
1762 1858 40 185.47462353597325 174.30451756832127 118.23480200780816
688 1855 27 133.07779171894603 133.3814303638645 97.29987452948556
1654 1850 26 185.44416562107904 174.36888331242156 119.04893350062734
762 1849 42 184.03569607343192 172.859255481897 116.54614992350842
1140 1848 16 186.38170347003154 175.06624605678232 117.61829652996845
1319 1843 16 157.2365930599369 152.28706624605678 111.59621451104101
557 1842 18 134.2838196286472 133.87002652519894 99.90716180371352
898 1838 26 185.76035131744038 174.3889585947302 118.5483061480552
952 1837 20 134.91383219954648 134.7641723356009 99.51700680272108
1011 1834 34 156.31026252983295 151.6722354813047 110.25696101829755
615 1830 33 131.63643595863167 131.96897374701672 97.03182179793158
1705 1828 21 155.3742911153119 151.1039697542533 110.91115311909263
1841 1828 26 132.66875784190714 133.26097867001255 98.48180677540778
1606 1818 15 154.66403162055335 150.39130434782606 111.42687747035572
1114 1815 17 187.82018927444796 176.16403785488959 118.88643533123027
1478 1813 15 185.14229249011856 174.22529644268772 119.43083003952569
1377 1814 20 135.51473922902494 135.27891156462584 100.48526077097506
1245 1810 37 185.96506262359918 174.88200395517467 118.1404087013843
1170 1810 28 134.42619311875694 134.93673695893452 99.5072142064373
845 1806 31 133.1346324180691 133.67139061116032 98.49689991142604
1071 1798 22 134.1663516068053 134.6389413988658 99.53686200378073
1792 1793 27 133.49435382685067 133.99247176913426 98.70890840652446
736 1792 13 157.1725888324873 151.98984771573603 111.53807106598984
556 1792 26 184.76537013801754 173.24341279799245 117.91718946047678
1431 1788 32 156.2223206377325 151.93002657218778 111.12488928255094
1321 1787 33 134.51630867143993 134.34049323786795 98.68416865552904
969 1787 24 187.0456769983687 175.47797716150083 119.17128874388256
679 1786 34 155.08830548926014 150.9562450278441 110.05966587112172
910 1779 30 156.30921704658078 151.85133795837461 110.90287413280475
1650 1778 35 132.9905316824472 133.86890021849965 98.51347414420977
1029 1775 18 134.2970822281167 134.12997347480106 99.93633952254642
1894 1774 13 183.58883248730962 172.57868020304568 120.01522842639594
1538 1773 53 185.32128388906202 174.51230913057026 118.61826114054222
1134 1773 19 190.65782493368698 124.76127320954906 115.06366047745358
504 1771 25 154.31311706629054 150.0719322990127 110.6064880112835
1728 1770 37 154.38826631509556 150.35398813447594 109.77916941331574
1848 1767 27 183.86323713927226 173.17565872020074 118.05897114178167
612 1762 26 185.0702634880803 173.70514429109159 117.59598494353826
786 1759 37 132.19973632168754 132.65194462755437 97.51944627554383
1265 1755 13 190.59390862944161 124.90862944162436 115.03553299492386
1374 1752 25 187.22425952045134 175.7475317348378 119.0592383638928
1604 1749 8 185.30864197530863 174.9506172839506 123.43209876543209
719 1734 21 186.23251417769376 174.8865784499055 118.61814744801512
554 1733 26 133.51693851944793 133.6863237139272 98.37013801756586
1298 1729 26 221.17440401505644 163.23839397741529 134.00627352572144
1198 1727 52 220.62945684771742 162.61179606797734 132.9013662112629
664 1728 18 132.10079575596816 132.22015915119363 97.6498673740053
994 1726 36 220.49044166117335 162.05141727092945 132.76268951878706
1083 1725 43 189.96133899104197 124.18764733616219 113.93305044790193
1464 1724 32 154.96368467670504 151.25155004428697 110.64038972542073
857 1719 39 186.77434966727165 175.1869328493648 118.31155474894133
1899 1719 35 132.45812090313183 132.99417334304442 98.2993445010925
1667 1717 22 132.46313799621927 133.45179584120984 98.16068052930056
926 1710 24 189.77977161500817 124.26427406199022 114.08972267536706
1604 1708 23 155.28874388254488 151.4110929853181 110.62969004893965
1406 1708 18 157.05039787798407 152.3819628647215 111.62334217506631
755 1706 19 133.16445623342173 133.59946949602121 97.6604774535809
1718 1700 25 184.41748942172072 174.10578279266574 118.31593794076163
488 1698 41 185.4778174400816 174.02141764405917 118.30800611932688
1806 1693 54 133.2701776254285 133.81645372390153 98.48426301028357
612 1692 39 133.3629764065336 133.60435571687842 97.98306110102844
1503 1690 14 186.2182741116751 175.4010152284264 119.76649746192892
1349 1690 32 190.7803365810452 125.2621789193977 115.15057573073517
551 1689 14 187.28426395939084 175.7664974619289 118.52791878172587
1034 1685 17 220.9558359621451 164.00315457413248 134.5583596214511
1553 1684 28 133.49056603773585 134.26526082130965 99.19644839067703
425 1677 22 133.5765595463138 133.34404536862004 98.85255198487712
696 1674 37 155.25379037574157 150.48714568226762 110.26038233355305
1457 1667 17 185.5520504731861 175.1955835962145 119.1198738170347
1134 1663 29 133.6947835738069 134.44062153163154 98.88790233074361
1274 1660 38 190.75136116152453 125.53357531760436 115.08590441621295
888 1660 22 189.49149338374292 124.95274102079395 114.78449905482042
1644 1656 36 154.82860909690177 151.0059327620303 110.54647330257086
1950 1655 38 183.22020568663038 173.14942528735634 118.1058681185723
1909 1654 12 154.4496644295302 148.70469798657717 106.1006711409396
1885 1655 25 152.44710860366715 148.77433004231312 108.20592383638927
1405 1655 26 219.98870765370137 162.69887076537012 133.67879548306146
952 1650 37 191.1588661832564 125.31245880026367 114.60250494396836
1712 1647 24 134.55791190864602 134.76019575856444 99.41435562805873
798 1643 52 133.52782405864713 133.63578807064312 97.67844051982672
1512 1643 25 133.24823695345557 134.12693935119887 99.14950634696756
1066 1640 33 186.19331742243438 175.9236276849642 118.49085123309467
1347 1637 14 220.0659898477157 162.46700507614213 133.50761421319797
1577 1631 25 184.8956276445698 174.1607898448519 118.95909732016925
1758 1626 23 154.38988580750407 150.76345840130506 110.81239804241436
1199 1626 38 134.51724137931035 135.66182698124624 99.06170598911072
643 1626 26 155.95734002509408 151.60853199498118 111.28481806775407
1012 1624 19 134.50397877984085 134.9442970822281 99.94429708222812
383 1616 18 185.14323607427056 174.15649867374003 118.59151193633951
451 1615 39 133.81851179673322 133.681185722928 98.32909860859046
554 1612 54 154.1717045808663 149.94110314739794 109.21221564350265
1831 1609 29 184.08546059933408 174.35183129855716 118.61043285238624
1456 1609 34 190.04136833731107 125.24661893396977 115.35719968178202
1312 1608 22 191.40642722117204 127.06427221172024 116.62003780718337
1258 1599 23 158.0309951060359 153.82707993474716 111.94127243066885
1622 1594 23 132.8042414355628 133.768352365416 99.07014681892333
881 1593 37 221.0309822017139 163.04746209624258 133.36387607119315
1127 1593 34 156.54892601431982 152.78202068416866 110.78281622911695
709 1592 38 132.69570477918936 133.10586811857232 97.32244404113733
1901 1591 32 183.70150575730736 173.92648361381754 118.10186005314438
1378 1589 36 220.22148978246537 162.68029004614368 133.6229400131839
944 1587 18 220.13793103448273 162.79840848806364 133.24403183023873
1686 1581 37 185.54119973632166 175.17996044825313 118.94001318391561
1978 1580 40 154.43112102621305 151.21249302844396 110.66313441160068
1531 1578 36 134.0085695451549 134.81674357284112 99.55372445616348
1067 1573 25 133.25387870239774 134.37940761636108 98.31875881523273
826 1565 16 181.6719242902208 132.42902208201892 102.6340694006309
1001 1562 37 114.57877389584706 137.8319050758075 118.52406064601186
1770 1558 41 133.42784293727692 134.60734319224886 99.40285568587456
389 1558 39 153.40350877192984 149.08771929824562 109.3145795523291
1218 1557 28 185.75471698113208 175.6059933407325 118.496115427303
1588 1556 20 132.68480725623584 133.29931972789117 98.27437641723357
1169 1552 19 159.2864721485411 155.27055702917772 111.88859416445622
1635 1549 19 133.40583554376659 134.41909814323606 99.24403183023873
635 1549 37 185.31839156229398 174.14700065919575 118.569545154911
2030 1548 17 153.4353312302839 149.62460567823342 110.89274447949526
1847 1547 27 131.63989962358843 132.91342534504392 98.24717691342533
772 1541 36 185.7771918259723 174.81872116018457 118.8543177323665
1295 1539 38 133.48275862068968 134.7059891107078 99.13853599516032
925 1537 27 190.69259723964868 125.4065244667503 115.1806775407779
1717 1531 15 155.5810276679842 151.6798418972332 111.37154150197628
700 1529 21 154.41020793950852 150.28733459357278 110.0453686200378
467 1527 39 184.68905021173626 173.6019358741682 118.10707803992742
1910 1525 30 132.61050545094153 133.94251734390485 98.64915758176411
1368 1526 23 220.78955954323 163.2414355628059 134.14192495921696
869 1525 26 221.09284818067752 163.0125470514429 133.72271016311166
1961 1519 16 184.9621451104101 175.1135646687697 119.52681388012618
1115 1517 35 186.73561544064094 176.36780772032049 118.46831755280408
1453 1516 52 191.68810396534488 125.92302565811397 115.75308230589803
967 1515 11 118.4496644295302 139.5234899328859 121.30872483221476
2057 1514 20 132.76190476190476 133.40136054421768 99.12018140589569
556 1512 39 133.7543859649123 134.1935874168179 98.42165759225651
1671 1511 28 185.04994450610434 174.45615982241955 119.02885682574917
1047 1510 25 115.71227080394922 138.79407616361073 119.92383638928068
1807 1506 15 133.31620553359681 133.71541501976284 99.74703557312252
333 1506 19 187.03448275862067 176.0 120.61273209549071
820 1505 17 182.3533123028391 132.54889589905363 102.37854889589904
1617 1504 23 156.86460032626428 153.0799347471452 111.5089722675367
1552 1501 35 187.29351784413694 176.49453750910416 119.6001456664239
2005 1501 28 181.76803551609322 171.94228634850168 117.81798002219756
378 1497 18 134.04774535809017 133.68169761273208 99.02122015915118
1192 1494 35 134.60233066278224 135.84486525855792 99.69555717407138
618 1492 16 154.58675078864354 150.50157728706625 110.91482649842271
667 1487 25 132.54866008462622 133.10296191819464 98.11565585331452
721 1484 21 153.91115311909263 150.1266540642722 109.60302457466919
1936 1482 17 155.3533123028391 151.79179810725552 110.85488958990535
855 1479 11 226.51677852348993 175.7986577181208 132.3489932885906
771 1478 18 134.67904509283818 134.80106100795754 99.61273209549071
1855 1475 39 183.55293405928617 173.45674531155476 117.96128251663643
1261 1471 33 157.24423229912492 153.81384248210026 111.73826571201273
586 1468 12 185.79194630872482 174.79194630872482 120.31543624161074
909 1466 37 191.44693473961766 126.09162821357943 115.41463414634146
991 1464 36 140.30652603823336 176.13777191825972 136.83849703361898
1339 1462 37 187.16216216216213 176.86090969017798 119.13513513513513
422 1462 31 131.6979627989371 132.18246235606733 97.5155004428698
1746 1461 52 155.95568143952016 152.3358880373209 111.18093968677108
1972 1459 20 131.49433106575964 132.83446712018142 97.94104308390023
488 1453 32 155.3675819309123 150.84676705048716 110.67227635075288
1514 1453 22 190.4499054820416 126.45557655954632 116.32136105860114
1406 1452 19 193.05039787798407 128.03713527851457 117.45888594164455
2059 1446 38 129.77374470659407 130.46521476104056 96.55535390199638
1580 1443 25 157.13681241184767 153.1212976022567 112.07475317348378
686 1442 17 182.24921135646687 172.09148264984228 118.05993690851734
343 1442 39 131.50211736237145 131.93103448275863 96.9491833030853
1649 1441 35 133.40786598689002 134.49308084486526 98.83175528040788
1167 1437 22 158.11153119092629 154.22306238185254 112.0132325141777
816 1437 37 226.19248516809492 174.1713909030982 129.2722478576137
627 1437 33 154.7422434367542 151.06523468575975 110.05727923627686
1083 1428 53 134.15238392022437 135.4412589591773 99.16360236833904
743 1427 34 155.76770087509945 151.9482895783612 110.17661097852029
556 1425 31 132.01505757307353 132.98848538529674 98.17537643932684
1927 1424 32 154.2311780336581 150.6457041629761 110.3436669619132
1220 1423 24 134.8172920065253 135.88580750407831 100.04567699836868
875 1419 15 185.4071146245059 174.7786561264822 119.40316205533595
1689 1416 10 187.65486725663717 176.83185840707964 122.7787610619469
1459 1416 37 220.58075148319048 162.62887277521423 133.6156888595913
1387 1411 22 134.96975425330814 135.44612476370511 100.02646502835539
1994 1410 32 131.64836138175377 132.78122232063774 97.9052258635961
1809 1410 22 131.0359168241966 132.59735349716448 97.58790170132325
928 1404 28 211.84350721420645 151.3829078801332 113.6204217536071
1862 1404 27 131.84943538268507 133.06649937264743 98.54705144291091
1710 1400 9 185.93827160493825 175.28395061728395 121.49382716049382
1537 1398 28 194.12208657047725 129.34517203107657 118.73473917869035
1286 1399 36 157.0659195781147 153.63612392880685 111.70665787738957
446 1396 29 133.78246392896781 134.37513873473918 99.10765815760267
679 1390 27 133.56963613550815 134.39021329987452 98.4780426599749
393 1390 21 183.39319470699434 172.7069943289225 117.3913043478261
995 1388 32 156.6386182462356 153.19131975199292 111.71479185119576
312 1379 23 132.6394779771615 133.18597063621533 98.77324632952693
799 1377 24 184.33605220228387 173.78792822185972 117.15008156606852
1604 1375 36 133.82992748846405 134.87607119314436 98.93605800922873
1416 1373 17 220.6782334384858 163.7570977917981 134.42586750788644
1237 1372 13 134.41116751269035 135.40609137055836 101.27411167512689
1678 1370 30 185.29534192269574 175.2418235877106 118.93557978196233
1174 1370 38 186.66001209921356 176.6309739866909 119.03811252268603
1954 1368 19 185.25729442970822 174.83819628647214 118.43236074270557
1752 1368 34 154.9634049323787 151.71917263325378 110.80429594272077
1905 1365 23 154.0636215334421 150.56443719412724 110.4747145187602
1497 1364 15 194.83399209486166 130.82213438735178 119.80632411067192
869 1364 36 183.3539881344759 133.93803559657218 103.09492419248517
509 1360 38 185.71929824561406 175.04113732607382 118.6291591046582
1821 1358 25 130.33427362482368 131.90973201692523 97.26093088857546
1358 1352 37 134.9874752801582 136.1654581410679 100.29136453526696
1047 1350 25 186.14386459802537 176.41607898448518 118.86459802538786
676 1349 12 188.03355704697987 178.49664429530202 121.83892617449663
1991 1348 17 129.8832807570978 130.42586750788644 96.69716088328076
362 1347 24 185.90375203915173 174.51223491027733 118.95758564437195
736 1345 39 131.2571082879613 133.08711433756807 97.81911675741078
606 1345 52 186.01966011329557 176.26291236254582 119.03865378207264
2062 1342 53 184.4297288875039 173.6294795886569 118.95169834839514
1537 1342 24 220.09951060358893 163.00489396411095 133.81402936378467
1110 1334 32 155.89548272807795 152.91674047829937 111.38175376439327
1645 1329 18 154.24933687002653 150.82758620689654 110.71883289124668
1262 1329 30 185.5619425173439 176.1248761149653 118.57879088206144
1005 1325 17 134.36908517350156 135.97160883280756 101.11041009463722
941 1324 37 227.79499011206326 176.85102175346077 131.51021753460776
435 1322 40 153.30786391522588 150.111544896821 109.70886781929727
298 1322 34 153.92760540970565 150.31185361972953 110.11217183770883
1461 1320 37 195.78576137112722 129.92089650626235 118.9650626235992
808 1320 26 183.7616060225847 134.63613550815558 103.68255959849435
543 1315 12 187.1744966442953 177.0 119.95973154362416
1865 1313 36 132.08635464733024 133.251153592617 98.07317073170731
1999 1312 12 186.92617449664428 176.5503355704698 121.30201342281879
1403 1311 17 186.60567823343848 176.17981072555204 119.78864353312302
1944 1307 37 183.81410678971653 173.80883322346736 118.21951219512194
681 1307 24 131.2120717781403 133.1761827079935 97.75693311582383
1781 1304 29 183.68701442841288 173.88901220865705 118.2064372918979
503 1303 17 154.96529968454257 151.85173501577287 110.61829652996845
1202 1302 30 132.78790882061446 135.0832507433102 99.39643211100099
1706 1296 40 132.62911321807027 134.05186837702175 98.45566090351367
1593 1293 37 134.45945945945945 135.49110085695452 99.97297297297297
1373 1292 13 188.39086294416242 178.71065989847713 121.95939086294415
1000 1289 11 185.34228187919462 175.5704697986577 120.0
1648 1285 12 182.98657718120805 172.6510067114094 119.66442953020135
1325 1284 30 133.99900891972248 135.84836471754213 99.91377601585728
363 1284 33 131.2370723945903 132.27923627684964 97.34606205250597
1521 1282 31 219.28697962798938 162.06288751107175 133.38706820194864
1138 1281 24 156.54649265905385 153.69820554649266 112.11745513866232
1057 1280 36 133.85695451549108 135.8543177323665 99.295978905735
767 1273 25 131.58251057827925 133.5472496473907 99.33286318758815
1946 1268 11 144.751677852349 140.2281879194631 100.83892617449665
1421 1268 23 220.20554649265907 163.69494290375204 134.77650897226755
1900 1266 17 156.0788643533123 152.30914826498423 110.82965299684543
711 1263 23 155.76672104404568 152.99510603588908 111.14518760195759
561 1263 37 154.5411997363217 151.75741595253788 110.65062623599208
2012 1261 35 130.45229424617625 131.69191551347416 97.24981791697014
1821 1259 29 132.1798002219756 133.41065482796893 97.96004439511654
1756 1258 18 156.3819628647215 152.69496021220158 112.37665782493369
873 1258 52 227.37154281906032 176.84638453848717 131.35854715094968
1373 1257 20 183.69160997732428 174.0544217687075 117.94331065759637
1257 1254 38 157.20266182698126 154.8245614035088 111.99697519661223
419 1253 24 133.06688417618273 134.22022838499186 99.60848287112562
481 1251 34 155.7859984089101 152.73667462211617 111.0540970564837
1194 1250 15 136.05138339920947 137.87747035573122 101.86166007905138
646 1249 38 154.82274652147612 152.28977616454932 110.64186327888689
2087 1248 37 153.65589980224127 149.78312458800264 110.3605800922874
967 1249 33 184.67859984089102 135.11217183770884 102.9705648369133
800 1245 14 186.6954314720812 177.0964467005076 118.99492385786802
1157 1241 14 133.76649746192894 135.06091370558374 99.78172588832487
1017 1241 12 183.1744966442953 174.04026845637583 119.24161073825503
301 1240 32 185.32860938883968 174.91142604074403 118.9229406554473
1947 1239 30 131.98216055500495 133.06144697720515 98.49355797819624
1649 1231 36 155.8220171390903 152.54911008569545 111.25642715886617
1714 1230 22 131.69187145557657 132.55576559546313 97.62948960302458
1104 1220 33 185.10978520286397 176.5894988066826 118.29992044550518
1048 1218 18 157.88859416445624 155.13527851458886 112.84615384615384
1391 1216 24 219.33605220228387 163.7846655791191 134.96247960848288
1573 1215 38 185.93103448275863 175.76769509981852 118.60254083484574
1872 1212 36 154.53988134475938 150.68292682926827 110.54515491100857
1330 1213 38 133.68300060496068 135.48457350272233 99.41560798548095
704 1212 23 132.2756933115824 134.56606851549756 98.82055464926592
1985 1209 18 183.09018567639257 172.6445623342175 118.56233421750663
761 1208 33 185.62768496420048 176.86475735879077 119.0684168655529
594 1205 21 154.3459357277883 152.08317580340264 111.17013232514178
1477 1204 52 196.3295568143952 131.3422192602466 119.97334221926025
370 1202 40 184.1589514779699 174.02007808142778 117.99163413273844
2035 1201 25 130.44851904090268 130.96897038081806 97.12552891396332
825 1194 25 212.76304654442876 153.42736248236955 115.25105782792666
543 1194 31 184.859167404783 175.94331266607617 118.76262178919399
1002 1191 25 219.72214386459802 164.30747531734838 134.74330042313116
1777 1182 53 131.80367715799315 133.35369273917107 98.11904019943907
1272 1182 24 132.6215334420881 135.23164763458402 99.78140293637847
112 1180 2 130.0 123.0 123.2
1697 1177 19 156.03448275862067 152.10875331564986 111.14854111405835
1185 1176 52 184.92835721426192 176.6781072975675 118.64378540486504
118 1175 2 150.8 145.6 148.20000000000002
293 1174 25 132.49647390691115 133.49083215796898 99.20874471086036
926 1171 41 226.9382967873534 177.38296787353391 131.35798062213158
883 1171 10 167.78761061946904 148.09734513274336 110.30973451327434
1942 1171 36 131.40145023071852 132.68292682926827 98.12854317732366
868 1170 14 149.30456852791878 146.30964467005074 107.08629441624365
1540 1169 16 185.7160883280757 175.4416403785489 118.73501577287065
2091 1167 37 182.99670402109425 172.6328279499011 118.1417270929466
1119 1164 13 136.98477157360406 138.46192893401013 103.01015228426395
727 1163 16 185.78864353312304 177.10094637223975 118.97476340694006
464 1158 53 132.41632907447803 134.2679962605173 98.48862574010595
663 1156 41 130.94594594594597 133.80724120346764 97.9724630290668
588 1155 23 154.32952691680262 152.5546492659054 110.81239804241436
1640 1153 37 133.89386947923532 135.0731707317073 100.14370468029004
1323 1150 23 220.04404567699837 164.0831973898858 134.50407830342579
1577 1148 20 133.0498866213152 134.12698412698413 99.55102040816327
1061 1148 38 195.31820931639444 132.3726557773745 120.04839685420448
1393 1145 38 197.37205081669694 132.61766485178464 121.04355716878403
331 1143 17 132.74132492113563 133.85804416403786 98.14826498422713
543 1140 17 155.41640378548897 152.64037854889588 111.77602523659306
999 1137 21 112.05860113421551 135.74669187145557 116.92438563327032
2016 1136 39 182.85238959467637 172.82214156079857 118.01451905626135
1864 1135 40 154.78973786949248 151.4366982710541 110.80758505298384
779 1130 36 131.64798945286748 134.57481872116017 98.23862887277521
2090 1127 11 145.55704697986576 140.81208053691276 101.1006711409396
381 1127 28 153.5449500554939 150.677025527192 109.75471698113208
1455 1126 19 221.14588859416443 164.946949602122 135.43236074270555
1521 1121 32 157.15411868910542 153.6979627989371 112.12223206377325
1263 1121 29 196.58823529411765 132.9778024417314 120.79356270810212
1706 1119 35 184.72614712308814 174.75091041514932 118.86234522942462
854 1118 32 185.84765279007974 177.3985828166519 118.49069973427812
912 1117 19 212.3103448275862 153.67904509283818 115.0026525198939
1133 1110 25 220.20451339915374 165.91678420310296 135.64033850493652
291 1111 27 153.8557089084065 151.04767879548305 110.89209535759096
623 1108 13 186.85279187817258 178.68020304568526 121.1218274111675
959 1106 27 183.03011292346298 135.12045169385195 103.81179422835633
2088 1101 26 130.79171894604767 131.8030112923463 97.96612296110413
1802 1100 24 155.68026101141925 152.39477977161502 111.35725938009789
712 1098 32 153.82462356067316 152.62444641275465 110.56155890168291
1590 1091 33 185.8249801113763 176.02704852824186 119.1066030230708
1948 1089 40 153.42889012827663 150.1974344673731 110.12771890686001
1654 1087 25 132.30747531734838 133.84767277856136 98.48236953455572
1088 1086 16 194.52365930599368 133.38485804416405 121.0
1331 1083 38 220.00060496067758 164.12704174228676 134.03145795523292
572 1084 37 184.4825313117996 176.10217534607776 118.13381674357284
1757 1081 19 131.9389920424403 133.50928381962865 98.78514588859416
1398 1080 21 196.60491493383742 132.55954631379961 121.00378071833649
1033 1080 31 137.17271922054917 175.6767050487157 135.76350752878653
1200 1078 38 196.17241379310346 133.03266787658802 120.60133091349063
654 1074 26 129.65244667503137 132.9435382685069 97.5495608531995
343 1073 29 186.65260821309656 176.84017758046616 119.42397336293008
500 1072 33 131.87907716786 134.09546539379477 98.43754972155928
1539 1068 16 185.13249211356467 175.49842271293375 119.68769716088327
1136 1068 13 196.84771573604058 135.80710659898477 123.31472081218273
817 1068 27 131.90966122961103 135.03638644918442 98.13174404015055
760 1067 17 184.06624605678232 176.7539432176656 118.99053627760252
418 1065 40 153.40936977133296 150.9274958170664 109.76129392080313
1709 1061 16 185.29337539432177 175.76971608832807 120.06309148264984
1461 1061 40 132.88733965421082 134.7473508087005 98.77244841048523
1267 1062 23 196.1957585644372 134.0146818923328 121.92006525285481
1627 1053 12 156.14093959731542 152.54362416107384 112.71140939597315
1808 1048 18 155.52254641909815 152.21485411140583 111.78779840848806
893 1049 41 183.27485976542582 135.26364099949006 103.84854665986742
1872 1044 40 130.83547127718907 132.63636363636365 97.61349693251535
295 1045 18 184.8992042440318 175.2970822281167 119.52519893899203
1086 1039 24 137.5742251223491 175.93637846655793 136.16965742251224
2036 1039 52 154.1476174608464 150.92002665778074 110.53682105964678
971 1036 32 226.04694419840567 177.814880425155 131.73959255978744
1591 1028 24 133.58075040783035 135.03752039151715 100.02936378466558
1238 1028 19 134.06366047745357 136.9655172413793 100.81697612732096
1754 1024 34 155.58154335719968 152.71121718377088 111.84884645982498
1036 1020 21 111.179584120983 135.25519848771268 116.47069943289225
1945 1018 24 183.74388254486135 174.163132137031 118.77977161500816
1152 1015 36 133.37310481212918 136.77323665128543 100.00461437046802
620 1015 31 185.4800708591674 177.60850310008857 118.98317094774137
1529 1015 34 156.99840891010342 153.9172633253779 111.81225139220366
1306 1015 28 134.12985571587126 137.0788013318535 100.38179800221975
799 1015 24 131.8515497553018 134.84502446982057 98.58564437194127
1378 1013 34 185.19331742243438 177.05568814638028 118.23786793953859
551 1012 30 133.2477700693756 135.7571853320119 99.2438057482656
1673 1011 39 132.2280701754386 133.75075620084695 98.9794313369631
398 1007 14 185.0710659898477 176.3959390862944 120.89340101522842
710 1005 51 154.32355881372877 153.0363212262579 110.46051316227924
842 997 23 156.53344208809136 154.89396411092986 112.09461663947798
1262 996 11 185.76510067114094 178.1006711409396 120.2751677852349
475 995 40 131.33909648633576 133.97155605131067 98.50250976017848
336 994 41 131.51810300866904 133.46812850586437 97.79857215706272
1573 991 12 157.6711409395973 153.16778523489933 113.38926174496645
1817 989 29 131.50610432852386 133.38845726970033 98.09100998890122
1002 986 24 212.65742251223492 154.32952691680262 115.39804241435563
955 986 20 158.42857142857144 156.65079365079364 112.98412698412699
2090 983 14 185.76142131979694 176.29949238578678 121.80203045685278
1876 980 17 130.794952681388 132.08201892744478 98.06309148264984
1338 978 17 133.92744479495266 136.7160883280757 100.8359621451104
1614 978 21 225.47069943289225 175.40642722117204 131.062381852552
1216 969 35 185.76911871813547 178.90823015294976 118.89293517844138
1081 970 38 112.12341197822143 136.78644888082275 117.53539019963704
639 968 14 183.85279187817258 176.50761421319797 118.3248730964467
1999 968 22 131.34404536862004 133.11153119092629 98.42722117202268
901 966 25 225.60366713681242 177.37517630465445 131.787023977433
408 963 24 186.65742251223492 177.9331158238173 119.59706362153345
1929 960 33 183.48766905330152 174.6555290373906 118.45902943516309
863 957 14 133.10152284263958 135.4467005076142 99.45177664974618
1453 955 53 132.82736054845745 135.37270177625427 98.95045185416018
590 952 32 153.73427812223207 152.12223206377325 110.37112488928256
1148 951 25 156.32581100141044 155.53173483779972 111.9407616361072
1675 949 25 214.48236953455572 154.6981664315938 115.64033850493652
1024 946 15 224.90513833992094 177.18577075098813 131.86561264822134
1290 944 34 156.19570405727924 154.98886237072395 112.18933969769293
798 941 39 185.95583787053843 178.76043557168785 119.01693889897157
525 941 27 131.90840652446673 134.55959849435382 98.68506900878293
1364 940 28 157.1054384017758 155.4517203107658 112.61154273029967
1553 936 38 183.4670296430732 134.52934059286147 103.4355716878403
2060 934 39 182.6690865093769 173.78221415607987 118.26860254083485
1621 930 22 185.05103969754254 136.76748582230624 105.86200378071834
313 929 21 132.0812854442344 133.87145557655955 99.06994328922495
1748 928 53 185.0788407603615 175.92894982860705 118.67996260517295
453 929 21 130.4820415879017 133.27788279773156 98.50472589792061
1854 922 41 153.7562468128506 151.23253442121367 110.28607853136155
1242 918 13 186.51269035532994 179.91370558375633 120.96446700507613
736 917 28 131.06326304106548 134.48945615982242 97.78135405105438
662 915 39 131.0483968542045 134.43254688445253 98.11978221415609
1917 908 15 154.04347826086956 151.62055335968378 112.05138339920948
1046 909 21 195.54253308128546 133.89035916824196 121.32703213610586
1987 905 38 155.23472474289173 152.50514216575922 111.04295220810648
965 905 52 182.8217260913029 135.29990003332222 103.76807730756416
870 902 34 186.43754972155926 179.31980906921243 118.46778042959427
1408 901 11 157.26845637583892 155.23489932885906 114.50335570469798
1497 898 12 157.02684563758388 154.26174496644296 113.32885906040268
1112 896 31 138.32152347209922 177.90434012400354 137.00354295837025
1190 895 37 130.95319709953856 135.4963744232037 98.40013183915622
565 888 27 185.67879548306146 177.6775407779172 119.06022584692596
381 886 52 185.49816727757414 176.8757080973009 118.84238587137621
799 885 14 147.09137055837562 145.1979695431472 103.9746192893401
1306 883 21 133.03402646502835 136.9810964083176 101.20415879017014
1599 882 25 156.0888575458392 153.15655853314527 112.15655853314527
490 877 41 153.63640999490056 152.18714941356453 110.1392146863845
1674 874 37 182.3968358602505 134.12524719841792 103.32300593276202
709 875 14 155.2690355329949 153.66497461928932 111.72588832487308
2042 873 19 131.289124668435 132.77453580901857 99.20954907161803
1745 871 9 184.5185185185185 175.53086419753086 121.87654320987653
1252 869 25 155.89280677009873 155.64739069111425 111.5641748942172
1368 867 37 132.2036914963744 135.89386947923532 99.15622940013183
1540 865 36 214.99274884640735 155.3480553724456 115.70006591957811
633 864 13 153.65989847715736 152.4517766497462 111.78172588832487
1743 859 12 172.95973154362414 164.64429530201343 113.44295302013423
1861 857 16 131.69400630914825 133.57728706624604 99.25867507886436
1034 857 25 225.7475317348378 178.10719322990127 132.1311706629055
1925 854 37 130.38694792353328 132.32366512854315 97.01252471984178
754 853 32 184.53941541186893 177.4278122232064 118.12134632418069
1449 852 37 184.85234014502305 177.02504943968358 118.65524060646011
1801 850 36 131.33157547791694 133.55899802241265 97.9090309822017
1290 849 12 156.14093959731542 155.45637583892616 113.2751677852349
1153 848 17 114.70347003154573 139.49526813880126 119.49526813880126
1079 840 20 193.4421768707483 133.0498866213152 120.22222222222223
831 841 34 131.7501988862371 135.54574383452666 98.66507557677009
907 824 39 156.67816091954023 155.86509376890504 111.46642468239565
983 822 22 187.60491493383742 180.73534971644614 119.81852551984878
1724 820 27 132.38393977415308 134.1957340025094 98.53826850690088
432 820 21 130.97920604914935 134.16446124763706 98.84688090737241
1677 819 12 224.993288590604 176.4496644295302 132.45637583892616
513 818 14 186.4010152284264 178.95431472081216 120.20812182741116
2000 816 40 182.76464026770776 174.2381483547128 118.23089793641941
687 816 39 186.51361161524503 179.19479733817303 119.63157894736842
475 814 18 154.0238726790451 152.74801061007958 110.38196286472147
1613 813 38 182.8312159709619 134.99274047186933 104.2280701754386
373 805 25 154.52609308885755 152.9576868829337 111.33568406205923
590 804 52 131.41786071309565 135.06097967344218 98.49583472175942
1768 803 14 153.11167512690355 150.53299492385784 110.45685279187816
1546 802 16 186.97160883280756 177.4826498422713 119.80441640378548
1501 803 23 131.8026101141925 134.4241435562806 99.0652528548124
1931 802 10 185.6283185840708 176.9646017699115 122.46902654867256
1322 801 38 139.11917725347854 178.35934664246827 137.46460980036298
1395 799 27 137.9849435382685 176.41154328732748 136.32873274780425
1861 799 37 184.39090309822015 175.6018457481872 118.61700725115358
1121 797 37 219.46341463414632 165.88595912986156 135.30916282135794
1215 794 52 114.63378873708764 140.12729090303233 119.88603798733756
1043 794 37 212.38497033618984 154.74555042847726 115.46143704680289
1446 787 22 115.3875236294896 139.3100189035917 120.26275992438563
1676 778 26 183.2936010037641 134.73274780426598 103.39397741530739
776 778 39 155.40713853599516 154.7392619479734 111.41197822141562
843 778 23 184.58238172920065 178.07504078303427 118.07014681892333
1802 772 23 154.88580750407831 152.64437194127242 111.05383360522023
1567 762 25 183.2990126939351 135.0366713681241 103.78702397743301
662 760 21 155.86578449905483 154.6219281663516 112.10207939508507
507 760 34 132.65791567223548 136.12012728719174 99.29435163086715
966 755 41 131.46455889852118 135.87098419173893 98.4212136664967
713 755 21 130.3156899810964 133.94328922495274 98.07939508506617
426 755 41 130.1494135645079 133.78735339112697 97.65119836817951
895 752 21 131.10207939508507 134.82041587901702 98.88468809073724
1735 749 37 184.78048780487802 175.90441661173367 118.44495715227421
1363 746 23 115.50407830342579 140.2626427406199 120.39967373572594
1501 739 34 114.7024661893397 138.63086714399364 119.45505171042164
1942 734 53 130.69616703022749 133.27672172016204 97.81177937052041
1677 734 11 157.74496644295303 154.3489932885906 114.91275167785234
1082 735 25 183.33004231311708 136.58533145275035 104.91960507757405
1028 734 13 185.45177664974617 179.2741116751269 119.41624365482232
1627 734 32 225.80868024800708 176.8458813108946 131.64393268379098
1860 732 22 184.97353497164463 176.47826086956522 119.0945179584121
566 730 16 184.6309148264984 177.90851735015772 119.65615141955836
1286 726 40 115.17289459007252 140.20803123257113 120.33965421081986
1427 723 37 139.73698088332233 178.56493078444296 137.87936717205008
1147 717 38 192.29219600725955 131.65819721718088 119.00120992135513
752 712 23 132.5546492659054 136.3083197389886 99.93148450244699
1218 709 24 220.10603588907017 167.2153344208809 136.59869494290376
910 707 25 184.92383638928067 178.81241184767276 118.82369534555713
696 706 24 156.58564437194127 155.77324632952693 112.84502446982056
1804 705 34 131.23389021479713 134.10898965791569 98.23389021479714
624 706 39 154.3914095583787 153.6400483968542 110.89836660617061
470 703 23 187.04241435562807 180.22022838499186 120.53670473083199
1349 701 16 139.794952681388 178.84858044164037 137.09463722397476
1013 699 21 156.75803402646503 156.4952741020794 112.38563327032136
1752 695 14 155.09137055837562 152.85279187817258 112.23857868020303
828 690 52 186.26191269576807 179.85904698433856 118.80473175608131
1861 688 23 155.20717781402936 152.8548123980424 111.43719412724307
531 686 35 185.20174799708667 178.17479970866717 119.53241077931537
1620 681 13 224.75634517766497 178.0 133.81218274111674
1559 677 40 191.5019520356944 129.3446737311768 117.82375906302288
1479 678 25 192.51339915373765 131.0324400564175 119.37658674188998
1320 669 18 213.71352785145888 156.3183023872679 116.70822281167108
1072 668 32 133.50841452612931 137.94419840566874 100.18334809565988
1434 666 13 224.26395939086294 177.13197969543145 132.4517766497462
1105 665 11 146.60402684563758 121.75167785234899 100.21476510067114
899 666 10 187.64601769911505 181.52212389380531 121.97345132743362
1686 665 52 156.12062645784738 154.23025658113963 111.50349883372209
1119 664 16 172.54574132492112 122.41955835962145 108.74132492113564
753 661 23 156.79119086460034 156.1484502446982 112.47797716150082
1762 658 19 184.9177718832891 176.9814323607427 119.29177718832891
1380 654 33 184.88385043754974 137.59108989657915 105.70087509944312
962 653 41 132.22284548699645 136.9484956654768 99.33962264150944
1176 652 28 225.47946725860155 178.90455049944507 132.4661487236404
473 652 23 131.6394779771615 135.70962479608482 99.87438825448613
1254 648 38 183.8548094373866 136.82819116757412 104.68784029038113
1824 646 28 155.54605993340732 153.9211986681465 111.74694783573807
582 645 23 133.5889070146819 137.4061990212072 101.02610114192497
1910 642 38 184.74410163339385 176.92075015124018 119.66424682395645
622 641 17 184.94637223974763 178.37854889589906 119.78233438485805
1023 641 15 185.6877470355731 180.10276679841897 119.23320158102766
1507 636 21 182.18336483931947 135.07939508506615 104.21739130434783
1604 635 20 155.03401360544217 153.31746031746033 112.16780045351474
687 632 41 132.08669046404896 135.7113717491076 98.97603263641
780 627 16 186.80757097791798 179.69400630914825 120.25236593059937
1452 625 34 214.5433571996818 156.62529832935562 116.80588703261735
891 622 30 155.6818632309217 155.14073339940535 111.73637264618434
1313 612 24 225.62316476345842 178.53344208809136 132.49429037520392
1049 611 19 157.86206896551724 157.88063660477454 112.81432360742706
1553 609 26 186.81304893350062 179.50062735257214 120.49937264742785
742 607 21 156.55954631379961 155.8241965973535 112.75425330812855
526 607 40 156.22420524261017 155.39208031232573 111.97378694924708
1396 601 14 224.59390862944161 177.60406091370558 132.16751269035532
1360 600 13 185.36548223350252 138.75634517766497 107.23857868020303
1115 600 42 186.55277919428863 180.74502804691485 119.1188169301377
997 599 18 185.6445623342175 179.85411140583554 119.6551724137931
1764 596 38 132.59346642468242 135.4519056261343 98.98003629764067
829 589 35 132.9621267297888 136.99927166788055 99.61325564457393
1201 588 33 132.59029435163086 137.16706443914083 99.93556085918856
1847 584 34 183.68178202068418 176.05727923627686 118.94351630867145
1689 583 22 185.65217391304347 178.05482041587902 119.8015122873346
1259 583 21 186.55765595463137 180.65973534971644 119.53686200378073
613 582 40 186.54322364751815 179.69436698271056 119.31901840490798
1631 581 34 133.3365155131265 136.74383452665077 100.76929196499603
1332 578 13 158.65482233502536 157.58375634517765 114.3705583756345
880 573 14 187.39086294416242 180.82741116751268 120.55329949238578
702 568 21 132.58601134215502 136.39886578449907 99.9905482041588
942 566 37 187.1292023731048 181.41463414634146 119.7237969676994
1492 557 37 132.65787738958468 136.5286750164799 100.57679630850362
1573 555 22 158.25330812854443 157.37051039697542 114.17391304347827
561 545 23 188.4714518760196 181.79608482871126 120.91517128874389
1804 544 21 132.77693761814746 135.8431001890359 100.74480151228734
559 545 23 188.0 182.0 121.0
1165 538 20 134.0453514739229 138.8231292517007 102.10884353741497
758 538 40 187.3318460680424 180.43948689347462 119.71165644171779
1113 536 19 158.16976127320953 158.3819628647215 113.6525198938992
1394 534 52 186.5801399533489 180.44185271576143 119.55814728423859
1235 534 22 158.234404536862 157.87145557655955 113.58412098298678
1300 534 34 133.27048528241846 137.67700875099445 100.55210819411298
1677 530 29 134.4472807991121 137.67591564927858 101.64705882352942
1033 529 53 133.00031162355873 137.91555001558118 100.3234652539732
944 527 11 156.98657718120805 154.84563758389262 108.0469798657718
875 523 31 133.5969884853853 137.83348095659878 100.68910540301152
1747 518 34 132.97931583134448 135.92044550517105 100.14240254574383
593 517 20 135.06122448979593 138.29931972789117 101.97732426303855
1613 511 31 155.8963684676705 154.91762621789195 112.10451727192206
817 513 17 186.5930599369085 180.10410094637223 120.22082018927445
943 504 24 154.37520391517128 154.20065252854812 111.15334420880914
1541 503 29 186.26415094339623 179.43063263041066 120.25194228634851
1471 498 21 158.59546313799623 158.07372400756145 113.83931947069944
669 499 52 156.1086304565145 154.95401532822393 111.88337220926358
1194 488 32 158.27900797165634 157.97697077059345 113.10186005314438
1330 486 15 157.42292490118575 157.45454545454544 114.01185770750988
749 481 14 136.8984771573604 139.38071065989845 103.46700507614213
904 479 14 135.93401015228426 139.36548223350252 102.81725888324873
795 475 16 135.0851735015773 138.28706624605678 102.14195583596214
1120 472 36 133.82531311799605 138.28938694792353 100.9973632168754
1375 469 11 189.15436241610738 183.29530201342283 123.79865771812081
1687 461 38 186.03569267997582 178.57410768300062 120.25226860254084
1272 461 37 186.68556361239285 180.88134475939353 119.63876071193144
981 457 29 133.66148723640399 138.12541620421754 101.01886792452831
1506 448 34 134.06364359586317 137.95067621320607 101.26332537788386
926 446 23 134.2414355628059 138.48123980424145 101.18433931484503
851 444 41 157.15043345232024 156.6751657317695 112.5945945945946
1211 441 10 137.86725663716814 140.86725663716814 104.87610619469027
1426 439 38 158.799758015729 158.1034482758621 113.39382940108894
700 436 12 157.8523489932886 156.3288590604027 114.12751677852349
1050 432 38 156.82637628554144 156.87174833635814 112.67211131276468
1167 431 20 187.21768707482994 181.18594104308391 120.83446712018142
1348 426 33 133.7326968973747 137.9713603818616 101.05489260143199
1595 423 52 134.62045984671778 137.95268243918693 101.46184605131623
756 424 41 132.94747577766447 136.67567567567568 99.71086180520143
988 409 16 189.41955835962145 183.41324921135646 122.32492113564669
1120 389 35 187.85579024034962 181.86598689002187 120.7428987618354
1304 386 18 158.23607427055703 157.3103448275862 113.62864721485411
1450 383 13 136.02538071065987 138.97969543147207 104.04568527918781
934 383 34 187.46300715990455 181.1527446300716 119.99443118536198
814 380 26 185.20200752823087 178.78795483061478 119.8005018820577
1495 379 28 188.0710321864595 181.13096559378468 121.20532741398446
1227 380 52 157.93802065978008 157.3095634788404 112.99233588803733
1013 372 23 133.89559543230018 138.1125611745514 101.52691680261012
1388 372 30 186.5550049554014 180.10703666997026 119.7601585728444
1068 371 17 135.78548895899053 139.64984227129338 102.52365930599369
1546 361 19 159.71883289124668 158.07957559681697 115.54641909814323
872 358 26 133.9435382685069 138.2233375156838 101.54203262233375
1448 336 28 136.3007769145394 139.81687014428414 103.3496115427303
1332 325 39 136.2667876588022 140.1663641863279 102.68179068360557
972 326 29 188.79134295227524 182.97780244173143 121.14539400665927
918 325 20 135.0204081632653 138.89342403628117 102.40362811791384
1394 321 20 159.60997732426304 158.76190476190476 114.6938775510204
1045 318 38 159.31397459165154 158.90139140955839 114.42710223835452
1133 307 40 136.15895147796988 139.74177356385945 102.61684327941997
1264 301 25 188.48236953455572 182.30747531734838 121.82369534555713
1202 296 25 136.25105782792664 139.92383638928067 103.23413258110014
1195 90 2 152.6 151.0 149.4
