1220 2309 2 144.20000000000002 136.6 134.20000000000002
1211 2309 4 133.3846153846154 128.23076923076923 127.84615384615385
1333 2125 20 241.30158730158732 166.2721088435374 125.37868480725623
1192 2125 32 254.82019486271037 163.5730735163862 97.04340124003544
1266 2118 31 241.56598759964572 165.68201948627103 124.48007085916741
1050 2103 34 254.6268894192522 165.39936356404138 83.98965791567224
1122 2100 31 254.99822852081488 161.8175376439327 95.58635961027458
1404 2093 39 220.35995160314582 131.72655777374473 107.79854809437387
906 2083 13 240.14213197969542 166.6700507614213 126.28934010152284
968 2079 40 194.3770217512549 105.98996095928612 92.71054099274959
1327 2071 30 192.50247770069376 104.9236868186323 92.6412289395441
1563 2069 20 241.79138321995467 166.30158730158732 125.14285714285715
1079 2063 15 223.2806324110672 136.28458498023716 111.3201581027668
1269 2061 15 219.8577075098814 133.0395256916996 109.1897233201581
1201 2044 41 254.66292707802143 166.092809790923 84.01835798062214
800 2037 15 192.38735177865613 107.36758893280631 95.43083003952569
866 2036 36 240.8134475939354 165.98154251812787 124.45023071852339
925 2033 15 192.01185770750988 105.6403162055336 94.04347826086956
1489 2031 53 254.93362418198816 166.2330944219383 84.19569959488938
1033 2030 34 219.5958631662689 130.95226730310264 106.78440731901352
1123 2024 33 254.98329355608593 162.49960222752586 96.16706443914082
1287 2020 20 224.2154195011338 135.86621315192744 111.71655328798187
1347 2019 19 194.42175066312996 106.92572944297082 94.27851458885941
1401 2017 27 254.9824341279799 163.405269761606 97.00752823086574
1605 2015 39 254.77434966727165 161.0538415003025 95.60738052026619
961 2010 20 241.10204081632654 166.546485260771 124.60090702947846
1079 1999 11 240.5503355704698 170.3288590604027 130.4496644295302
1242 1993 22 121.53686200378073 144.38563327032136 102.44234404536863
1683 1985 31 218.73339238263952 130.52790079716564 107.58281665190434
1320 1979 22 176.66540642722117 173.1984877126654 121.65595463137997
1435 1974 18 254.81962864721484 166.6074270557029 86.37931034482759
1551 1972 21 194.06994328922497 105.5992438563327 93.34593572778829
1045 1968 15 194.46640316205531 107.82213438735177 95.04743083003952
992 1967 26 193.7164366373902 105.66750313676285 93.01631116687578
856 1962 15 191.84584980237153 105.13438735177864 93.44268774703556
778 1962 54 218.16547210969148 129.38392022436895 105.64973511997506
1093 1956 20 126.4875283446712 169.44897959183675 129.26530612244898
920 1955 38 241.71143375680583 165.8886872353297 123.92316999395041
1380 1952 35 126.7647487254188 169.77858703568828 129.37800436999274
1636 1949 20 192.02267573696145 104.98639455782313 93.23356009070295
1593 1950 15 242.60474308300394 167.10276679841897 125.86166007905138
1745 1946 21 254.359168241966 167.62948960302458 87.26843100189036
1173 1946 50 126.78908188585608 170.89578163771714 129.36653668911734
680 1940 36 190.70797626895185 103.44166117336849 91.60909690177982
1326 1937 12 178.8926174496644 175.41610738255034 123.38255033557047
1270 1935 35 120.57611070648217 144.43117261471232 102.59140568099053
975 1928 12 240.95302013422818 168.13422818791946 127.97315436241611
1439 1927 14 179.47715736040607 175.03045685279187 122.91878172588831
1501 1925 39 254.99939503932245 161.0580762250454 95.25468844525106
1691 1912 34 242.0922832140016 166.8560063643596 125.30469371519492
1035 1902 36 176.25708635464733 173.19314436387606 120.49505603164138
837 1901 25 190.60366713681242 103.65162200282087 91.72214386459802
1630 1900 17 242.05678233438485 166.97476340694007 125.56466876971608
1335 1899 19 177.15649867374003 174.03183023872677 121.76127320954906
654 1899 11 238.61073825503354 167.8926174496644 129.23489932885906
1573 1897 29 221.07436182019978 131.59933407325195 107.78357380688125
890 1894 14 221.70558375634516 133.28426395939084 108.97969543147207
727 1895 15 253.69169960474306 165.9486166007905 87.9090909090909
1100 1893 22 120.74669187145558 143.95274102079395 102.27977315689981
598 1890 30 192.97423191278494 105.23587710604559 92.93062438057483
1772 1876 42 189.98368179500255 102.72259051504335 90.90668026517083
953 1873 34 118.43357199681783 142.03500397772476 100.19729514717582
1402 1870 41 120.56603773584906 144.0979092299847 102.03518612952575
689 1866 29 241.5671476137625 167.40288568257492 125.28412874583796
1289 1866 27 193.42534504391466 104.46173149309911 92.52697616060225
1342 1858 13 254.10659898477155 163.1776649746193 99.7715736040609
1478 1856 21 177.52551984877127 173.92438563327033 122.12287334593573
1848 1854 27 240.23839397741529 165.5207026348808 124.9836888331242
638 1855 14 218.93401015228426 132.25888324873097 108.55329949238578
1145 1850 25 254.95627644569817 162.57122708039492 96.60789844851904
1077 1850 15 254.66403162055335 161.197628458498 97.02766798418972
895 1850 21 121.22684310018904 143.6748582230624 102.64083175803403
1215 1848 38 243.59346642468242 169.01754385964912 126.41621294615851
546 1848 15 240.87747035573122 166.8181818181818 126.63636363636363
771 1847 41 254.7236104028557 158.8388577256502 93.70270270270271
847 1838 23 254.82544861337684 167.489396411093 86.35399673735726
1624 1837 30 190.58473736372645 103.36372646184341 91.37561942517344
1032 1834 24 243.18760195758566 167.73083197389886 125.8352365415987
1696 1829 30 254.08820614469772 167.7601585728444 86.86620416253716
1543 1826 40 242.28722810931401 167.08644729503627 125.53318460680424
987 1826 13 131.6497461928934 172.52791878172587 131.45685279187816
1457 1821 12 177.6778523489933 174.248322147651 123.3489932885906
661 1816 14 217.37563451776649 131.66497461928932 108.44162436548223
1291 1813 18 243.80106100795754 168.19363395225463 127.19628647214853
598 1812 38 241.0278281911676 166.5922565033273 124.73744706594073
1349 1812 30 243.79682854311199 168.95242814667986 126.55302279484638
1897 1808 24 239.8336052202284 166.30016313213704 125.84828711256118
947 1802 22 178.74480151228735 175.02835538752365 121.92060491493385
817 1799 14 197.36040609137055 108.92385786802029 95.8984771573604
1840 1798 21 220.62759924385634 133.05482041587902 109.46691871455577
1088 1798 33 255.0 161.85361972951472 95.38106603023071
1418 1795 26 128.38268506900877 171.94855708908406 130.6060225846926
1160 1783 34 221.02704852824186 131.84964200477327 107.50198886237072
519 1783 34 254.0787589498807 159.13365155131265 94.91964996022276
1475 1780 26 121.79422835633625 144.68506900878293 103.16185696361354
880 1780 38 126.86569872958259 170.11070780399277 129.14398064125834
774 1780 17 254.54889589905363 160.98738170347002 97.64668769716089
705 1774 38 193.74410163339385 104.989110707804 92.51179673321235
1763 1768 53 218.84948582112807 130.06575257089435 106.68120909940791
1011 1769 37 254.99999999999997 168.59393539881344 86.05537244561634
1585 1767 22 196.1304347826087 106.90359168241966 93.93383742911153
1653 1761 43 241.36916548797737 166.6921263554927 125.2984441301273
820 1762 15 128.699604743083 171.56126482213438 130.44664031620553
1380 1761 14 254.32994923857865 169.92893401015226 90.76142131979695
1244 1761 42 194.6838347781744 105.08618052014279 92.8679245283019
945 1751 24 193.74877650897227 105.07014681892333 93.01468189233279
1936 1748 37 217.79630850362557 129.65853658536585 107.0085695451549
641 1747 24 254.32137030995108 160.20717781402936 95.04730831973899
1856 1745 31 190.58104517271923 103.44021257750222 91.46147032772365
1118 1744 14 221.994923857868 133.9238578680203 110.25888324873095
1530 1741 34 254.82100238663486 160.45346062052508 95.39459029435163
1329 1740 32 254.98759964570417 169.49069973427814 87.28166519043401
471 1740 21 192.11153119092629 105.32325141776938 93.37240075614368
1074 1728 26 243.87578419071517 168.27728983688831 125.97867001254704
581 1726 25 254.58956276445699 166.99576868829337 86.83356840620593
905 1725 12 243.12751677852347 169.248322147651 128.27516778523488
520 1719 26 241.76411543287327 167.435382685069 125.48808030112923
1698 1717 12 193.38255033557047 107.36241610738254 95.50335570469798
859 1716 22 120.98865784499056 143.63137996219282 102.31379962192817
1591 1714 24 242.22349102773248 167.22349102773248 125.93474714518761
1983 1711 15 237.86561264822132 165.39130434782606 125.80237154150197
1169 1706 36 244.04416611733683 169.27290705339485 126.53526697429136
990 1707 23 222.27243066884176 132.84502446982057 108.62969004893965
690 1706 20 175.96145124716554 171.92063492063494 120.74149659863946
1288 1704 15 221.098814229249 133.16205533596838 109.0395256916996
1773 1702 9 239.7901234567901 170.25925925925924 131.28395061728395
1436 1701 51 177.65378207264246 174.57414195268245 121.57914028657115
776 1697 53 177.1442817076971 173.52976004985976 121.14085384855095
937 1694 26 243.41028858218317 167.3375156838143 125.32496863237138
1242 1693 17 221.94006309148264 132.5520504731861 108.71293375394322
1109 1691 15 243.8893280632411 170.48616600790513 127.80632411067192
1890 1690 25 253.90973201692523 167.8194640338505 87.77009873060649
2007 1678 16 237.7539432176656 165.61198738170347 125.4416403785489
1644 1679 31 193.49247121346326 105.06023029229407 93.20726306465899
458 1671 39 219.6007259528131 131.12885662431944 107.63944343617666
1820 1669 39 254.0235934664247 158.19177253478526 93.50090744101634
625 1669 39 127.47368421052633 170.32546884452512 129.7803992740472
1339 1664 37 254.99999999999997 160.94726433750822 95.1193144363876
1727 1663 41 241.20193778684347 166.94084650688424 125.67465578786334
1276 1664 16 243.69716088328076 169.54574132492112 127.89274447949526
1037 1663 35 195.7662053896577 106.37873270211217 93.73780043699928
1951 1662 33 253.68894192521878 166.33810660302308 85.4502784407319
1542 1660 36 191.69611074489123 104.4152933421226 92.49571522742254
1600 1657 14 241.26395939086294 167.4263959390863 126.11167512690355
875 1655 32 192.88042515500445 104.43312666076174 92.4756421612046
696 1652 26 121.65119196988707 143.72647427854454 102.75784190715181
542 1653 34 121.27287191726333 144.04136833731107 102.71599045346062
1393 1641 12 180.11409395973155 176.15436241610738 124.45637583892618
1218 1641 32 194.13374667847654 105.83525243578389 93.56687333923827
1487 1638 15 130.9802371541502 175.11067193675888 132.9407114624506
1123 1639 34 255.0 161.30946698488466 95.1066030230708
2023 1632 24 188.84013050570962 103.30016313213703 91.89722675367048
1882 1632 27 253.46925972396485 159.36010037641154 95.23337515683814
814 1628 16 195.9621451104101 108.68454258675078 95.81703470031546
1666 1623 20 220.9546485260771 132.20861678004536 109.05668934240363
1622 1622 15 194.90118577075097 106.81422924901185 95.30039525691699
967 1622 38 221.2171808832426 131.6225045372051 107.3793103448276
401 1620 27 191.09284818067752 104.83939774153073 93.00501882057716
588 1617 15 124.98023715415019 146.56521739130434 105.84189723320158
1778 1614 21 253.94706994328922 168.79395085066162 88.49527410207939
451 1612 15 198.53359683794466 108.99209486166008 96.93280632411067
1285 1610 27 194.59222082810538 106.08155583437892 93.51066499372646
1434 1608 35 122.01529497450838 146.4340859431901 103.80626365622724
688 1605 16 240.9148264984227 167.41955835962145 126.6403785488959
1372 1605 20 193.36054421768708 106.21315192743765 94.75963718820861
497 1605 23 177.7699836867863 173.57096247960848 122.58564437194129
1976 1601 25 238.49506346967559 166.04795486600847 125.37094499294781
903 1600 21 221.39697542533082 131.80340264650283 107.72400756143668
754 1599 37 254.982201713909 168.05141727092945 86.04943968358602
1575 1596 22 242.95841209829868 168.76370510396976 127.28733459357278
634 1592 30 196.8444003964321 106.90584737363726 94.48364717542121
1707 1588 24 242.05546492659056 168.62642740619904 127.11256117455139
555 1585 23 128.03915171288745 170.815660685155 130.0783034257749
1833 1582 32 240.47032772364926 166.96634189548274 125.64658990256865
1331 1579 20 244.18140589569163 170.09750566893425 127.73242630385488
1511 1579 31 128.31089459698848 172.4340124003543 131.21434898139947
1239 1578 23 243.4747145187602 169.98368678629691 127.66884176182708
456 1574 14 253.77664974619287 167.7208121827411 89.40101522842639
1756 1573 20 191.9342403628118 105.61904761904762 93.77777777777779
1164 1571 38 221.11675741076832 132.69449485783426 108.02661826981247
837 1571 35 243.33867443554263 169.272396212673 127.0298616168973
413 1569 19 240.9442970822281 167.45888594164455 126.27055702917771
370 1570 15 240.92094861660078 168.0909090909091 127.82213438735177
1056 1570 54 254.83359301963227 160.11530071673417 93.97943284512309
1913 1566 38 192.3641863278887 104.10102843315185 91.87537810042348
930 1565 15 254.72727272727272 160.29644268774703 95.48221343873517
1637 1564 34 221.28003182179793 132.4884645982498 108.35640413683373
692 1560 23 220.69168026101144 132.18760195758566 108.24306688417619
2029 1556 34 238.63643595863167 166.08750994431185 125.46698488464598
1588 1550 12 241.63087248322148 168.81879194630872 127.70469798657717
1451 1544 23 178.97063621533442 175.66884176182708 122.46329526916803
1715 1539 15 222.6086956521739 135.79446640316203 111.699604743083
650 1538 20 242.09297052154196 167.9591836734694 126.73696145124717
501 1536 38 121.97459165154265 144.93466424682396 103.11978221415609
1381 1535 39 220.71324863883848 131.77253478523897 107.35329703569269
760 1535 25 254.70662905500706 161.29478138222848 95.9901269393512
591 1534 32 254.4118689105403 158.47298494242693 94.08060230292294
1289 1532 34 255.0 170.64757358790771 87.47653142402547
1549 1532 22 124.5179584120983 147.47637051039698 105.60491493383743
897 1531 24 244.07504078303427 169.6704730831974 127.14192495921696
1860 1525 19 193.18832891246683 105.40318302387267 93.02917771883288
1232 1526 15 254.71146245059288 171.27272727272725 89.48616600790513
965 1524 33 255.0 170.1694510739857 87.35481304693715
436 1524 23 254.0 159.06199021207178 95.20391517128874
1970 1519 25 217.86318758815233 131.31311706629054 107.77433004231311
805 1515 17 221.24921135646687 133.3596214511041 109.1577287066246
1495 1511 23 121.78466557911909 145.46329526916804 103.8189233278956
1123 1511 22 179.0132325141777 176.29111531190927 122.41587901701324
1926 1509 12 216.66442953020135 132.16107382550337 109.96644295302013
378 1508 31 254.229406554473 168.24977856510188 87.71302037201063
1604 1500 30 254.59167492566897 160.79187314172447 96.43706640237859
2012 1498 13 218.7005076142132 134.5482233502538 111.8477157360406
1779 1498 52 241.32855714761746 167.3955348217261 125.8977007664112
1028 1498 15 123.3399209486166 145.6403162055336 104.57707509881422
703 1492 37 196.26763348714567 106.48187211601845 93.97231377719181
1332 1491 21 244.08695652173913 169.68998109640833 127.24196597353497
633 1492 21 195.2646502835539 106.49716446124764 94.63137996219282
1180 1491 34 122.62211614956246 146.9085123309467 104.1829753381066
2068 1489 39 188.3877797943134 102.1264367816092 90.7059891107078
1677 1489 39 193.08650937689052 105.07501512401694 93.2062915910466
853 1486 34 195.07796340493238 105.80509148766906 93.52108194112968
1250 1484 23 254.8172920065253 162.28874388254488 96.60195758564437
1941 1483 11 237.248322147651 168.31543624161074 129.6241610738255
422 1483 14 220.53807106598984 133.20304568527916 109.75126903553299
1441 1480 34 244.18297533810662 169.5346062052506 127.02147971360382
923 1480 21 196.13232514177693 107.0453686200378 94.41020793950851
1293 1479 11 252.9731543624161 172.8926174496644 96.24832214765101
531 1478 21 180.03969754253308 176.30434782608697 123.56899810964083
777 1478 26 242.83437892095355 168.8306148055207 126.61731493099121
1973 1474 12 193.83221476510067 107.87248322147651 95.63758389261744
1883 1470 33 218.44709626093876 131.3428798727128 107.79713603818617
588 1464 22 254.07372400756145 167.7523629489603 87.78071833648393
337 1464 20 195.1156462585034 108.06349206349206 96.23356009070295
472 1463 32 177.5881310894597 173.6784765279008 121.97431355181577
1545 1461 35 179.9278951201748 176.65477057538237 123.13037144938093
1377 1456 23 221.7373572593801 132.59380097879284 108.61174551386624
1075 1454 38 121.8929219600726 146.08106473079252 103.35571687840292
996 1451 35 127.50254916241806 172.22214129643118 130.80990531682448
2009 1447 27 238.26850690087826 165.99121706398995 125.34378920953576
1604 1445 16 129.7160883280757 173.3564668769716 131.6372239747634
1945 1443 21 188.16824196597355 102.93761814744802 91.5765595463138
399 1442 27 193.39648682559596 106.03889585947302 94.08657465495608
1318 1438 30 192.6451932606541 105.61942517343904 93.30525272547077
647 1437 34 241.84964200477327 168.1996817820207 126.40175019888625
1712 1436 16 241.60567823343848 168.41955835962145 127.37854889589904
1147 1436 23 179.8009787928222 177.29853181076672 123.05383360522023
1830 1433 21 239.93383742911155 166.7977315689981 126.05293005671078
877 1431 18 242.52785145888592 168.74535809018568 126.75862068965516
714 1429 21 219.7826086956522 130.27788279773156 107.16824196597354
754 1428 15 191.3083003952569 105.96442687747034 94.43478260869564
925 1427 22 179.80529300567107 177.2646502835539 123.28166351606805
1649 1425 24 193.93637846655793 105.97879282218598 93.8189233278956
1901 1424 13 240.3451776649746 169.18274111675126 128.48223350253807
1477 1417 29 254.9966703662597 159.46392896781353 94.9589345172031
1418 1414 19 195.0 107.86472148541114 95.0026525198939
1764 1412 24 189.86296900489398 104.64110929853182 92.95595432300163
814 1412 38 219.68663036902603 131.02056866303693 107.55474894131882
325 1409 25 219.37799717912552 131.73624823695346 108.64315937940762
1369 1407 19 223.3209549071618 134.24137931034483 109.62068965517241
1228 1407 52 127.3678773742086 172.6661112962346 130.83505498167278
1527 1398 19 243.23607427055703 167.81432360742704 126.24668435013263
547 1397 51 126.69076974341887 170.19126957680774 130.11662779073643
1999 1393 16 252.84858044164037 167.3596214511041 88.4794952681388
1869 1392 22 189.765595463138 104.32703213610586 92.83175803402646
1047 1393 27 254.70765370138017 160.25345043914677 95.34504391468005
2078 1392 54 253.3418510439389 155.92801495793083 93.3636646930508
974 1391 12 179.46308724832215 176.81208053691276 124.29530201342281
450 1387 39 241.11191772534787 166.46521476104056 125.18935269207502
382 1388 26 254.08657465495605 160.54454203262233 96.00752823086574
1588 1384 36 127.6789716545814 171.67369808833223 130.84047462096242
1820 1383 16 253.60252365930597 161.1514195583596 98.17665615141955
872 1383 19 121.10079575596816 144.84084880636604 103.27851458885941
1652 1381 14 241.243654822335 168.80203045685278 127.79695431472081
682 1381 26 192.4491844416562 104.74905897114178 92.91844416562107
1937 1381 34 239.09626093874306 164.94272076372314 124.48050914876691
1700 1377 30 254.85133795837461 170.31417244796828 88.1982160555005
1119 1377 37 243.51812788398152 168.53526697429135 126.1404087013843
750 1375 27 254.55959849435382 160.4893350062735 95.78544542032621
1317 1374 26 242.98996235884564 168.30614805520702 126.08657465495608
927 1360 33 123.25457438345268 147.56722354813047 104.83850437549722
800 1359 15 241.49407114624503 167.3083003952569 126.52173913043477
631 1358 23 179.5546492659054 177.38825448613377 123.46982055464927
993 1349 25 254.96332863187587 170.64315937940762 88.06064880112835
1390 1347 37 254.92814765985494 159.9887936717205 94.33882663150955
2000 1344 26 214.870765370138 128.99247176913426 106.47176913425345
1052 1344 13 253.7664974619289 166.81218274111674 102.70558375634516
1174 1343 15 254.66007905138338 172.0474308300395 91.56126482213438
1768 1342 38 254.24561403508773 159.4410163339383 94.73926194797339
402 1339 14 253.6446700507614 166.47715736040607 89.01015228426395
1632 1339 22 122.39697542533082 146.47637051039698 104.61625708884688
703 1337 16 253.70031545741324 167.53943217665613 88.60567823343848
334 1332 38 254.06533575317607 158.52994555353902 94.55958862673927
1851 1331 34 254.17422434367543 168.72792362768496 87.02545743834527
1490 1327 52 254.99833388870377 170.14728423858713 87.26724425191603
1272 1325 26 122.59849435382684 147.33626097867 104.67879548306148
1218 1323 19 180.0185676392573 178.02387267904507 123.20689655172413
578 1324 24 121.91353996737358 146.23817292006527 104.163132137031
493 1322 26 241.34127979924716 166.6461731493099 125.49435382685068
1328 1321 20 221.4920634920635 133.52380952380952 109.14965986394559
1575 1319 21 179.68620037807185 177.296786389414 123.50283553875236
768 1319 26 188.96110414052697 104.22208281053952 92.5483061480552
2055 1314 14 217.90862944162436 132.87817258883248 109.58883248730963
1025 1313 17 191.95268138801262 106.58044164037855 94.54889589905362
1087 1312 27 192.86198243412795 105.95483061480552 93.10037641154328
1692 1308 32 218.9468556244464 131.31709477413642 107.67139061116032
1927 1303 33 121.6340493237868 145.2824184566428 103.49005568814638
858 1300 51 178.78640453182274 176.85971342885705 122.43218927024326
713 1296 26 240.81555834378918 167.0263488080301 125.4780426599749
540 1296 15 253.7075098814229 167.9090909090909 89.08695652173913
2113 1294 33 121.10023866348449 144.33810660302308 103.40095465393796
425 1294 32 191.27635075287867 104.80070859167405 93.11337466784765
1161 1292 34 254.8035003977725 162.1145584725537 95.87589498806683
369 1290 15 239.97628458498022 166.17391304347825 126.00395256916995
638 1289 38 120.84331518451302 145.87053841500304 103.28191167574109
1815 1288 15 220.12252964426875 133.44664031620553 109.74703557312252
1735 1287 8 238.82716049382714 170.72839506172838 133.69135802469134
971 1285 35 220.20174799708667 132.1048798252003 107.84777858703569
1635 1283 20 178.00226757369614 175.14512471655328 123.0453514739229
1300 1280 13 178.62944162436546 176.64467005076142 123.53807106598984
2063 1280 10 176.13274336283186 172.5132743362832 123.98230088495575
1415 1279 27 220.04767879548305 131.94479297365118 108.25846925972395
476 1279 13 240.10152284263958 167.23350253807106 126.58883248730963
2009 1275 34 127.21797931583136 170.25536992840097 130.37947494033415
1771 1273 23 240.72756933115824 166.52039151712887 125.85644371941272
1529 1273 9 242.33333333333331 171.39506172839506 130.71604938271605
580 1272 18 253.85941644562334 158.9761273209549 95.9946949602122
1859 1270 20 176.79591836734696 174.36961451247166 122.41043083900227
1351 1269 32 197.4561558901683 108.39769707705935 95.2488928255093
1099 1266 13 241.61928934010152 168.85786802030455 127.60406091370557
1242 1263 38 127.60980036297642 173.7059891107078 131.3998790078645
1046 1263 30 242.06342913776015 167.90683845391476 125.57779980178394
1578 1258 31 121.24800708591674 145.4933569530558 103.35341009743136
315 1258 30 240.26461843409317 165.93260654112981 125.16749256689792
1671 1254 16 221.64984227129338 134.9621451104101 111.16719242902208
775 1254 31 241.44198405668735 167.5287865367582 125.9627989371125
1950 1250 15 175.99604743083003 172.65612648221344 121.9288537549407
1809 1246 17 122.07255520504731 144.6876971608833 104.55520504731861
925 1245 19 241.83023872679044 168.48541114058355 126.49071618037135
718 1244 14 240.70558375634516 168.1776649746193 126.53807106598984
1907 1243 15 128.8300395256917 170.8814229249012 130.9407114624506
382 1240 26 220.17440401505644 132.70514429109159 108.86072772898368
2069 1235 26 123.30112923462985 145.83563362609786 105.2383939774153
124 1234 2 151.4 145.20000000000002 143.4
2238 1233 3 127.92307692307693 119.53846153846155 123.15384615384616
520 1233 38 218.83061101028434 131.8366606170599 108.07743496672717
1487 1232 33 195.93635640413683 107.07398568019093 94.56722354813047
1131 1230 25 242.66149506346966 169.4428772919605 127.12411847672779
448 1226 27 193.52823086574654 106.29987452948556 94.45922208281053
125 1225 4 130.53846153846155 124.61538461538463 126.0
677 1224 22 177.21928166351609 175.54631379962194 122.63894139886578
1721 1224 37 192.1812788398154 104.49373764007909 92.91496374423203
883 1224 20 128.1156462585034 173.00680272108843 131.57142857142858
2128 1222 21 127.68052930056712 169.63137996219282 130.9413988657845
1365 1221 7 241.1020408163265 174.55102040816325 135.95918367346937
1188 1221 20 123.41496598639456 148.56916099773244 106.16326530612245
832 1221 20 120.96598639455783 145.8798185941043 103.7732426303855
1655 1220 14 129.9035532994924 173.11675126903552 132.1776649746193
1002 1219 27 191.32622333751567 105.74278544542032 93.34002509410288
1300 1217 24 254.9967373572594 169.23001631321372 87.73083197389886
1542 1213 15 178.68379446640316 176.0671936758893 123.49407114624505
1419 1213 35 242.5950473415878 168.1784413692644 126.30881281864531
1854 1211 32 122.61204605845882 145.50044286979627 104.2028343666962
606 1212 36 176.07976268951876 174.96110744891232 121.79960448253131
2289 1210 4 140.76923076923077 135.23076923076923 135.30769230769232
1064 1206 20 194.81632653061226 107.43764172335601 95.50566893424036
339 1206 17 193.64668769716087 107.56782334384857 95.98107255520505
2294 1204 2 146.8 143.8 150.0
1787 1202 23 128.79608482871126 171.71451876019577 131.50570962479608
1609 1201 25 125.28631875881523 148.75458392101552 106.03102961918195
1985 1197 39 253.70840895341806 165.1282516636419 85.86388384754991
1945 1195 11 225.67785234899327 153.75838926174495 100.2214765100671
1920 1193 24 239.2773246329527 165.54323001631323 125.46982055464927
2056 1189 12 237.63087248322148 166.01342281879195 126.14093959731544
941 1190 34 254.4733492442323 161.0620525059666 95.37867939538584
801 1188 19 241.14588859416443 168.17771883289123 126.48275862068965
731 1185 39 190.36479128856627 104.60254083484574 92.70417422867514
1243 1184 34 123.89976133651552 149.71519490851233 105.99920445505171
1347 1178 25 220.80535966149506 132.95627644569817 109.06205923836389
396 1174 35 122.24471959213402 146.54552075746543 104.44792425345959
656 1173 23 122.87928221859707 147.97389885807505 105.39641109298532
1180 1173 19 180.15649867374003 179.3262599469496 124.47214854111405
471 1171 27 176.77791718946045 175.0953575909661 122.26223337515682
1669 1169 26 241.969887076537 167.57841907151817 126.20702634880801
535 1167 22 123.117202268431 148.03780718336483 105.64272211720227
1469 1165 27 192.90338770388956 106.39523212045168 94.19824341279798
204 1163 7 99.20408163265306 93.42857142857142 90.38775510204081
1884 1159 16 219.86750788643533 134.0788643533123 110.60567823343848
1113 1158 38 191.95160314579553 106.24379915305506 93.50756200846946
1546 1157 34 179.19411296738267 176.43993635640413 122.95544948289579
204 1157 7 83.53061224489795 79.0408163265306 76.79591836734693
1732 1154 26 220.26850690087826 132.58469259723964 108.49937264742785
319 1150 39 127.70598911070782 171.5868118572293 131.07380520266184
2031 1147 23 187.8678629690049 103.27243066884176 91.84176182707994
863 1148 42 122.13207547169812 148.07853136155023 104.43855175930648
1034 1146 35 220.3102694828842 133.9293517844137 108.96139839766934
2106 1145 43 238.1173974540311 164.66619519094766 124.76190476190476
1977 1144 12 190.08053691275168 106.46308724832214 95.39597315436241
1611 1142 25 242.62059238363892 168.0394922425952 126.50070521861777
819 1141 10 182.08849557522123 144.68141592920352 97.53982300884955
796 1141 23 253.46492659053834 158.89885807504078 94.64926590538336
971 1138 19 241.25729442970822 169.0079575596817 126.78249336870026
600 1131 40 126.6201896263246 172.56887897378695 130.87060791968767
1393 1130 34 254.88941925218776 168.34685759745426 87.26650755767702
179 1127 3 111.23076923076924 105.84615384615385 106.15384615384616
674 1127 24 240.15008156606854 167.97879282218597 126.28874388254486
1812 1123 53 177.84449984418822 175.16360236833904 122.42661265191649
1301 1120 43 254.7076850542197 160.86987270155586 95.03488920320603
386 1119 17 176.30914826498423 174.37854889589906 122.41324921135646
1996 1116 16 239.20504731861197 166.93059936908517 126.52996845425866
1927 1116 38 239.77434966727165 166.65275257108289 125.63823351482155
434 1116 23 127.11582381729201 150.95921696574226 108.43230016313214
506 1112 33 177.93953858393 176.74463007159906 122.84327764518696
926 1106 21 128.98487712665406 175.2703213610586 132.937618147448
1115 1103 14 253.6751269035533 163.63451776649745 98.41624365482232
1561 1100 17 128.78233438485805 151.2397476340694 109.20820189274447
736 1098 38 254.15728977616456 167.55716878402905 85.82093163944344
1201 1095 50 179.4863523573201 179.57284650833037 122.90889755405884
2036 1093 16 217.70031545741324 132.14511041009465 109.0
1696 1091 40 254.26157278304518 158.31901840490798 93.8951477969883
308 1091 17 240.49526813880126 168.7160883280757 127.54258675078864
410 1089 13 239.55837563451774 169.33502538071065 128.13197969543145
1065 1088 24 254.23980424143556 160.1109298531811 94.5742251223491
812 1087 20 241.2721088435374 169.75283446712018 127.45124716553288
1622 1085 26 254.64868255959848 167.69887076537012 86.43412797992471
2129 1083 15 237.48616600790513 165.77075098814228 126.69169960474308
1482 1077 52 128.3578807064312 173.96201266244586 131.83338887037655
863 1078 22 180.04158790170132 179.62948960302458 123.75614366729678
1881 1076 14 178.52791878172587 175.1725888324873 123.60406091370558
992 1074 38 191.84210526315792 106.43920145190563 93.53962492437992
1350 1073 17 254.13564668769715 163.61198738170347 98.59936908517349
1990 1068 23 188.7194127243067 103.53833605220228 91.99184339314846
652 1069 29 254.07325194228636 159.1054384017758 94.41065482796893
2078 1065 27 217.66750313676283 131.06649937264743 108.09033877038895
360 1065 34 190.733492442323 105.115354017502 93.53062848050915
1398 1063 22 126.30812854442344 150.5141776937618 107.36294896030246
1949 1055 13 239.20304568527916 168.73096446700507 129.03045685279187
1766 1049 22 254.10586011342156 158.24952741020795 95.03402646502836
1577 1049 24 254.68189233278957 159.28384991843393 95.19249592169658
458 1048 38 218.7241379310345 132.5111917725348 108.60556563823353
1301 1045 18 128.42970822281166 174.11671087533156 132.17241379310343
1254 1044 15 126.79051383399208 151.87747035573122 108.75494071146244
1121 1043 37 254.4027686222808 168.9887936717205 86.43770599868161
1908 1039 23 253.80587275693313 159.15008156606854 96.04241435562807
916 1038 34 178.5791567223548 178.92999204455052 123.05727923627686
1057 1033 20 220.9047619047619 135.3922902494331 110.01133786848072
563 1033 51 254.06697767410864 167.88070643118962 86.43618793735422
703 1031 27 190.84692597239646 106.38644918444164 94.07402760351317
1833 1030 34 126.31821797931583 150.17104216388228 107.62291169451075
850 1028 23 123.15823817292006 149.51712887438825 105.79282218597064
785 1025 41 253.9658337582866 160.2855685874554 94.81744008159103
1715 1024 23 192.9004893964111 106.06362153344209 94.27243066884176
1647 1021 32 254.58193091231178 167.07617360496016 86.24712134632418
2028 1021 28 218.6093229744728 132.72031076581575 109.51609322974473
649 1018 17 241.17350157728706 169.8044164037855 127.58675078864353
321 1016 24 253.73898858075043 159.18923327895595 96.15008156606852
967 1014 17 191.18611987381703 107.59621451104101 94.86435331230284
399 1014 26 240.98745294855706 169.45796737766622 127.9836888331242
1421 1011 25 124.89421720733426 149.72214386459802 106.39915373765868
1354 1010 34 178.59506762132062 178.32299124900558 122.7716785998409
1205 1010 23 120.6884176182708 146.50081566068516 103.73409461663948
1484 1002 12 241.1476510067114 169.8791946308725 128.65771812080536
1957 1001 31 239.5048715677591 167.48184233835252 126.1806908768822
2091 998 28 186.4628190899001 102.76359600443952 91.75471698113208
1540 997 31 189.52170062001773 104.73162090345438 92.61736049601417
493 994 20 220.4716553287982 134.65532879818593 110.19501133786848
729 993 12 240.8791946308725 171.29530201342283 129.3020134228188
1161 990 15 221.71146245059288 137.9486166007905 113.15810276679841
1886 990 24 125.38336052202284 148.4110929853181 106.43066884176183
445 990 13 195.55329949238578 110.31979695431471 98.10659898477157
1267 988 35 123.20393299344502 149.8994901675164 105.4544792425346
1770 986 38 241.12099213551122 168.68663036902603 127.05989110707804
1019 986 34 242.47653142402547 171.11774065234687 127.84089101034209
1075 984 14 219.43654822335023 134.4213197969543 109.48730964467005
1601 980 26 242.25846925972394 169.1104140526976 127.05646173149309
949 978 20 241.1700680272109 170.4172335600907 127.77097505668935
535 978 10 241.50442477876106 170.94690265486724 128.858407079646
1700 975 24 220.39804241435564 133.56117455138664 109.86623164763459
1117 975 24 242.18923327895595 170.52528548123982 127.73083197389886
1651 971 15 241.05928853754938 168.97233201581025 127.72332015810275
1846 971 15 178.9486166007905 176.22529644268772 124.12648221343872
805 969 8 238.53086419753086 174.39506172839506 135.39506172839506
615 968 24 190.9004893964111 106.15008156606852 94.07993474714519
1322 966 14 241.61421319796952 170.8223350253807 128.52791878172587
679 964 35 219.54770575382375 133.64166059723235 109.2177713037145
407 964 13 222.55329949238578 137.9035532994924 113.27411167512689
1392 961 16 221.30914826498423 136.63406940063092 111.84858044164038
352 955 37 253.99999999999997 165.887936717205 86.5260382333553
1453 951 36 242.44891232696108 170.0817402768622 127.73302570863545
868 951 51 127.70209930023326 175.65444851716094 132.22192602465844
509 952 11 239.34228187919462 171.71140939597316 131.39597315436242
764 946 27 190.23839397741529 106.38895859473023 94.26348808030112
1818 943 14 195.3147208121827 109.95939086294415 97.28934010152284
1204 939 35 219.26875455207576 134.64530225782957 109.52148579752368
454 937 34 188.82179793158315 104.13922036595068 92.54813046937153
1144 936 17 190.07570977917982 107.47634069400631 95.13249211356467
2029 933 53 253.2817076971019 157.16703022748518 93.75880336553443
1946 932 23 191.50081566068516 106.13703099510604 94.17618270799348
1532 933 26 254.55457967377666 167.48055207026349 86.86449184441656
1273 928 22 220.890359168242 135.68998109640833 110.65784499054821
1013 925 14 253.5634517766497 168.02538071065987 88.95431472081218
560 926 36 241.09887936717203 169.14700065919575 127.23401450230718
961 923 26 191.86449184441653 106.79046424090338 94.19698870765369
719 921 15 218.75098814229247 134.44664031620553 109.97233201581027
1072 918 41 192.56348801631822 106.88271290158083 93.9709331973483
1671 916 34 191.5425616547335 105.12171837708831 93.40731901352427
1742 912 27 220.9861982434128 134.04642409033877 109.81430363864492
635 910 24 186.047308319739 103.94616639477978 92.23817292006525
1880 909 40 129.02621305075294 173.73842721695485 132.62799776910208
1346 910 41 191.84140744518103 106.72412034676186 93.97654258031618
804 909 16 177.84227129337538 178.65299684542586 123.21135646687696
1595 903 33 219.3969769291965 132.26968973747017 108.30230708035005
1135 903 14 241.25888324873094 171.0456852791878 128.91370558375633
1799 901 23 253.05872756933118 165.605220228385 86.4274061990212
751 898 17 189.77287066246055 106.41640378548895 94.08201892744479
1543 894 9 241.8148148148148 173.7037037037037 133.14814814814815
1225 889 15 192.69169960474306 109.86561264822133 96.04347826086956
1181 887 18 241.54641909814322 171.3925729442971 128.27320954907162
1491 884 28 191.330743618202 106.40510543840178 93.82574916759157
389 880 41 253.99235084140747 158.3074961754207 94.11728709841918
1420 877 29 223.58601553829078 137.23862375138734 111.85238623751387
486 871 26 221.93350062735254 136.54328732747803 111.58845671267251
844 868 23 121.55954323001632 148.6590538336052 104.76835236541599
540 868 13 240.30964467005074 169.51269035532994 128.03045685279187
1004 867 35 218.31099781500365 132.89293517844138 107.8871085214858
698 868 36 241.116677653263 169.55372445616348 126.82003955174686
1276 866 32 241.33835252435784 170.34278122232064 127.34100974313552
1061 864 13 240.92893401015226 171.37563451776649 128.57868020304568
2067 863 17 239.29022082018926 169.01577287066246 128.31545741324922
1957 862 38 239.5801572897762 168.18753781004236 126.64367816091955
1692 863 13 193.44162436548223 109.40101522842639 96.61421319796953
918 861 41 241.57878633350333 170.4487506374299 127.38806731259562
1642 860 27 254.0966122961104 158.38770388958594 94.38895859473023
2016 858 13 189.68020304568526 106.18274111675126 94.92893401015228
609 858 32 253.9689991142604 158.49424269264836 94.14526129317981
782 850 34 119.99602227525855 147.08591885441527 103.54494828957837
1334 846 22 130.74669187145557 178.8960302457467 134.01512287334594
1209 844 24 219.46166394779772 135.1288743882545 109.78140293637847
1554 842 34 254.24423229912492 158.94431185361972 94.6340493237868
1897 840 16 179.28391167192427 177.21135646687696 124.32492113564669
1825 840 37 122.95781147000658 147.74159525379036 105.1740276862228
1743 839 38 241.06110102843317 168.6636418632789 126.67816091954025
444 838 19 240.631299734748 170.3580901856764 128.44827586206895
1382 836 22 124.73345935727788 151.19281663516068 107.0
1683 833 13 240.7969543147208 170.5228426395939 129.67005076142132
1124 827 52 254.02432522492504 160.57780739753417 94.07264245251584
862 822 21 253.96219281663517 161.53497164461248 95.82608695652173
1043 822 20 253.5283446712018 160.7278911564626 95.3061224489796
1645 821 5 237.72413793103448 178.3448275862069 144.06896551724137
488 820 16 188.80757097791798 106.3596214511041 94.29652996845425
2028 809 27 217.2810539523212 132.1367628607277 109.15683814303638
402 809 22 253.9546313799622 167.2608695652174 87.74669187145558
1247 808 18 177.18567639257293 178.77188328912467 122.72148541114058
1980 807 13 237.58883248730962 168.15736040609136 127.95431472081218
821 807 14 133.58375634517765 181.28426395939084 136.65989847715736
544 808 34 191.01193317422434 106.10978520286396 93.48448687350836
1467 802 51 177.86171276241254 177.57714095301566 122.24425191602799
976 799 27 189.6210790464241 105.87829360100376 93.31242158092847
739 799 23 175.44535073409463 175.88907014681894 121.97716150081567
1605 797 25 254.19605077574047 167.37799717912552 87.50775740479548
1925 793 28 253.20865704772476 160.58046614872364 96.43174250832409
1200 793 22 190.69565217391306 107.81285444234405 94.74858223062382
610 791 21 253.8468809073724 166.90737240075615 86.98298676748583
1867 789 19 126.51989389920423 150.09549071618036 108.02917771883288
1542 789 12 135.3288590604027 180.39597315436242 136.93288590604027
671 788 35 253.97232337946105 159.22505462490898 94.63656227239622
1304 788 35 122.73707210487983 150.7771303714494 105.9293517844137
1381 784 21 178.9508506616257 179.5803402646503 123.20982986767486
1725 778 18 189.83023872679044 106.08488063660477 94.34748010610079
903 776 31 189.2001771479185 105.75199291408326 93.20992028343667
785 776 20 119.71201814058958 147.23809523809524 103.92290249433107
1669 776 33 219.35560859188544 133.1296738265712 109.115354017502
1243 761 22 179.42155009451795 181.4990548204159 123.24385633270322
1047 760 32 253.89725420726307 168.07440212577504 85.9185119574845
570 759 13 253.0406091370558 160.95939086294416 98.03045685279187
958 753 16 239.9621451104101 170.3123028391167 128.04731861198738
995 752 11 219.45637583892616 137.98657718120805 113.40268456375838
1108 748 24 254.16476345840132 169.28548123980426 86.5089722675367
838 748 31 241.2710363153233 169.99645704162975 127.03631532329496
1981 747 39 187.43738656987298 104.05565638233516 92.4107683000605
1175 746 23 241.326264274062 171.49918433931487 128.20554649265907
463 747 53 219.13711436584606 133.81146774696165 109.15020255531319
1790 742 52 129.02665778073975 174.93068977007664 132.89036987670778
1617 742 18 123.37135278514589 148.21485411140583 105.88063660477454
1869 740 16 252.66876971608832 166.6813880126183 89.801261829653
1420 734 16 253.7223974763407 163.2460567823344 99.49526813880126
612 734 28 190.50610432852386 106.27968923418425 94.18867924528303
882 733 9 218.14814814814812 138.23456790123456 114.41975308641975
1917 732 23 238.88907014681894 168.26590538336052 127.53017944535074
732 731 37 128.8233355306526 176.58998022412655 133.3282794990112
1549 730 39 122.86206896551725 148.7211131276467 105.42105263157896
927 728 15 220.15019762845847 137.4189723320158 112.58498023715414
1361 726 33 254.1376292760541 161.38424821002388 95.24582338902148
1708 725 21 130.26275992438565 176.35727788279775 133.62003780718337
1293 719 23 121.95758564437195 149.95106035889071 105.46166394779772
1654 717 17 125.61829652996845 149.57413249211356 107.15141955835962
552 711 25 239.99435825105783 169.37517630465445 127.34555712270804
1080 709 17 188.03154574132492 106.10094637223975 92.78233438485805
662 705 25 117.64456981664316 144.61212976022566 102.31734837799718
1040 702 18 241.43501326259945 171.03183023872677 128.3076923076923
1469 698 37 254.1476598549769 167.64733025708634 86.20369149637442
972 696 34 191.3834526650756 106.88066825775657 93.93715194908513
1135 696 33 254.00159108989658 161.05807478122514 94.81861575178998
1973 691 11 250.3288590604027 167.8791946308725 94.71812080536913
1228 690 41 128.8164201937787 178.43447220805712 133.51198368179502
1862 688 27 253.7540777917189 158.5495608531995 94.98745294855708
1615 683 22 178.73156899810965 177.65595463137996 123.74480151228734
801 682 33 190.04216388225936 106.37072394590295 93.81861575178998
890 675 41 240.553799082101 169.5410504844467 126.72463029066803
1403 673 27 190.8143036386449 106.7164366373902 94.10037641154328
1926 669 34 253.0763723150358 165.77008750994432 86.53381066030231
1745 669 23 123.54812398042415 149.15171288743883 106.49592169657423
1566 667 13 221.22842639593907 137.7918781725888 112.83248730964466
1684 663 33 178.33412887828163 177.85202863961814 123.30946698488465
560 659 12 239.5234899328859 170.48322147651007 128.95973154362414
1314 655 36 241.50692155570204 170.56295319709952 127.57350032959788
619 655 38 217.99697519661223 133.11312764670296 108.97277676950999
501 655 36 187.93803559657218 104.99143045484509 92.78312458800264
1519 650 25 240.81241184767276 169.56981664315938 127.73906911142454
1011 650 17 192.7602523659306 109.07255520504731 96.0757097791798
1176 647 13 125.84263959390861 153.01015228426394 108.42639593908629
1073 641 36 219.79235332893867 135.19907712590637 109.58009228740936
1810 638 36 239.29531970995384 168.3315754779169 126.76994067237969
1266 634 8 238.62962962962962 175.46913580246914 135.5185185185185
1629 630 18 253.10344827586206 167.85411140583554 90.6870026525199
1456 629 28 219.69034406215317 134.81132075471697 110.03662597114318
789 629 13 131.88324873096445 178.71065989847713 134.80203045685278
1874 629 22 218.84310018903594 134.51228733459357 110.51417769376182
718 628 51 176.40353215594803 177.32489170276574 121.86804398533822
1911 619 11 251.14093959731542 169.35570469798657 96.01342281879194
1572 620 22 192.55765595463137 107.74480151228734 95.39697542533082
967 617 32 218.65721877767936 134.2223206377325 109.20460584588132
835 617 26 254.01380175658718 167.86323713927226 86.84692597239648
1734 613 27 190.03638644918442 105.87954830614805 94.1254705144291
1145 611 26 129.11794228356337 178.4215809284818 133.61480552070262
1385 609 37 241.09492419248514 170.0184574818721 127.32893869479234
1218 609 35 119.04734158776402 148.27166788055354 103.79024034959943
562 608 26 240.48682559598493 170.44040150564615 127.96863237139272
1674 603 20 253.76190476190476 160.5873015873016 96.53061224489797
1026 596 20 241.4467120181406 170.9795918367347 128.01360544217687
1891 592 10 235.5929203539823 169.3362831858407 130.4070796460177
900 588 34 253.9013524264121 159.3579952267303 94.7557677008751
1313 585 25 219.16643159379407 134.79830747531736 110.21438645980254
796 586 14 177.7208121827411 178.497461928934 123.75634517766497
1271 583 9 219.75308641975306 140.91358024691357 116.58024691358024
633 579 34 190.8472553699284 106.60461416070008 94.23786793953859
1561 577 13 239.80710659898475 169.91878172588832 128.36548223350252
1499 571 34 219.86475735879077 134.5966587112172 109.94908512330947
1845 571 27 187.8544542032622 105.31493099121705 93.74404015056462
1438 564 21 190.2514177693762 106.72400756143668 94.65406427221173
1618 561 39 253.57289776164552 157.54748941318815 93.59165154264973
583 559 16 253.06624605678232 159.2681388012618 97.40378548895899
1703 558 25 219.31311706629054 134.2228490832158 110.35825105782793
1771 557 36 218.67963085036254 133.6526038233355 109.70204350692154
836 554 26 118.58092848180677 146.3224592220828 102.87578419071518
1180 546 28 120.40510543840178 148.826859045505 104.68701442841288
760 547 34 116.12808273667463 143.9848846459825 101.31503579952268
1244 546 23 253.85154975530182 167.2936378466558 86.89070146818923
934 542 13 181.27918781725887 182.5228426395939 125.18781725888324
994 542 33 116.57517899761336 145.4359586316627 101.9307875894988
695 541 26 253.96486825595983 159.21455457967377 95.54579673776662
1548 538 17 239.63406940063092 168.4794952681388 127.01577287066246
1093 537 50 177.37008153137185 179.58560794044666 122.35802906770648
1307 534 19 188.82228116710874 106.56498673740053 94.36604774535809
612 522 23 253.33278955954324 157.2414355628059 94.77977161500816
1820 519 16 251.69085173501577 160.33438485804416 98.36277602523658
1381 506 50 253.99432825239276 167.0879120879121 85.69337114498404
1471 505 27 188.55332496863235 105.46424090338769 93.14805520702635
816 502 26 177.79046424090336 178.82434127979923 122.8306148055207
1205 499 20 253.82539682539684 161.4467120181406 96.28798185941044
891 497 36 130.345418589321 179.865524060646 134.35992089650625
1521 490 15 220.4782608695652 137.24505928853753 112.86166007905138
1768 488 25 239.6488011283498 169.33991537376588 128.1678420310296
963 485 23 116.70962479608484 145.2153344208809 102.442088091354
661 484 25 253.9703808180536 166.61777150916785 87.4132581100141
1578 484 37 189.37574159525377 105.81872116018457 93.4291364535267
1025 484 22 177.3913043478261 179.20415879017014 123.02457466918715
1271 483 38 254.0223835450696 159.29461584996977 93.96188747731398
1681 473 53 239.2969772514802 168.17357432221877 126.50514178871923
734 468 41 240.49362570117287 169.05966343702192 126.883222845487
1149 460 34 217.84327764518696 133.51233094669848 108.74224343675418
839 460 13 252.78680203045684 167.746192893401 91.47715736040608
1435 456 13 240.1979695431472 170.84771573604058 129.21319796954313
1326 455 15 219.2569169960474 135.80632411067194 110.98418972332016
1540 454 8 237.85185185185185 174.80246913580245 137.04938271604937
998 441 17 219.77917981072554 136.7097791798107 111.71293375394322
1611 440 11 238.08053691275168 170.73825503355704 130.7718120805369
1489 437 32 239.9078830823738 169.37378210806023 127.08503100088575
1359 428 17 187.86435331230282 105.73817034700315 93.26813880126183
1213 428 25 190.43018335684062 107.05641748942172 94.06770098730607
1075 424 41 190.05456399796023 106.65884752677206 93.89954105048446
937 423 36 253.9762689518787 159.18984838497033 94.74027686222807
865 422 26 241.633626097867 171.20702634880803 128.16938519447928
1416 414 26 219.44416562107904 134.65495608531995 109.89084065244667
1560 414 26 253.86700125470512 157.51568381430363 93.97741530740275
798 411 33 187.84327764518696 105.39538583929992 93.32140015910899
1633 403 24 189.09951060358893 106.4437194127243 94.33442088091354
1298 401 33 240.14956245027844 168.94272076372314 126.70723945902944
1014 395 17 194.12618296529968 109.7602523659306 96.87381703470031
1152 393 27 241.0828105395232 170.3776662484316 127.80677540777916
1365 390 16 239.05362776025237 169.21451104100944 127.82649842271293
1595 384 12 252.65771812080536 168.3489932885906 91.22818791946308
1200 384 13 221.18781725888323 138.67005076142132 113.65482233502537
1237 371 18 191.9575596816976 108.37931034482759 95.87002652519894
1403 365 16 240.22397476340694 170.17981072555204 127.84542586750788
1533 363 20 253.7641723356009 167.24036281179139 89.65986394557824
891 363 27 187.8582183186951 105.88205771643663 94.24968632371392
1034 361 20 189.33786848072563 106.79138321995465 94.58049886621315
1465 355 39 219.60556563823354 134.7459165154265 110.36600120992136
971 348 36 240.74423203691495 169.92551087673039 127.38760711931442
1097 344 35 253.94537509104154 167.86380189366352 86.91114348142753
1347 333 34 189.321400159109 106.07239459029435 93.56324582338902
1409 326 18 253.289124668435 158.70822281167108 95.43501326259947
1267 318 34 239.6873508353222 168.8870326173429 126.65314240254575
1035 317 15 253.53359683794466 168.07509881422925 89.66798418972331
1183 316 37 221.06262359920893 135.7996044825313 110.61371127224785
1072 299 8 250.02469135802468 175.37037037037035 106.22222222222221
1127 298 15 253.15415019762844 162.50197628458497 99.06324110671936
1208 141 2 162.20000000000002 163.60000000000002 161.4
1215 137 3 142.6153846153846 142.30769230769232 139.84615384615387
1206 132 2 134.8 136.0 136.20000000000002
