1220 2106 24 194.07014681892335 107.12724306688418 93.84176182707994
1045 2097 15 195.6086956521739 108.34782608695652 95.40711462450592
1297 2087 39 254.88142770719907 160.73986690865095 94.95220810647308
1370 2084 19 239.82758620689654 166.3713527851459 125.75331564986736
1143 2077 42 218.96124426313108 130.69811320754718 106.81998980112188
1080 2059 19 240.14854111405833 167.15915119363393 125.93368700265252
937 2055 14 253.28426395939084 166.8172588832487 90.12690355329948
1443 2042 52 254.69910029990004 165.13362212595803 84.27524158613795
1348 2034 29 219.0144284128746 130.8457269700333 106.97558268590456
1223 2033 41 240.3493115757267 166.21723610402856 124.51300356960735
892 2029 33 254.0175019888624 161.24184566428005 95.88225934765315
1008 2025 55 240.09944265180405 166.332062188325 124.40305074801995
1534 2022 31 239.9140832595217 166.4534986713906 125.37378210806024
1292 2022 19 242.76127320954905 168.9708222811671 127.53846153846153
825 2017 24 239.41761827079935 166.49429037520392 125.32952691680262
1100 2012 27 194.5169385194479 106.1242158092848 93.67252195734002
1609 1999 41 193.3865374808771 105.00662927078022 92.75165731769506
1159 1989 29 219.82019977802443 131.3007769145394 107.0377358490566
1326 1987 16 199.26182965299685 110.18611987381703 97.52681388012618
774 1975 28 195.2297447280799 107.1165371809101 94.01997780244173
925 1973 23 193.43230016313214 106.55138662316477 93.65252854812398
1552 1962 17 254.1135646687697 166.57097791798105 87.89274447949526
1386 1962 37 241.0533948582729 166.34607778510215 125.44100197758733
1269 1959 36 254.92419248516808 166.07514831905075 84.91694133157547
1482 1951 42 220.15043345232027 131.30545639979604 107.39112697603264
850 1947 44 254.2814710042433 165.4945780292315 84.52663837812352
1063 1943 40 219.27105409927498 130.98271054099277 107.09871723368657
1204 1937 24 195.4698205546493 106.23327895595433 93.60195758564437
1680 1929 44 254.4163130598774 166.4097123998114 85.61056105610561
981 1925 39 254.76709013914098 159.17362371445859 94.16575922565033
711 1926 42 254.01172870984192 159.20244773074964 93.96328403875575
1602 1924 24 254.58238172920068 161.29853181076672 96.5725938009788
1329 1925 21 220.31379962192818 132.124763705104 108.26465028355388
1548 1913 21 254.52551984877127 159.08317580340264 94.9678638941399
1141 1913 37 219.8121292023731 131.4152933421226 107.37705998681608
787 1908 27 240.03764115432872 166.6311166875784 125.06649937264741
908 1896 28 220.51720310765816 132.36958934517205 107.86015538290788
1425 1891 36 254.95583388266314 159.7521423862887 94.53988134475938
1282 1890 29 242.05882352941177 167.79800221975583 126.09544950055493
1765 1888 41 239.75318714941358 166.2667006629271 125.34421213666498
1086 1887 15 198.50592885375494 109.5296442687747 96.61264822134386
632 1871 33 239.5139220365951 167.02863961813844 125.78440731901352
1571 1868 25 220.96897038081806 132.55571227080395 108.36812411847673
1700 1867 15 222.098814229249 135.3596837944664 111.47035573122528
1032 1864 32 194.71213463241807 106.01505757307352 93.2754650132861
690 1863 16 253.54574132492112 159.90851735015772 96.92429022082018
1503 1863 36 254.82729070533946 166.74159525379036 85.60646011865524
749 1862 18 253.82228116710874 167.342175066313 88.3023872679045
1211 1860 42 219.6583375828659 130.69505354411015 106.72259051504335
1350 1858 33 241.98090692124106 167.648369132856 126.0994431185362
1641 1852 35 254.2694828841952 159.05389657683904 94.8572469045885
958 1844 32 240.92028343666962 167.5837023914969 126.07705934455271
906 1840 14 240.87817258883246 167.58883248730965 126.53807106598984
1820 1837 32 192.23029229406555 104.59610274579273 92.22586359610276
827 1837 54 254.58896852602055 159.48145839825492 93.4904954814584
1285 1827 28 254.99778024417316 159.37846836847947 94.87458379578247
716 1817 26 218.62358845671267 131.09033877038894 106.89460476787954
572 1817 28 240.2186459489456 168.15205327413986 126.71143174250832
1117 1810 54 242.22218759738234 168.13867248363977 125.96478653786225
1580 1800 31 240.6696191319752 167.1789193976971 125.94774136403898
1193 1799 11 241.35570469798657 171.37583892617448 130.68456375838926
639 1798 35 254.1063364894392 166.99781500364168 86.25491624180627
1513 1797 25 198.60366713681242 108.40620592383638 95.26657263751763
1725 1794 54 254.01932066064194 159.1695232159551 94.4767840448738
1641 1793 12 240.36241610738256 170.06040268456374 130.53691275167785
1340 1791 28 196.3340732519423 106.90122086570477 94.23751387347392
1426 1787 52 254.9516827724092 167.1462845718094 86.00366544485172
1885 1781 41 238.57980622131566 166.182559918409 125.46710861805202
1240 1779 28 196.2896781354051 106.61154273029967 94.02330743618202
1011 1778 42 195.44416114227437 106.00203977562468 93.3625701172871
764 1779 16 254.3154574132492 169.53943217665613 90.84542586750788
917 1768 41 254.69046404895462 167.4196838347782 86.2044875063743
1815 1765 23 239.99184339314846 166.90375203915173 125.94290375203916
637 1760 10 213.46017699115043 137.141592920354 98.68141592920354
1186 1759 22 221.82230623818526 133.8922495274102 109.59357277882798
526 1755 41 192.91738908720043 104.89291177970424 92.7236104028557
595 1753 19 239.54111405835542 167.04774535809017 126.3103448275862
635 1746 14 207.243654822335 126.60913705583755 102.8730964467005
844 1745 27 254.8005018820577 160.67628607277288 94.92471769134252
1297 1741 27 242.18695106649935 168.18695106649935 126.53450439146799
1638 1740 33 254.02147971360384 168.26173428798728 87.13683373110581
705 1738 46 254.3338768854464 157.98328577252343 93.16306563391765
1075 1738 20 130.36961451247166 174.74149659863946 131.63492063492063
785 1736 22 241.44045368620039 167.88846880907374 126.35538752362949
1546 1727 48 254.76150627615064 160.44427538988208 94.93799923925447
1216 1722 15 241.26877470355728 168.82608695652172 127.28853754940711
983 1718 15 177.9683794466403 174.11462450592884 122.67193675889327
1368 1717 35 221.06117989803352 131.94100509832484 107.94537509104153
1135 1716 32 178.9583702391497 175.66784765279007 122.1895482728078
1939 1714 35 252.72323379461037 157.10269482884195 94.33940276766207
1460 1710 24 241.30016313213704 168.42903752039152 126.83686786296902
1781 1706 36 253.7956493078444 158.0309822017139 94.33355306526038
1856 1706 35 218.72250546249091 131.85651857246904 108.25928623452295
470 1698 28 239.1465038845727 165.669256381798 125.29078801331853
1255 1697 24 191.8825448613377 105.23327895595433 93.13703099510604
616 1696 32 193.96191319751995 105.82639503985828 93.2400354295837
887 1695 29 254.74916759156494 169.41509433962264 87.30299667036626
1316 1688 18 242.12997347480106 169.3846153846154 127.78514588859416
1700 1686 38 239.7555958862674 167.1978221415608 126.02540834845736
1036 1685 40 127.68934746235361 171.5856107083101 130.14389291689906
737 1673 22 220.27599243856332 131.2381852551985 107.53497164461248
951 1670 33 123.59029435163087 146.68178202068418 104.19968178202069
1621 1670 34 193.28082736674622 104.95783611774065 92.58233890214798
814 1668 44 254.87223008015087 159.44035832154643 94.03441772748704
1989 1660 31 192.859167404783 106.27369353410097 93.79805137289637
1495 1657 33 219.98090692124106 132.06364359586317 107.97136038186159
1189 1656 41 123.07649158592555 147.08720040795512 104.11473737888832
1113 1656 24 179.50570962479608 176.60195758564439 122.5236541598695
1418 1654 38 195.5015124016939 106.56805807622506 93.76285541439808
1558 1652 22 254.51984877126654 168.51606805293005 88.75047258979207
679 1650 34 254.0684168655529 167.64439140811456 87.05648369132857
1288 1647 23 241.8988580750408 169.34257748776508 127.18107667210441
535 1643 52 218.46017994002 131.13362212595803 107.37020993002334
1843 1641 20 239.06349206349208 167.76643990929705 126.86167800453515
890 1641 22 178.45746691871457 174.92060491493385 122.19848771266541
438 1638 41 253.7511473737889 156.8250892401836 93.44977052524223
1730 1631 12 238.9798657718121 168.15436241610738 128.93288590604027
1344 1631 31 196.32772364924713 107.10894596988486 94.24269264836138
619 1631 21 253.9678638941399 167.90737240075615 89.2022684310019
1778 1629 31 253.22763507528788 167.55004428697964 88.06554472984942
1913 1625 42 252.92707802141766 167.22335543090261 87.04742478327384
1248 1617 18 221.67904509283818 134.3236074270557 110.03183023872678
1036 1616 13 253.6954314720812 170.60913705583755 94.16243654822334
1142 1615 15 127.67984189723319 149.5573122529644 107.50988142292489
1597 1612 25 254.74612129760226 160.23836389280677 95.63892806770099
986 1610 28 254.94117647058823 160.65815760266372 95.20865704772476
1672 1604 37 253.99999999999997 168.1628213579433 87.78444297956493
703 1604 10 240.3008849557522 173.43362831858406 134.8230088495575
922 1603 25 128.80394922425953 172.36530324400564 130.8420310296192
753 1603 33 254.61734287987272 157.97613365155132 94.1376292760541
656 1601 17 253.794952681388 157.88012618296528 95.25552050473186
1465 1596 24 221.53344208809136 133.88907014681894 109.78955954323003
2014 1595 30 237.23092170465807 166.3686818632309 126.39246778989097
1536 1589 34 241.82338902147973 169.01591089896579 127.28957836117742
1088 1587 39 254.89534180278284 159.61403508771932 94.31760435571688
1832 1586 33 253.20127287191727 160.1527446300716 95.67064439140812
1739 1573 31 192.5155004428698 105.37023914969 93.15589016829053
1296 1573 38 254.85964912280704 160.41016333938296 94.85843920145192
1029 1571 13 252.79695431472078 170.36040609137055 93.53299492385786
473 1572 23 253.82381729200654 167.14192495921696 87.4437194127243
1889 1566 17 195.20504731861197 108.85488958990535 96.24921135646687
688 1565 23 253.98858075040783 169.30016313213704 88.91190864600327
603 1564 37 240.07251153592614 167.67237969676992 126.4700065919578
1388 1561 42 242.068842427333 169.1805201427843 127.23661397246303
842 1562 53 178.13181676534745 174.65035836709254 121.68307884076036
527 1561 23 194.1615008156607 106.66721044045677 94.00978792822187
1195 1556 52 178.80406531156282 176.27590803065647 122.17994001999334
1951 1552 34 217.61654733492443 131.59904534606207 108.0684168655529
476 1547 10 229.50442477876106 158.38938053097345 102.31858407079646
403 1548 40 253.73898494143896 166.8940323480201 86.7473508087005
1689 1536 25 241.08039492242594 168.94922425952043 127.3935119887165
954 1536 38 241.88263762855416 168.90078644888084 126.78765880217787
1025 1533 22 242.67674858223063 170.5274102079395 128.5444234404537
1121 1530 18 254.47214854111405 167.86737400530504 87.80901856763926
1602 1528 53 220.9644749143035 132.32315363041445 108.13119351822998
659 1523 21 177.41587901701322 173.74480151228735 122.12476370510397
1332 1521 19 223.18302387267903 135.86206896551724 110.62068965517241
744 1520 41 126.97654258031618 170.0810810810811 129.25293217746048
480 1515 31 253.98582816651904 157.3374667847653 94.00177147918512
542 1513 18 240.17506631299733 168.57029177718832 127.07692307692307
1481 1512 51 241.88070643118962 168.73242252582472 126.77674108630457
2050 1510 54 237.66999065129323 166.6478653786226 126.04393892178248
1893 1505 32 238.62267493356953 167.8175376439327 127.11868910540302
1791 1500 53 218.95606107821752 131.6790277344967 107.90464319102524
1270 1496 33 254.92840095465394 161.25775656324583 96.19729514717582
361 1496 27 253.43161856963613 156.8983688833124 94.22710163111668
1405 1494 18 241.8965517241379 168.79840848806364 127.10875331564986
1073 1489 40 220.53151143335194 132.87674288901283 107.87116564417178
414 1488 18 220.9257294429708 134.9946949602122 110.82493368700264
596 1483 37 124.29861568885958 147.11272247857613 104.89980224126565
893 1482 32 196.09831709477413 106.99911426040744 94.17360496014172
1156 1478 24 180.5236541598695 177.5236541598695 123.34910277324633
676 1477 25 127.14245416078984 149.91255289139633 107.36812411847673
998 1476 32 195.77856510186007 106.69530558015944 93.4074402125775
1551 1474 15 242.31225296442688 170.8814229249012 129.86561264822134
1964 1474 31 192.89813994685562 106.38618246235608 93.5792736935341
1895 1468 6 238.83673469387753 180.61224489795916 147.42857142857142
1350 1465 31 255.0 160.7776793622675 95.59610274579273
811 1466 37 219.8193803559657 132.09756097560975 108.01911667765326
1691 1462 42 197.13666496685366 107.29882712901582 94.67771545130036
521 1460 31 193.7466784765279 105.7245349867139 93.31975199291409
948 1457 17 241.42586750788644 170.09463722397476 129.05678233438485
1625 1446 19 240.40848806366046 168.315649867374 127.6392572944297
643 1442 19 127.6896551724138 170.3925729442971 130.42175066312996
451 1440 31 239.82639503985828 167.43578387953943 126.62887511071746
729 1439 30 194.77700693756194 106.86620416253716 94.25569871159564
386 1439 23 192.25448613376835 105.76182707993475 93.79282218597064
1572 1436 25 221.30465444287728 133.3483779971791 109.72778561354019
1213 1437 40 127.78694924707196 172.08254322364752 130.76240936977135
1118 1435 24 195.33605220228387 107.68515497553018 94.74388254486134
1290 1434 23 254.87601957585645 168.85807504078304 88.16965742251224
1423 1427 36 254.87607119314436 169.1305207646671 87.23401450230718
334 1428 20 238.7233560090703 166.99319727891157 126.91609977324264
1897 1427 37 238.457481872116 166.65787738958468 126.06064601186551
1506 1425 32 194.88485385296724 106.50132860938885 93.68379096545615
1824 1421 25 218.62341325811002 131.99294781382227 108.55853314527504
1044 1419 32 241.91674047829937 168.70859167404782 126.511071744907
775 1413 13 253.1725888324873 171.25888324873094 94.78172588832487
2098 1411 51 252.05198267244253 156.07997334221926 93.92435854715096
447 1410 15 227.57707509881422 151.72332015810275 106.3399209486166
2007 1408 31 252.19486271036317 166.20637732506643 87.30558015943313
877 1408 42 254.69709331973485 160.77868434472208 95.1101478837328
1758 1405 33 239.0103420843278 167.33015115354019 126.1535401750199
495 1403 18 218.41379310344826 131.09283819628646 107.56498673740053
972 1400 34 254.55369928400955 168.4821002386635 86.87350835322196
1698 1397 18 220.9575596816976 134.49602122015915 109.9946949602122
1157 1397 19 181.21750663129973 178.11140583554376 124.06100795755968
1339 1390 37 254.97758734344097 159.50692155570204 94.60118655240606
1636 1389 35 239.87618353969413 166.95047341587764 125.6941005098325
367 1384 23 254.0 168.4241435562806 87.9347471451876
574 1382 53 177.1891555001558 174.46650046743534 122.15082580243066
1949 1381 25 218.76586741889986 133.76445698166432 109.90973201692525
738 1381 21 254.39697542533082 157.78071833648394 94.12476370510397
316 1380 20 239.29251700680274 166.92970521541952 126.31972789115646
1263 1376 27 178.78042659974903 176.7741530740276 122.76662484316185
1402 1373 12 253.73154362416108 170.9798657718121 92.18120805369128
1811 1373 14 193.77664974619287 108.0964467005076 95.48730964467005
439 1367 43 254.01744460160302 157.41819896275342 93.1970768505422
1097 1367 36 220.79762689518785 132.80158206987474 108.35003295978905
801 1365 33 253.86953062848053 167.62450278440733 86.82020684168656
672 1366 33 254.0 167.8408910103421 87.67700875099443
1561 1364 35 254.65986890021853 168.4042243262928 87.73925710123817
1199 1363 27 125.49811794228356 149.70639899623586 106.27854454203262
1860 1360 30 191.2408325074331 104.9990089197225 92.98810703666997
1467 1357 41 254.8663946965834 160.00611932687406 94.51249362570118
1021 1356 27 192.60727728983687 105.19322459222082 92.68757841907151
943 1354 21 221.06805293005672 135.26275992438565 110.95652173913044
1697 1353 25 128.00564174894217 171.1015514809591 130.58815232722142
1994 1343 28 252.02108768035518 159.45283018867926 96.02774694783574
852 1344 11 253.14093959731542 171.13422818791946 94.52348993288591
1766 1335 34 178.04216388225936 175.19649960222753 122.3667462211615
2060 1333 28 189.73584905660377 103.94006659267481 92.35627081021087
895 1327 28 240.83240843507215 167.45283018867926 125.78024417314096
2133 1327 27 251.35508155583437 166.4065244667503 88.62860727728983
1384 1327 27 254.5294855708908 168.25595984943536 87.09159347553324
1313 1324 20 126.36281179138322 149.16326530612244 106.85714285714286
506 1324 29 239.24195338512763 165.9023307436182 125.2630410654828
1923 1321 34 253.07080350039777 158.5290373906126 94.59427207637232
733 1320 31 254.1966341895483 160.0177147918512 96.0310008857396
1623 1309 41 124.36766955634882 147.80520142784295 105.0173380928098
563 1303 19 218.16445623342173 132.41114058355436 108.9442970822281
1252 1301 38 177.49546279491835 175.67755595886268 121.98790078644889
632 1299 40 126.98382598996096 170.9966536530954 130.41048522030118
347 1294 55 253.70812555001467 166.18597829275447 86.48225286007627
1968 1292 11 237.3020134228188 167.7248322147651 128.8993288590604
975 1292 38 254.85238959467637 159.96733212341198 94.86085904416214
1062 1292 38 254.6406533575318 160.4216575922565 94.76648517846341
443 1291 24 190.2430668841762 105.06688417618271 93.03099510603589
1709 1290 26 177.6461731493099 174.8582183186951 122.31994981179422
1157 1290 48 240.9243058197033 167.82959300114112 125.62228984404717
2095 1285 25 252.22143864598024 156.75317348377996 94.80535966149506
1845 1283 43 127.08015087223008 170.42432814710043 130.1819896275342
1431 1275 33 128.13206046141607 172.80190930787592 130.91408114558473
1527 1273 53 178.56622000623247 175.7812402617638 122.44063571205983
824 1273 53 254.61607977563102 158.59052664381426 94.2119040199439
1768 1271 22 125.65595463137997 147.88090737240077 106.29867674858224
908 1272 22 220.32136105860113 133.50094517958414 109.17391304347827
2021 1268 35 252.56227239621268 165.79970866715223 86.69701383831027
706 1263 20 176.63945578231292 174.66213151927437 122.22902494331066
1342 1262 41 124.62519122896482 148.9964303926568 105.71188169301378
585 1254 11 238.67785234899327 169.02684563758388 129.6711409395973
1667 1249 19 239.44297082228115 167.3183023872679 126.29177718832891
748 1245 17 178.73817034700315 176.12933753943216 122.78548895899053
524 1245 42 239.05966343702195 166.84140744518103 125.59561448240694
340 1239 17 238.4479495268139 153.45425867507885 86.22397476340694
1274 1239 24 218.4714518760196 132.74551386623165 108.43066884176183
1795 1231 18 192.9920424403183 107.6525198938992 95.6392572944297
615 1231 16 253.0378548895899 159.84858044164037 97.0031545741325
662 1229 22 251.99243856332703 166.25897920604916 87.74669187145558
2126 1229 34 216.74622116149564 131.4049323786794 108.28082736674622
1018 1228 23 254.29853181076675 168.33115823817292 86.86623164763459
1614 1225 33 254.16785998408912 158.84884645982498 94.68098647573588
2091 1224 11 207.55704697986576 138.49664429530202 110.96644295302013
424 1224 38 239.26436781609198 166.63520871143376 125.66545674531156
2069 1221 21 233.648393194707 162.54253308128546 123.8109640831758
1928 1219 53 176.09691492676845 172.84948582112807 121.52570894359613
1725 1215 42 254.0071392146864 157.7888832228455 93.80673125956146
1210 1215 38 194.05747126436782 106.56684815486994 93.77374470659407
1462 1213 23 254.05383360522023 167.58564437194127 87.4567699836868
1401 1214 24 179.16639477977162 176.93637846655793 122.96900489396411
946 1213 26 239.94855708908403 167.81179422835632 126.01756587202007
1084 1209 36 254.0553724456163 167.80421885299933 86.62162162162161
715 1209 24 127.78792822185972 172.8515497553018 130.94290375203917
128 1208 2 161.60000000000002 155.60000000000002 155.60000000000002
2013 1207 21 177.15879017013233 173.65028355387525 122.80529300567107
1149 1207 19 240.39787798408486 168.49867374005305 127.22015915119363
1304 1203 11 239.82550335570468 169.95973154362414 129.73154362416108
878 1202 27 190.31493099121704 105.3789209535759 92.79422835633625
128 1202 2 162.4 159.8 161.8
133 1201 2 162.8 158.60000000000002 157.8
1838 1200 24 253.49755301794454 166.99347471451875 88.25448613376835
482 1199 9 237.33333333333331 170.04938271604937 132.11111111111111
334 1198 43 252.77934936350778 156.23668081093822 93.56435643564356
1790 1185 17 239.45425867507885 166.99053627760253 126.94006309148264
780 1182 37 124.45352669742913 149.75741595253788 106.43572841133816
2310 1181 2 173.0 172.20000000000002 175.0
1266 1173 23 240.70962479608485 169.2430668841762 127.37194127243067
2141 1172 18 127.19893899204243 148.0238726790451 108.90981432360742
582 1171 36 253.84574818721157 167.39156229400132 86.86947923533289
1008 1170 36 254.02241265655897 160.3197099538563 95.22610415293342
1172 1168 15 217.87747035573122 133.57312252964425 110.11067193675889
664 1168 35 253.81937363437729 159.0546249089585 95.10779315367809
460 1168 18 239.40053050397876 166.78779840848804 126.00265251989389
1868 1167 16 193.49211356466876 107.1955835962145 95.48895899053628
1596 1167 16 240.596214511041 167.42902208201892 126.3943217665615
1523 1163 44 254.39085337105138 166.78877887788778 86.16737388024517
511 1160 25 217.69393511988716 131.9873060648801 108.44992947813822
1658 1160 34 254.00318217979316 166.67621320604616 86.47891805887033
1435 1158 32 254.01240035429583 158.62621789193977 94.63064658990257
921 1158 23 253.9641109298532 167.90538336052202 87.88743882544861
2078 1156 38 127.12885662431943 169.40774349667274 130.27828191167575
1126 1155 21 194.59168241965975 109.07372400756144 96.28922495274102
1069 1155 13 239.8172588832487 169.91370558375633 128.41116751269035
1343 1154 49 220.15062761506277 133.02890833016357 108.90680867249905
402 1153 30 216.89990089197224 130.87611496531218 107.84539147670961
1988 1146 36 125.99999999999999 148.62557679630848 106.94001318391561
1217 1142 26 240.32747804265995 168.35884567126723 126.2948557089084
1753 1139 29 253.97003329633742 166.12319644839067 87.04550499445061
1819 1138 34 219.89260143198092 132.98011137629277 109.09546539379475
725 1136 25 238.91255289139633 168.03102961918194 126.56135401974612
2224 1132 8 99.29629629629629 93.69135802469135 92.22222222222221
858 1131 39 178.22020568663038 177.49304295220813 122.805202661827
2234 1121 4 127.38461538461539 118.38461538461539 119.15384615384616
620 1122 18 253.2838196286472 168.43766578249335 89.71352785145888
1909 1118 35 238.00655498907503 165.78732702112163 125.58193736343773
1475 1119 17 253.7602523659306 161.41324921135646 97.21135646687696
793 1119 16 239.63406940063092 169.43217665615143 127.69716088328076
1087 1116 27 219.59849435382682 135.13425345043913 110.08155583437892
323 1113 27 253.7427854454203 166.44416562107904 87.95483061480552
1598 1109 35 194.18426802621997 106.0436999271668 93.52585579024036
954 1106 36 127.32366512854317 173.67699406723796 131.2709294660514
1024 1102 27 181.24090338770387 181.3048933500627 124.45294855708907
466 1101 41 190.27638959714432 104.56858745537991 92.55277919428863
1159 1098 39 195.26436781609198 107.63278886872354 94.26557773744707
2053 1096 19 128.22546419098143 170.9045092838196 131.16976127320953
2118 1092 26 175.75533249686322 172.81932245922206 122.57841907151818
673 1091 34 218.35640413683373 133.23229912490055 108.6260938743039
1323 1088 12 220.48322147651007 137.06040268456377 112.26845637583892
1260 1082 38 241.0332728372656 169.60798548094374 127.06957047791894
757 1081 27 194.44416562107904 107.88456712672522 94.8582183186951
1846 1079 17 239.17034700315457 167.75078864353313 126.8832807570978
386 1079 33 238.47653142402547 166.26332537788386 125.59984089101034
1369 1077 20 241.34467120181407 169.84580498866214 127.93197278911565
2000 1076 28 190.73473917869035 105.1542730299667 93.2064372918979
897 1077 17 175.72870662460568 174.78233438485805 122.70347003154573
1787 1075 29 253.89789123196448 159.35294117647058 95.20976692563818
1432 1075 35 254.66933721777133 167.3932993445011 85.66278222869629
567 1074 50 239.3424317617866 168.2229705778093 126.66820276497695
1693 1072 55 254.0539747726606 158.55881490173073 93.83015547081256
1519 1072 37 254.10876730388924 157.98154251812787 94.21160184574818
1206 1070 12 219.1006711409396 137.5234899328859 113.46979865771812
1946 1068 17 237.90536277602524 166.81388012618297 126.74763406940063
319 1061 22 218.42155009451795 132.9810964083176 109.45368620037807
996 1046 25 124.40197461212976 150.43864598025388 106.34273624823695
1892 1045 31 191.07528786536759 105.29495128432241 93.47829937998229
1385 1044 10 240.23893805309734 173.13274336283186 133.09734513274336
1073 1045 41 125.06986231514534 151.87353391126976 106.74553799082102
435 1037 24 125.7536704730832 149.93800978792822 107.38825448613377
833 1037 43 239.72418670438472 169.56435643564356 127.34842055634135
1826 1031 23 219.10603588907017 132.90701468189235 108.88254486133769
1325 1032 35 192.3714493809177 106.68900218499637 93.45884923525128
638 1026 28 192.45948945615982 107.09655937846837 94.11098779134295
1596 1022 40 254.12883435582825 166.17624093697714 85.75069715560514
1263 1022 19 218.3262599469496 133.9920424403183 109.24403183023873
503 1022 23 178.8336052202284 177.1288743882545 123.58727569331158
1410 1017 16 253.60883280757096 161.42586750788644 98.69716088328076
714 1015 40 239.1918572225321 169.51031790295596 127.47295036252092
1764 1012 29 240.59489456159824 169.27746947835738 127.661487236404
924 1010 46 192.01997554015492 106.32613126783531 93.25071341214839
1965 1009 36 218.43572841133815 132.8457481872116 108.77521423862886
1533 1005 15 193.59288537549406 109.0790513833992 96.4901185770751
595 1005 13 238.61928934010152 170.10152284263958 129.56345177664974
2072 1004 56 236.9991724137931 166.6297931034483 126.15503448275862
1469 1000 33 241.0 169.53699284009548 127.5648369132856
1181 1000 52 177.44151949350217 177.5241586137954 122.00966344551817
1662 998 19 220.24137931034483 133.9416445623342 109.70026525198938
359 987 53 176.44593331255842 174.82362106575258 122.23122468058585
1373 985 25 240.9181946403385 170.3385049365303 127.91678420310296
1014 975 43 240.16454502593118 170.26685525695427 127.65205091937766
1871 972 34 238.1535401750199 167.45743834526652 126.62927605409706
1417 972 18 194.67639257294428 108.40583554376657 95.46153846153845
1100 972 25 240.42877291960508 171.0465444287729 128.51622002820875
780 971 31 253.8724534986714 159.16031886625333 94.45704162976085
209 970 7 99.3469387755102 93.63265306122449 90.26530612244898
462 969 36 127.69083717864204 172.86354647330256 131.44297956493077
550 968 37 125.28872775214238 150.74423203691495 107.20698747528014
209 964 7 84.28571428571428 79.93877551020408 77.12244897959184
1515 963 16 240.61514195583595 170.26498422712933 128.9179810725552
1565 963 24 254.09951060358893 159.0309951060359 94.80913539967374
1286 959 39 178.1663641863279 178.33151845130067 122.52450090744102
2000 954 22 252.01134215500946 157.58790170132326 95.33648393194707
1712 952 34 240.59108989657918 169.47175815433573 127.58949880668258
637 952 39 177.39503932244406 177.4410163339383 122.6031457955233
1792 951 32 192.00177147918512 106.05403011514615 93.86182462356068
1631 945 35 220.06117989803352 133.0298616168973 108.680262199563
857 944 36 253.92551087673036 166.81147000659195 85.74423203691495
1937 940 27 252.81555834378918 165.99121706398995 86.65370138017565
713 937 27 253.94981179422834 167.7427854454203 86.64491844416561
1229 929 21 128.4820415879017 175.75992438563327 132.124763705104
946 927 33 253.78997613365155 160.47016706443915 95.02545743834527
1363 921 33 128.65871121718376 175.2203659506762 132.43754972155926
414 920 17 252.801261829653 165.6719242902208 88.42271293375394
1538 919 16 240.12618296529968 169.23028391167193 128.54258675078864
504 919 18 178.14058355437666 176.82758620689654 123.89655172413792
1576 917 17 220.30599369085172 134.96845425867508 110.70347003154573
1976 911 17 251.76340694006308 158.08832807570977 95.59936908517349
1889 909 21 252.65595463137996 159.5406427221172 96.07372400756144
546 907 16 130.42586750788644 175.6813880126183 133.5205047318612
1460 902 54 219.37457151760674 133.12215643502648 108.49174197569336
1161 900 39 192.05202661826982 107.52450090744102 93.73321234119783
1071 898 40 253.9854991634133 167.47518126045733 85.70607919687674
589 897 24 128.1827079934747 154.20554649265907 109.6231647634584
1003 896 18 240.09283819628646 171.83554376657824 129.24403183023873
892 894 19 239.9946949602122 171.19628647214853 128.9575596816976
1833 892 27 253.18569636135507 165.71267252195733 86.4090338770389
2050 891 44 251.98915605846298 164.9198491277699 86.2918434700613
773 889 39 253.81669691470057 159.69812462189958 94.40834845735029
357 889 33 238.57358790771679 168.5584725536993 127.71917263325379
1670 886 24 191.51060358890703 105.66721044045677 93.48123980424144
1302 885 26 177.76411543287327 178.86951066499373 122.80301129234628
1932 884 17 252.81388012618297 166.9211356466877 88.99369085173501
1741 881 38 220.41802782819119 134.63157894736844 110.16454930429524
1617 879 19 240.66312997347478 170.0212201591512 128.74005305039788
842 876 21 253.8865784499055 167.87712665406428 87.49716446124764
893 873 8 208.41975308641975 151.37037037037035 123.7037037037037
506 867 23 190.31484502446983 106.64763458401306 94.4437194127243
432 868 40 253.19687674288903 156.51979921918573 93.4350250976018
957 864 19 238.9045092838196 170.3607427055703 128.58885941644562
1235 862 31 253.76350752878653 168.74047829938 87.01594331266608
1549 857 37 193.1529334212261 106.8529993408042 94.15095583388266
673 857 53 177.72327827983796 178.10657525708942 122.82299781863509
1979 856 30 252.009910802775 157.05351833498514 94.28642220019822
1806 846 24 190.92169657422514 105.94779771615009 93.77161500815662
1692 841 14 239.07614213197968 168.16751269035532 127.01522842639594
1888 838 35 238.74217042971597 168.05316824471961 127.01238164603059
1369 835 42 123.09178990311067 150.21825599184092 105.75318714941358
1123 835 32 239.76616474756423 171.02391496899912 128.29229406554472
1182 834 23 219.60195758564439 136.00326264274062 110.21533442088092
897 830 42 218.33401325854157 133.84089750127487 108.71290158082611
1290 826 26 253.6047678795483 161.099121706399 95.58594730238393
576 822 38 253.7434966727163 167.30973986690867 86.6787658802178
374 822 24 190.2740619902121 107.08319738988581 94.74551386623165
819 822 31 253.78299379982286 159.35606731620905 94.61204605845882
1940 818 13 195.20812182741116 110.76649746192892 98.20812182741116
1433 818 19 128.6392572944297 153.53315649867372 109.24668435013263
1021 817 54 253.8815830476784 159.84418822062946 93.81956995948893
753 815 25 253.1114245416079 166.68688293370946 86.70662905500706
1629 810 43 219.4167845355964 133.33804809052333 108.75483262611975
2030 806 32 236.4189548272808 166.73516386182462 126.43135518157662
488 804 40 216.65644171779144 132.92526491912994 108.72727272727273
1497 798 33 240.52187748607798 169.81463802704855 127.824184566428
1563 796 17 240.5552050473186 170.09148264984228 128.73817034700315
1968 786 25 218.61071932299012 135.2031029619182 110.99576868829337
1221 786 27 253.4040150564617 160.51191969887074 95.31869510664993
951 782 17 239.06624605678232 170.43217665615143 128.57097791798108
1085 780 15 253.23320158102766 168.84189723320156 88.84584980237153
1828 779 37 190.92814765985497 105.43243243243242 93.30323005932762
1730 777 52 239.12195934688438 168.30056647784073 126.87537487504166
419 773 31 253.05757307351638 157.78919397697078 94.9273693534101
1360 768 21 129.05293005671078 176.22117202268433 132.90359168241966
631 761 40 253.6865588399331 158.5722253206916 94.26157278304518
1906 760 32 238.10628875110717 167.9955713020372 127.11160318866254
553 760 26 253.11919698870764 157.4930991217064 94.168130489335
1541 758 17 253.5552050473186 168.14511041009465 90.54258675078864
718 758 34 128.8941925218775 176.03420843277647 132.82338902147973
870 757 25 253.3582510578279 167.2595204513399 87.43018335684062
1285 756 36 253.98681608437704 159.14106789716544 94.10085695451548
2017 754 16 236.12618296529968 167.39432176656152 127.5141955835962
1145 754 42 190.41560428352884 106.87047424783275 93.36002039775626
1430 752 36 177.21489782465392 177.4825313117996 122.24917600527355
1591 749 24 253.91680261011422 161.72104404567702 96.94290375203916
801 749 35 124.40349599417335 151.6533139111435 106.98543335761107
991 741 20 192.74603174603175 108.96825396825398 95.60544217687075
1058 737 25 253.58110014104372 168.15937940761637 87.40056417489421
1860 727 15 251.12648221343872 166.73517786561263 90.10671936758892
934 724 34 239.46937151949086 169.763723150358 127.19490851233095
1654 720 30 253.90782953419227 166.800792864222 87.31318136769079
674 718 13 237.40609137055836 170.35532994923855 129.91370558375633
1096 710 18 217.70291777188328 136.46684350132625 110.86472148541114
1220 708 33 253.5958631662689 168.08194112967382 86.8933969769292
574 706 24 191.03425774877653 107.05546492659055 94.47145187601959
477 704 44 252.99858557284298 166.002828854314 86.23149457802923
1508 703 42 253.99541050484447 159.22233554309028 94.22896481387048
1969 702 46 189.08030982470444 104.80309824704443 92.5348552792499
1798 692 42 253.12238653748088 157.84446710861806 94.24987251402347
1582 691 24 253.5203915171289 166.76345840130506 87.442088091354
1009 686 39 253.76043557168785 159.53478523895947 94.08469449485784
1437 684 19 239.9602122015915 170.21750663129973 128.2997347480106
861 684 39 176.50635208711435 177.52571082879615 121.65638233514822
632 685 25 253.32440056417488 168.04090267983074 88.36812411847673
1351 683 51 178.28023992002667 179.30723092302566 122.61979340219926
783 681 28 123.4250832408435 150.48612652608213 105.99223085460599
1715 680 34 191.73190135242643 106.65155131264918 93.80111376292761
1887 677 37 252.54054054054052 156.97165458141066 94.25642715886617
1153 678 29 253.4628190899001 159.49278579356272 94.32186459489456
710 673 38 253.06654567453117 158.6842105263158 94.4355716878403
1268 669 20 177.55555555555557 178.984126984127 122.82993197278913
1656 665 18 253.22281167108753 166.23607427055703 88.77188328912466
1203 658 15 253.03557312252963 162.25296442687747 97.99209486166008
939 653 28 123.16204217536071 150.74694783573807 105.87902330743619
482 650 12 218.69127516778522 137.7986577181208 111.76510067114094
1083 648 33 239.497215592681 170.66746221161497 127.70326173428799
1426 643 15 193.27667984189722 110.10276679841897 97.41501976284584
1470 643 17 239.49526813880126 170.41955835962145 128.9179810725552
1612 640 30 253.4806739345887 156.59266600594648 93.81466798810703
1942 633 20 237.36054421768708 168.51927437641723 127.91383219954649
642 625 26 239.06273525721454 170.30238393977413 128.40401505646173
1679 621 29 252.9278579356271 159.26637069922307 95.503884572697
1172 621 24 121.45513866231649 149.44861337683525 105.10929853181077
550 621 52 238.43085638120627 169.18660446517828 127.3018993668777
835 621 19 178.03183023872677 178.9363395225464 123.41909814323607
1752 619 31 238.15146147032772 168.35163861824623 126.99734278122233
1535 618 38 219.00907441016335 134.26013309134908 109.53297035692681
1241 613 32 128.97608503100088 177.5952170062002 133.27723649247122
1310 605 27 121.34002509410287 149.11292346298617 105.0702634880803
697 605 22 253.2476370510397 159.9867674858223 95.79584120982987
766 603 41 191.74655787863335 106.96124426313106 93.95002549719531
1915 600 15 236.6086956521739 168.6086956521739 128.89723320158103
1359 596 9 237.60493827160494 172.5185185185185 132.72839506172838
897 596 37 129.134475939354 177.29597890573498 133.0817402768622
1406 594 27 239.43914680050187 170.39021329987452 128.05897114178168
1471 593 25 191.34696755994358 107.6361071932299 94.89139633286318
1840 587 51 252.15094968343885 165.51249583472176 86.15228257247584
1004 584 53 176.3608600810221 178.03303209722654 121.8329697725148
1006 582 53 176.0 178.0 122.0
1115 574 41 121.10096889342174 149.0056093829679 104.48699643039267
833 573 19 239.342175066313 170.315649867374 128.15384615384616
1770 569 13 237.4467005076142 169.492385786802 129.10152284263958
1198 560 26 130.00376411543286 178.8155583437892 133.69761606022584
653 557 33 253.4192521877486 166.68416865552905 87.19411296738267
1446 553 16 239.0 170.12933753943219 128.9495268138801
586 553 24 218.38172920065253 135.45350734094617 111.16802610114193
1390 551 10 237.12389380530973 171.39823008849558 132.07079646017698
1710 550 39 190.81669691470057 105.58681185722929 93.41681790683606
1609 549 49 238.33815138836061 168.45796880943325 126.65690376569039
1521 549 21 239.16257088846882 169.39508506616258 127.55009451795841
1262 547 28 253.1120976692564 160.27302996670366 95.60488346281909
724 541 25 253.8194640338505 167.37940761636108 87.63328631875882
868 536 14 197.60913705583755 114.16751269035532 99.99999999999999
1336 531 41 191.75063742988272 107.59204487506375 94.35288118306987
1069 514 26 253.62358845671267 160.15809284818067 95.04265997490589
1787 512 32 217.57573073516386 134.14437555358725 109.83613817537645
1216 511 13 239.34010152284262 172.80203045685278 130.7918781725888
1413 510 34 218.1073985680191 134.39618138424822 109.30708035003978
928 510 42 239.07445181030087 169.9847016828149 127.3488016318205
1483 509 25 252.8265162200282 167.01410437235543 87.4456981664316
1545 506 20 191.34920634920636 107.53287981859411 95.01814058956916
803 498 51 219.5368210596468 134.95401532822393 109.83238920359881
1667 497 20 219.38095238095238 136.07709750566895 111.51700680272108
1146 497 31 253.44198405668735 159.6235606731621 95.1302037201063
1000 496 24 190.6199021207178 107.73083197389886 94.75693311582383
635 496 22 253.4007561436673 169.65595463137996 90.8374291115312
1195 479 12 238.79194630872482 170.7718120805369 129.31543624161074
704 478 42 253.4349821519633 157.34115247322796 93.65272819989802
1456 467 22 252.99432892249527 160.42722117202268 96.1077504725898
1727 463 37 237.0085695451549 168.08701384311138 126.93539881344758
1609 456 39 189.2462189957653 105.66666666666667 93.66727162734423
1262 453 51 238.66677774075308 169.1156281239587 126.75808063978674
1114 453 14 252.68527918781723 159.243654822335 96.79695431472081
1354 447 34 253.3436754176611 166.89180588703263 87.17501988862371
1413 446 17 252.94321766561512 158.86435331230282 95.69400630914826
1523 442 37 238.1404087013843 168.72313777191823 127.22940013183914
881 439 34 191.2999204455052 107.52585521081942 94.64200477326969
1048 435 41 253.6511983681795 166.94747577766447 86.72819989801123
961 435 37 253.63348714568224 159.29795649307843 94.502307185234
758 428 21 239.1701323251418 169.531190926276 127.945179584121
1172 426 31 253.8724534986714 167.78742249778566 87.03454384410983
1674 419 22 237.30434782608697 168.54820415879018 127.89981096408317
1116 408 24 191.67862969004895 108.55954323001632 95.11745513866232
816 404 33 238.7557677008751 169.376292760541 127.66030230708036
1453 399 34 253.04932378679396 166.7342879872713 86.54892601431982
1386 389 25 252.49506346967559 157.99294781382227 94.00423131170663
1597 384 28 218.21975582685906 134.24972253052164 110.48279689234184
871 380 23 219.3719412724307 135.9673735725938 111.23654159869494
1005 377 22 238.77126654064273 169.6843100189036 127.8109640831758
1216 371 38 219.26436781609198 135.09800362976407 109.6842105263158
1150 365 22 239.6521739130435 170.30056710775048 128.23251417769376
1308 364 47 253.47452099470036 157.2348145128414 93.45046881369751
1527 361 38 252.82637628554147 156.72776769509983 93.74712643678161
936 358 37 239.0692155570204 169.68226763348713 127.67699406723796
1461 334 25 191.67277856135402 108.34555712270804 95.51904090267983
1019 327 10 244.0 175.23008849557522 122.69911504424779
1004 328 16 229.02208201892745 163.46056782334384 122.76656151419559
1074 327 51 253.64045318227258 167.12195934688438 86.0923025658114
1397 316 36 253.26170072511533 167.90441661173367 87.59129861568886
1161 305 28 253.50943396226415 159.8612652608213 96.12874583795782
1215 299 21 191.02268431001892 108.69754253308129 96.11909262759924
1268 297 20 238.47619047619048 170.86167800453515 129.6077097505669
1339 294 18 252.342175066313 166.6286472148541 89.17771883289124
1221 114 2 157.0 156.8 153.8
1213 112 2 158.20000000000002 157.60000000000002 155.60000000000002
1213 107 2 154.8 154.0 152.8
