1177 2302 6 139.734693877551 136.51020408163265 135.6734693877551
1242 2091 27 168.01003764115433 171.6574654956085 114.60727728983689
1165 2090 31 127.61558901682906 134.85119574844995 95.09654561558902
1311 2079 19 139.12466843501326 175.52519893899202 142.631299734748
1040 2079 9 173.3827160493827 176.09876543209876 122.39506172839505
1346 2070 19 166.66047745358088 170.57559681697612 114.33421750663129
1089 2060 38 167.8451300665457 171.7489413188143 113.44948578342408
1413 2046 48 126.41346519589197 133.59718524153672 94.3461392164321
911 2040 31 125.97431355181577 133.40832595217006 93.60407440212578
1273 2037 29 139.10210876803552 175.85571587125418 142.65149833518313
1004 2026 50 137.77986529599434 174.76214108472172 141.73342786246013
1497 2022 29 170.7136514983352 173.7214206437292 115.91897891231964
1196 2017 37 140.52999340804217 149.29993408042188 103.24060646011864
1340 2015 28 109.5749167591565 151.38512763596006 143.61043285238625
851 2014 21 166.52173913043478 170.2608695652174 113.5765595463138
1133 2011 17 142.403785488959 150.60567823343848 104.7570977917981
1567 2007 19 125.93899204244032 132.18567639257293 94.41379310344827
1081 1994 26 126.04893350062734 133.65997490589712 93.00376411543287
934 1991 16 141.2334384858044 149.68454258675078 104.64353312302839
763 1987 15 141.3083003952569 149.73517786561263 105.00395256916995
1268 1985 10 172.34513274336283 174.09734513274336 118.53097345132743
808 1986 23 109.01305057096249 149.93148450244698 141.77487765089722
1455 1977 16 110.5583596214511 151.52996845425866 144.15457413249212
1139 1964 20 169.26984126984127 172.3356009070295 115.13832199546485
1395 1963 32 189.51904340124005 140.9406554472985 110.62267493356953
1602 1961 26 170.21957340025094 173.09284818067752 116.35382685069008
1239 1960 22 189.79962192816635 140.95841209829868 110.0359168241966
880 1956 39 141.60556563823351 150.15305505142166 103.14640048396855
1029 1952 20 142.9546485260771 151.3356009070295 104.843537414966
1666 1950 26 141.1969887076537 148.8983688833124 103.75407779171894
688 1949 16 141.61514195583595 149.29968454258673 105.08517350157729
1521 1944 50 141.77773839064162 149.9393831974477 103.53420772775611
1315 1942 38 205.6557773744707 168.20508166969148 128.77313974591652
813 1936 20 140.3514739229025 148.60090702947846 103.78231292517007
744 1937 30 109.2408325074331 150.3548067393459 142.11000991080277
962 1935 39 169.58741681790684 172.78523895946765 114.9026013309135
1448 1932 21 186.0 138.3875236294896 109.41209829867675
1189 1929 31 189.0265721877768 140.85119574844995 110.48804251550045
1087 1921 38 126.59225650332729 134.00362976406535 93.5565638233515
1600 1914 16 170.64668769716087 172.74763406940062 116.48264984227129
1145 1907 9 219.12345679012344 167.72839506172838 126.98765432098764
1641 1906 17 127.17350157728706 133.85173501577287 95.12933753943217
1255 1903 27 188.24090338770387 139.73776662484315 109.10414052697615
1021 1899 18 169.71352785145888 172.40848806366046 114.89920424403182
1713 1889 36 108.80158206987474 151.63744232036913 144.03164139749504
912 1889 24 127.46982055464927 134.43230016313214 94.52202283849918
1388 1888 32 217.82550930026574 163.18157661647476 119.91231178033658
803 1887 20 125.70294784580499 132.4467120181406 93.76190476190476
757 1885 17 129.49211356466876 136.02839116719244 97.14511041009463
1781 1883 23 170.00326264274062 172.59216965742252 115.76835236541599
859 1884 22 170.8695652173913 173.96597353497165 115.70132325141778
1299 1880 19 171.368700265252 174.2785145888594 116.86472148541114
964 1878 13 141.497461928934 177.16243654822333 144.06091370558374
1207 1872 14 217.50761421319794 164.35025380710658 121.54822335025379
674 1872 50 168.95037220843673 172.14569301666077 114.56008507621411
601 1870 12 168.92617449664428 171.06711409395973 116.69798657718121
1050 1861 16 171.0441640378549 174.0347003154574 116.50157728706624
831 1858 13 146.4263959390863 152.9695431472081 107.1218274111675
1522 1855 13 164.4010152284264 150.41116751269035 114.49238578680202
1643 1855 18 170.40053050397876 173.9708222811671 116.44031830238727
1473 1854 47 204.92784345699144 167.44761516510394 128.25234406848756
1567 1853 44 127.31683168316832 134.3955681282414 94.48514851485149
1149 1852 37 206.61107448912324 169.2498352010547 129.0533948582729
1001 1844 27 109.70012547051442 152.19196988707654 144.43036386449182
1399 1842 10 134.6283185840708 138.84070796460176 102.90265486725663
935 1836 28 171.8723640399556 174.50499445061044 116.08213096559379
576 1835 24 126.47471451876021 133.1941272430669 94.77487765089722
1083 1830 19 218.9496021220159 164.77718832891244 121.04244031830238
1340 1827 36 139.63150955833882 176.13843111404086 143.20039551746868
621 1823 12 169.86577181208054 171.81879194630872 117.80536912751677
777 1821 41 171.05762366139726 173.96277409484958 115.33401325854156
864 1820 39 127.86509376890503 134.6442831215971 94.32123411978222
1836 1816 34 124.98170246618935 132.2673031026253 92.59427207637232
1762 1816 37 141.8220171390903 150.29795649307843 104.10283454185893
1245 1815 51 143.87104298567144 152.1299566811063 104.97067644118627
1632 1815 17 128.70031545741324 134.85488958990535 96.50788643533123
1689 1812 31 142.47032772364926 151.04605845881312 104.75907883082374
527 1809 16 170.69085173501577 172.2397476340694 116.17034700315457
1405 1804 24 128.31484502446983 134.68841761827082 95.5725938009788
1112 1794 22 206.11720226843101 168.62381852551985 128.9829867674858
715 1795 24 128.29690048939642 134.59053833605222 95.3588907014682
975 1792 19 110.35278514588859 151.09018567639257 143.22811671087533
1598 1792 13 171.30456852791878 174.02538071065987 118.34010152284263
1166 1790 23 127.18923327895595 134.26590538336052 94.70636215334422
1534 1789 20 217.50113378684807 163.29024943310657 119.85487528344672
1041 1782 38 187.15728977616456 138.7362371445856 108.64367816091955
651 1777 35 142.26729788783686 150.41806263656227 104.55498907501821
933 1776 21 110.70510396975426 151.64272211720228 143.7164461247637
569 1774 32 125.488928255093 132.43932683790965 93.42161204605846
513 1765 22 141.648393194707 149.3553875236295 104.2022684310019
1331 1764 19 172.74270557029178 175.46419098143235 117.48806366047745
1476 1761 37 188.09887936717203 139.95187870797625 110.03295978905734
817 1759 24 188.0309951060359 139.5889070146819 109.0
1570 1758 24 127.14845024469821 134.14192495921696 94.9331158238173
1639 1754 33 171.1527446300716 174.83611774065236 115.84884645982498
1816 1747 25 170.40761636107192 173.51763046544428 115.58956276445699
705 1745 15 185.15019762845847 138.20553359683794 109.11067193675889
1887 1742 35 170.5673707210488 173.7756737072105 116.22141296431174
1200 1743 27 109.85445420326222 153.0953575909661 144.9987452948557
760 1742 27 217.82434127979923 163.20075282308656 119.26348808030112
1387 1739 34 172.07000795544948 175.1925218774861 116.56085918854416
885 1734 35 205.39184268026222 168.00655498907503 128.78587035688275
1130 1726 35 109.01747997086672 152.2083029861617 144.10050983248362
1733 1724 54 128.22997818635088 135.45154253661576 95.59270800872545
1277 1722 41 128.1341152473228 135.32126466088732 94.9194288628251
1535 1720 21 204.2514177693762 167.55009451795843 128.78638941398867
659 1718 13 171.44162436548223 173.27918781725887 116.61421319796953
604 1718 21 142.91493383742912 150.50472589792062 105.16068052930056
473 1719 31 127.05048715677592 133.58990256864482 94.91142604074402
1442 1718 13 186.53807106598984 139.23350253807106 110.23350253807105
540 1717 18 171.47480106100795 173.81432360742704 116.81962864721484
1062 1716 26 188.4767879548306 140.36888331242156 109.93851944792974
1588 1712 17 129.06309148264984 135.41955835962145 96.397476340694
979 1705 49 219.31799163179917 164.9391403575504 120.6310384176493
825 1695 23 218.91190864600327 164.2088091353997 120.28548123980424
1345 1693 23 128.9151712887439 135.75530179445352 95.60195758564437
1191 1691 16 130.64984227129338 137.42902208201892 97.96214511041009
779 1691 14 204.9746192893401 167.60406091370558 129.03045685279187
1941 1690 28 127.1842397336293 134.2142064372919 95.16426193118757
906 1684 12 187.04026845637583 139.7718120805369 110.8255033557047
714 1683 41 185.41458439571647 137.23253442121367 107.79602243753187
643 1682 21 185.23062381852552 137.78638941398867 108.69754253308129
509 1682 16 149.70662460567823 156.51104100946372 109.89274447949526
1414 1677 21 206.53497164461248 169.17769376181474 129.53686200378073
1483 1676 38 217.96188747731398 163.69691470054448 119.92498487598307
1826 1674 38 110.35511191772535 153.36479128856627 145.55716878402905
1888 1674 20 168.9546485260771 172.4308390022676 116.26530612244898
1095 1673 16 172.56151419558358 175.9148264984227 116.78548895899053
1642 1673 39 143.6116152450091 151.94676346037508 105.55172413793105
1553 1668 26 173.18946047678793 176.3199498117942 117.22710163111668
863 1662 25 128.25387870239774 134.13963328631877 94.62905500705219
1151 1657 25 173.18617771509167 176.90267983074753 117.05641748942172
567 1657 35 109.60087399854334 151.50983248361254 143.75600873998545
436 1655 33 145.28798727128083 152.63166268894193 106.39856801909309
1308 1651 22 186.6843100189036 138.6880907372401 108.41965973534973
1240 1648 36 138.52537903757414 175.85365853658536 142.41067897165456
1702 1642 21 172.8695652173913 175.97353497164463 118.41587901701324
1761 1637 26 126.56085319949811 134.08782936010036 94.88205771643663
787 1637 33 173.47891805887033 175.9005568814638 116.8631662688942
386 1638 14 145.50761421319797 152.75634517766497 107.7005076142132
1042 1637 35 174.12308812818645 177.90240349599418 117.34085943190095
1969 1636 26 170.9962358845671 174.62609786700125 116.75282308657465
1940 1635 10 146.0 151.60176991150442 106.1504424778761
1923 1635 18 138.15915119363393 146.26525198938992 102.0053050397878
500 1633 23 172.72593800978794 174.93964110929855 117.5889070146819
1104 1631 17 174.72870662460568 178.29968454258673 118.26813880126183
1439 1631 20 185.59410430839003 138.5124716553288 109.05442176870748
919 1629 31 139.47209920283436 176.60496014171835 143.31798051372897
1593 1629 16 140.05047318611986 176.14511041009465 143.9589905362776
1370 1628 37 206.19644034278178 169.24653922214895 129.59261700725114
979 1623 21 145.29489603024575 153.89981096408317 105.94896030245746
729 1617 21 109.27599243856334 150.87901701323253 143.27599243856332
1185 1616 16 111.33123028391167 153.5993690851735 145.34069400630915
860 1614 14 174.36040609137055 177.3197969543147 118.25888324873095
1864 1610 38 127.13369630973988 134.81185722928012 95.24803387779795
1652 1605 27 129.1104140526976 136.2797992471769 95.92220828105394
1526 1600 39 111.09497882637629 155.37507562008471 147.2087114337568
648 1601 50 205.14285714285714 168.0818858560794 129.18929457639135
408 1594 21 170.6975425330813 172.79395085066162 116.47069943289225
2004 1588 28 125.23196448390678 133.05771365149835 94.53274139844618
1603 1588 18 172.07427055702917 175.49336870026525 117.71087533156498
1137 1588 34 129.30230708035003 136.88862370723947 96.45266507557677
462 1587 27 173.3651191969887 175.44165621079046 117.47302383939773
820 1586 24 127.15660685154977 134.39477977161502 94.48287112561175
1292 1585 35 187.14202476329208 139.12163146394758 108.42534595775675
1006 1585 15 128.56521739130434 135.57707509881422 96.73517786561264
367 1584 14 173.05076142131978 174.92893401015226 118.78172588832486
1798 1582 27 143.534504391468 152.30238393977413 105.25345043914679
548 1580 37 127.12656558998022 133.9030982201714 94.35662491760051
1719 1580 34 173.61495624502786 177.2450278440732 118.00556881463804
1223 1579 29 187.7746947835738 140.6315205327414 110.55937846836848
1075 1576 23 128.1810766721044 136.0636215334421 96.24796084828712
1934 1575 34 171.45346062052508 175.34685759745426 117.13444709626094
869 1572 21 172.36862003780718 175.8563327032136 116.55576559546314
1349 1559 21 174.96597353497165 178.78638941398867 118.2476370510397
1835 1552 14 172.0406091370558 175.01015228426394 117.5736040609137
1432 1552 51 145.69043652115963 154.2329223592136 106.17994001999334
753 1550 41 137.15604283528813 173.30188679245285 141.11932687404385
1633 1550 17 113.05678233438485 155.37854889589906 147.31545741324922
1876 1546 20 172.04535147392292 175.04761904761907 117.96825396825398
1584 1545 24 138.71451876019577 175.326264274062 142.71615008156607
945 1544 50 127.65473236440978 135.26515420063808 94.9925558312655
1031 1541 21 111.85444234404537 154.16257088846882 145.7920604914934
469 1542 19 146.9098143236074 154.56763925729442 106.87533156498674
819 1538 20 172.51473922902494 175.54875283446714 116.60997732426304
1790 1535 18 128.026525198939 134.88859416445624 95.78249336870026
507 1533 16 173.12618296529968 175.8328075709779 118.41324921135646
402 1532 38 127.47610405323655 133.96672716273443 95.18632788868725
1966 1531 13 173.37055837563452 176.4467005076142 119.7005076142132
1113 1530 20 147.84580498866214 156.00226757369614 107.60317460317461
606 1528 21 206.05293005671078 169.3459357277883 130.296786389414
1673 1525 26 187.01003764115433 139.27854454203262 109.66122961104139
1517 1523 34 128.7175815433572 135.90373906125697 95.64518695306285
866 1523 21 173.94706994328922 177.1077504725898 117.23818525519849
1180 1518 36 218.49769281476597 164.72181938035595 120.47725774555042
1075 1517 16 146.74132492113563 155.43217665615143 107.66246056782335
2027 1516 40 126.08533184606804 133.7250418293363 95.1606246514222
1252 1515 24 218.97226753670475 164.86623164763458 120.95269168026101
672 1510 35 183.81864530225783 136.32483612527312 107.28404952658413
545 1509 20 146.54875283446714 154.33333333333334 107.65532879818595
1313 1507 31 111.39503985828166 154.4278122232064 145.8919397697077
1833 1505 28 127.96115427302998 135.25638179800222 95.73362930077691
1742 1502 38 184.78826376285542 137.40229885057474 108.0647307924985
1370 1502 19 129.09283819628646 136.3872679045093 96.29442970822281
339 1498 26 125.86700125470513 132.83437892095355 95.23964868255959
825 1492 21 174.81852551984878 178.0302457466919 117.7069943289225
725 1489 10 176.04424778761063 177.09734513274336 121.0
1104 1481 28 127.85793562708102 135.72364039955605 95.28079911209767
582 1477 16 111.7192429022082 152.10094637223975 144.39432176656152
627 1475 14 183.5431472081218 137.51269035532994 109.24365482233502
1026 1474 38 174.82819116757412 178.7555958862674 117.86993345432548
1467 1472 26 175.6775407779172 178.86198243412798 118.58218318695106
1923 1468 51 108.8373875374875 153.17994001999335 145.64311896034656
1413 1468 27 128.96486825595983 136.13174404015055 95.70639899623588
1544 1467 14 217.87817258883248 164.03045685279187 120.9746192893401
772 1467 32 126.87333923826395 134.67936226749336 94.8768821966342
1615 1465 49 218.30201597565616 164.49220235831115 120.73792316470141
1156 1466 16 187.0725552050473 140.35015772870662 110.72239747634069
963 1465 19 145.05835543766577 153.89389920424404 106.3050397877984
471 1462 50 146.00177242112727 153.63559021623539 106.9985820630982
892 1461 37 145.32102834541857 154.02175346077783 106.3803559657218
1346 1460 18 178.79840848806364 181.9814323607427 119.87267904509284
1698 1453 18 206.81432360742704 170.3448275862069 131.6551724137931
548 1452 16 174.26498422712933 176.82649842271292 119.12302839116718
2051 1450 21 144.50472589792062 152.57088846880907 107.33270321361059
2004 1450 19 138.15915119363393 173.83819628647214 142.0212201591512
1304 1448 22 187.50094517958414 140.20037807183365 110.01701323251417
322 1446 18 137.604774535809 172.12997347480106 141.40318302387269
380 1438 32 108.7953941541187 151.55890168290523 144.2444641275465
1818 1436 36 204.24785761371126 168.55504284772576 129.92485168094922
1749 1435 18 215.18567639257293 162.23607427055703 119.973474801061
1225 1435 50 207.0811768876285 170.512938674229 129.9748316199929
703 1430 35 216.72469045884924 162.7101238164603 119.43772760378734
823 1428 24 174.10603588907014 177.94616639477977 117.93148450244699
1520 1424 36 186.524719841793 138.80487804878047 109.07053394858272
1377 1416 22 218.58790170132326 164.47637051039698 120.61058601134216
1002 1416 14 175.2182741116751 178.60913705583755 118.34010152284263
959 1416 25 126.82087447108603 134.98448519040903 95.29478138222849
606 1416 34 173.32299124900558 176.88385043754974 117.27128082736675
1123 1411 36 127.01318391562293 135.05009887936717 94.84904416611732
546 1406 18 126.19363395225463 133.3925729442971 95.27320954907161
1051 1405 29 175.38623751387348 179.35405105438403 118.23418423973364
765 1403 21 216.83175803402648 162.9319470699433 119.83175803402646
1441 1402 33 206.64359586316627 169.5656324582339 129.69928400954655
1878 1399 25 182.64739069111425 136.3385049365303 108.13258110014104
1984 1395 34 125.67700875099443 133.61018297533812 94.85680190930788
2060 1393 34 173.40095465393796 176.11933174224345 118.30946698488465
504 1389 18 126.40053050397877 133.45888594164455 95.71883289124668
1678 1384 36 175.64205669083717 179.46275543836518 118.96704021094264
1588 1384 25 147.19887165021157 155.66995768688292 107.88998589562765
1758 1382 26 137.41154328732748 174.02007528230865 142.19824341279798
1316 1381 35 185.15731973780044 137.9541150764749 108.38601602330664
1919 1380 22 172.8563327032136 176.10207939508507 118.27977315689981
322 1380 40 136.79921918572225 172.14333519241495 141.37423312883436
900 1377 35 109.30517115804808 152.98543335761107 145.1048798252003
457 1378 24 173.74714518760197 176.92985318107668 118.13376835236542
657 1376 24 126.79282218597064 134.46982055464926 95.42251223491029
399 1374 28 173.8312985571587 176.9356270810211 118.14317425083242
1813 1371 18 184.3315649867374 138.05305039787797 109.07692307692307
1386 1368 21 207.08695652173913 170.60680529300566 130.8109640831758
993 1368 22 110.4366729678639 154.05293005671078 145.32136105860113
722 1363 34 182.85043754972156 136.32378679395387 107.78758949880668
1123 1359 10 178.46017699115043 182.27433628318585 124.1858407079646
1475 1356 20 186.41723356009072 139.5374149659864 109.60997732426304
606 1351 23 144.60848287112563 153.77650897226755 106.98858075040783
542 1350 29 173.73251942286348 177.55715871254162 118.06548279689234
1177 1349 36 145.78444297956491 155.2399472643375 106.85629531970994
1626 1347 21 126.04158790170132 133.8109640831758 94.4234404536862
1252 1346 26 138.65746549560853 176.50313676286072 142.9021329987453
816 1345 49 206.2548497527577 169.8900722708254 130.02776721186763
1856 1343 21 214.51984877126654 161.69943289224952 119.66162570888469
1537 1341 34 109.32696897374703 152.54813046937153 144.47891805887033
2007 1339 19 173.3183023872679 176.13793103448276 117.87267904509284
1584 1337 11 175.53020134228188 179.37583892617448 121.9463087248322
1900 1335 17 181.97791798107255 136.24921135646687 108.12933753943217
486 1334 20 145.0544217687075 153.4920634920635 106.86848072562358
435 1328 19 127.44031830238725 134.80106100795754 95.85941644562334
1753 1326 19 138.07692307692307 174.57294429708222 142.3023872679045
915 1325 15 205.45059288537547 170.01581027667984 130.5691699604743
1951 1321 33 144.68337311058076 153.42243436754177 106.68575974542563
1802 1321 21 108.55954631379963 151.20982986767487 143.70888468809073
1065 1320 50 145.46898263027296 155.21800779865296 106.21942573555476
1350 1318 26 127.10664993726473 135.13174404015055 94.732747804266
373 1315 34 144.08114558472553 152.612569610183 106.0461416070008
1482 1310 16 177.35015772870662 180.63406940063092 119.5615141955836
2073 1309 42 126.20346761856196 133.2182559918409 94.79092299847018
584 1310 14 137.80710659898477 174.0406091370558 141.97969543147207
1421 1309 36 146.04680290046142 155.09887936717203 106.59459459459458
657 1309 36 172.92485168094922 177.64337508239944 117.80619644034277
1533 1307 12 108.08053691275167 134.06711409395973 113.83221476510067
299 1302 31 125.86891054030116 133.37289636846768 94.65721877767936
1289 1301 29 175.6803551609323 180.65482796892343 118.50943396226415
1686 1301 36 144.74093605800923 153.8642056690837 106.43902439024389
970 1301 39 137.06170598911072 174.2776769509982 142.28796128251665
1237 1298 18 128.3978779840849 136.58620689655172 96.3209549071618
736 1295 25 126.92524682651622 134.86318758815233 95.44428772919605
2011 1290 20 107.17460317460318 149.42857142857144 142.2358276643991
1147 1287 19 175.59151193633951 180.6392572944297 118.44827586206895
1192 1286 18 175.51458885941645 180.70822281167108 119.10344827586206
1602 1284 33 174.63007159904535 178.68973747016707 118.70167064439141
882 1284 27 184.00376411543286 136.94730238393976 107.76286072772898
1863 1280 35 213.67152221412965 160.57246904588493 118.58485069191552
1920 1278 14 203.93908629441623 168.60913705583755 130.80710659898477
525 1276 33 109.26332537788386 152.73667462211617 144.6340493237868
1796 1275 18 144.21220159151193 152.90185676392574 106.9522546419098
1344 1275 13 176.29949238578678 180.9492385786802 120.02538071065989
1530 1274 33 126.53858392999204 134.54733492442324 95.27923627684964
1473 1270 16 177.36908517350156 179.99053627760253 119.93690851735015
445 1268 40 144.77467930842164 153.82822085889572 106.64361405465701
1745 1268 22 173.99054820415878 177.86389413988658 119.53875236294897
600 1265 29 136.2441731409545 173.1276359600444 141.72253052164262
699 1265 13 145.98477157360404 154.62944162436548 108.0203045685279
1957 1264 14 213.0456852791878 160.8984771573604 119.33502538071065
1113 1259 16 126.397476340694 134.89905362776025 96.02839116719242
931 1253 19 183.9416445623342 138.18832891246683 108.9628647214854
1222 1252 18 176.56763925729442 182.10344827586206 119.85411140583554
1381 1249 21 111.09262759924385 154.76937618147448 146.42155009451795
1649 1247 14 175.00507614213197 178.492385786802 119.33502538071065
361 1248 27 174.6298619824341 178.1116687578419 118.94228356336261
1274 1246 21 127.63705103969754 136.49338374291116 95.71833648393195
732 1244 20 143.9795918367347 153.69387755102042 106.6938775510204
1694 1241 17 126.03154574132492 133.37223974763407 95.19242902208201
1440 1239 32 184.10097431355183 137.40921169176264 108.03985828166519
804 1240 43 108.23338048090524 153.2008486562942 145.26072607260727
1784 1237 15 145.14624505928853 153.78656126482213 108.35968379446639
999 1238 27 144.1518193224592 154.61480552070262 106.19698870765369
1329 1235 25 126.36671368124118 135.08744710860367 94.72637517630466
2097 1231 28 211.165371809101 158.472807991121 117.96448390677025
1615 1230 17 127.93059936908517 135.18927444794951 97.1577287066246
293 1230 35 175.10560815731975 178.32920611798983 118.91114348142754
1496 1225 19 205.78249336870024 169.55702917771882 130.15384615384616
883 1223 27 183.47929736511918 137.50690087829358 108.4930991217064
1915 1221 34 181.4439140811456 134.44073190135242 105.38106603023071
1165 1221 34 109.74940334128878 154.63882259347653 146.15592680986475
1065 1220 37 174.60909690177982 180.6690837178642 118.43309162821357
660 1218 34 123.53858392999204 132.43834526650755 92.75417661097852
2012 1217 49 204.1437809052872 168.00988969189805 129.64244960060861
2292 1214 6 139.6530612244898 135.79591836734693 136.734693877551
1736 1209 29 125.48834628190899 133.27857935627082 94.82130965593785
1834 1205 34 173.00159108989658 176.43834526650755 117.45346062052506
597 1202 24 181.66557911908646 136.1109298531811 107.61174551386624
411 1201 31 181.94154118689107 136.11780336581046 107.87068201948628
2200 1194 6 107.0612244897959 101.30612244897958 100.81632653061223
1236 1192 35 144.1864530225783 155.1609613983977 106.1660597232338
769 1193 11 129.73154362416108 136.751677852349 99.51677852348993
1308 1191 20 205.97052154195012 170.0362811791383 130.48979591836735
1660 1190 34 144.92680986475736 153.8170246618934 106.96420047732697
511 1190 48 205.58425256751616 170.02890833016357 130.49068086724992
354 1188 20 212.2562358276644 159.23809523809524 117.68253968253968
947 1186 36 206.97692814765983 171.93803559657218 131.54647330257086
721 1183 26 173.42910915934755 178.8268506900878 118.35759096612296
1468 1180 25 183.1311706629055 137.2031029619182 108.45698166431593
1561 1180 51 206.56981006331225 170.01566144618462 130.19326891036323
1384 1179 36 214.01054713249835 160.1687541199736 117.81476598549769
1012 1179 21 126.45557655954632 135.64083175803404 94.91682419659736
1117 1179 21 175.9092627599244 182.19281663516068 118.6257088846881
844 1177 19 174.9124668435013 180.23076923076923 118.69230769230768
78 1176 5 156.51724137931035 155.13793103448276 154.58620689655172
1781 1175 20 125.47165532879819 133.34013605442178 94.79818594104309
1890 1173 13 177.83248730964465 180.06091370558374 121.72081218274111
2099 1171 27 210.98870765370137 158.48808030112923 117.93726474278543
2175 1164 3 134.46153846153848 127.6923076923077 129.30769230769232
1173 1163 24 126.08319738988581 135.62805872756934 95.49755301794454
1714 1158 14 176.0203045685279 179.19289340101523 120.55329949238578
1858 1151 20 174.39909297052154 177.84580498866214 117.9501133786848
304 1150 35 212.26875455207576 159.3226511289148 118.01747997086672
439 1148 21 182.73534971644614 137.56899810964083 109.47069943289225
170 1147 6 112.75510204081631 107.20408163265306 106.65306122448979
381 1146 21 211.83553875236296 159.1077504725898 118.32703213610586
991 1146 18 206.74270557029178 172.3633952254642 132.0291777188329
1059 1144 31 126.21966341895484 136.6191319751993 95.48184233835252
586 1145 21 205.1436672967864 170.51984877126654 131.10018903591683
877 1141 25 174.2891396332863 180.2919605077574 118.3540197461213
1626 1141 17 182.86119873817034 136.6750788643533 107.97160883280756
1813 1136 25 143.88434414668546 152.73342736248236 105.16925246826516
715 1135 17 144.82018927444796 155.1577287066246 107.49526813880126
655 1134 37 211.6130520764667 159.27027027027026 117.206328279499
1946 1134 42 143.6583375828659 152.2508924018358 106.18204997450282
1427 1133 24 176.5742251223491 181.3425774877651 119.38825448613377
1489 1128 21 110.46124763705104 154.28544423440454 146.41587901701322
789 1128 50 144.08826657213754 155.33037929812124 106.60829493087557
1754 1127 25 144.80818053596616 153.65444287729196 106.91114245416078
1302 1127 33 208.02704852824186 172.87828162291171 132.20922832140016
1227 1125 25 184.9901269393512 139.94499294781383 110.23272214386459
948 1123 21 183.68620037807185 137.9773156899811 108.79395085066163
2041 1121 38 136.8995765275257 172.44041137326076 141.92196007259528
352 1118 13 213.55837563451774 161.47715736040607 119.90862944162436
142 1114 2 136.8 134.4 136.0
1124 1113 28 137.84017758046616 177.45283018867926 143.64927857935626
1368 1111 23 108.56443719412725 153.15171288743883 145.1109298531811
1681 1111 37 137.5570204350692 174.14106789716544 142.57152274225444
1177 1110 15 113.7588932806324 158.52173913043478 149.23320158102766
535 1107 26 125.60225846925971 134.71016311166875 94.7465495608532
2100 1105 17 144.993690851735 152.94637223974763 107.72555205047318
396 1101 23 144.92169657422514 154.68189233278957 107.33115823817292
1530 1100 21 110.66729678638941 154.1568998109641 145.95841209829868
279 1098 13 176.8172588832487 180.3451776649746 121.89340101522842
1073 1093 16 145.7223974763407 156.38485804416402 107.71293375394322
721 1092 19 182.41644562334216 137.2917771883289 108.47480106100795
465 1088 37 145.68424522083058 155.63810151615027 107.54119973632167
1598 1084 36 213.27290705339485 159.45550428477256 117.47659854976928
1868 1083 41 126.98011218765936 135.04589495155534 95.20550739418664
1408 1082 16 143.993690851735 154.05047318611986 108.00946372239747
1257 1080 18 213.48010610079575 161.14854111405836 118.28381962864721
1787 1080 25 173.86318758815233 178.35401974612128 118.74894217207334
1532 1077 10 118.52212389380531 141.50442477876106 114.63716814159292
844 1077 14 143.95939086294416 155.13705583756345 107.25888324873095
597 1077 33 109.64757358790771 154.12808273667463 145.87191726332537
902 1074 37 126.09162821357943 135.55372445616348 95.23137771918259
1470 1071 37 137.88002636783122 175.24588002636781 143.2584047462096
1992 1071 21 108.80907372400756 151.57088846880907 144.16824196597355
1375 1070 15 136.45454545454544 174.2292490118577 141.92490118577075
1135 1066 18 207.08222811671087 173.3368700265252 132.50928381962865
1011 1064 50 213.34455866713932 161.30875576036865 117.87734845799362
1731 1062 25 145.8321579689704 154.81523272214386 108.17771509167842
1192 1062 30 185.17938553022793 139.58870168483648 109.59464816650149
673 1060 32 180.6235606731621 136.2488928255093 107.85739592559787
1534 1057 20 142.65532879818593 152.0748299319728 106.15192743764173
412 1058 15 147.78260869565216 156.49407114624506 109.48616600790513
1935 1052 23 173.30016313213704 177.3572593800979 118.55954323001632
1086 1052 22 183.81663516068053 138.38374291115312 108.59546313799622
768 1053 14 111.98984771573603 155.1776649746193 146.1776649746193
330 1049 51 126.5788070643119 134.83038987004332 95.53715428190604
2084 1047 39 125.40290381125227 133.48275862068968 95.18874773139747
2028 1048 14 114.30964467005076 155.87817258883248 148.243654822335
1677 1047 15 178.1304347826087 181.90118577075097 120.9288537549407
537 1045 32 126.38086802480072 135.69973427812224 95.8635961027458
1242 1042 14 211.63959390862942 179.0659898477157 138.71065989847713
1400 1036 24 177.1125611745514 183.06199021207178 120.62969004893965
1639 1030 25 182.79830747531736 136.8660084626234 108.43723554301833
732 1029 25 205.84062059238363 171.84485190409026 131.55007052186178
1309 1028 53 127.17793705204113 137.05578061701465 95.47429105640386
824 1026 36 136.36255767963084 175.51021753460776 142.46473302570863
482 1026 15 176.01185770750988 180.6086956521739 120.38735177865613
616 1023 18 174.3368700265252 180.68435013262598 119.19893899204243
941 1022 16 175.64668769716087 182.3249211356467 120.3596214511041
1985 1021 27 128.3638644918444 136.35382685069007 97.2810539523212
1579 1015 25 208.8067700987306 173.00282087447107 132.87023977433003
1892 1012 22 146.6219281663516 155.87145557655955 108.84120982986768
1446 1012 18 179.12732095490716 184.05835543766577 121.49336870026525
583 1010 13 145.80203045685278 156.06091370558374 108.90862944162436
659 1007 16 181.66876971608832 137.21135646687696 108.93059936908517
1505 1005 32 127.40655447298495 136.2621789193977 96.17006200177148
1133 1004 35 207.6707938820102 173.80335032774946 132.88273852876912
430 1002 30 174.70862239841426 179.73240832507432 119.06442021803765
1061 1000 28 183.173140954495 138.0832408435072 108.48945615982242
2033 997 18 174.0159151193634 178.6286472148541 120.08488063660477
896 997 28 177.58823529411765 184.4850166481687 120.52164261931188
1803 997 51 144.72842385871377 154.54448517160947 107.0276574475175
1699 993 37 176.6203032300593 180.73038892551085 120.02768622280817
1008 992 13 146.88324873096445 157.15736040609136 109.45177664974618
491 982 22 130.15500945179585 139.08506616257088 99.3421550094518
1218 981 34 110.37788385043756 156.58233890214797 147.0938743038982
547 979 21 145.01512287334594 155.58412098298678 107.99243856332704
765 977 27 125.75407779171894 135.97741530740274 94.70138017565871
377 976 20 129.6780045351474 137.75510204081633 98.89569160997733
958 973 26 177.18193224592218 184.870765370138 120.29360100376411
314 972 19 146.87533156498674 156.0053050397878 109.03978779840848
2079 971 25 174.32016925246828 178.7277856135402 119.88011283497885
618 972 26 128.38770388958594 138.00627352572144 97.52070263488079
1393 969 35 175.81281864530226 181.86525855790242 118.91915513474144
1935 967 34 174.20127287191727 178.94033412887828 119.20127287191727
1462 966 21 126.37429111531192 135.4196597353497 95.76181474480151
1625 965 38 184.40774349667274 137.71748336358138 108.53962492437992
1566 962 17 183.4700315457413 137.5141955835962 109.06624605678233
701 962 35 213.02112163146396 161.0014566642389 118.05025491624181
2002 959 20 146.30158730158732 155.4512471655329 109.18140589569161
1873 957 20 129.47392290249434 137.54421768707482 98.46031746031747
1280 950 24 130.29037520391518 140.22022838499186 99.04567699836868
419 949 13 112.02538071065989 154.56345177664974 146.36040609137055
1514 948 18 176.9522546419098 182.39787798408486 120.3076923076923
1165 947 21 146.41776937618147 158.882797731569 108.60491493383743
1017 947 23 127.34420880913541 137.53833605220228 96.78140293637847
1737 944 16 176.21451104100944 180.58990536277602 120.81703470031546
1682 943 15 186.29644268774703 140.65612648221344 111.17786561264822
830 943 38 127.3327283726558 137.67755595886268 95.97096188747732
901 942 20 146.0362811791383 157.96598639455783 108.36507936507937
462 938 20 126.56235827664399 135.30839002267575 95.75510204081633
510 933 16 112.20820189274447 155.6813880126183 147.31545741324922
1082 932 37 146.13513513513513 158.55438365194462 107.81542518127883
1338 930 26 147.7703889585947 159.31869510664993 109.44165621079046
348 929 20 137.62585034013605 174.6122448979592 143.2562358276644
2047 925 26 126.99372647427853 135.50941028858216 97.10915934755332
1433 923 16 148.05993690851736 158.7160883280757 110.3154574132492
644 919 24 213.91190864600327 161.76019575856444 118.66231647634585
1986 915 22 128.99432892249527 137.234404536862 98.28922495274102
755 915 29 175.71143174250832 182.7746947835738 119.90899001109878
968 913 27 147.4617314930991 159.3488080301129 108.85194479297364
1662 911 14 208.1522842639594 172.85279187817258 133.10659898477155
570 911 36 138.80026367831246 177.47198417930124 144.5207646671061
1784 910 28 138.5593784683685 175.76803551609322 143.6270810210877
1580 910 20 213.91156462585033 161.0204081632653 118.91383219954649
1922 909 17 174.6782334384858 179.24290220820188 119.64353312302839
1480 908 28 147.47613762486128 158.27746947835738 108.62597114317425
1710 902 25 111.21861777150917 155.47108603667135 147.1932299012694
1535 902 14 113.98984771573603 157.28426395939084 148.68020304568526
1294 901 17 148.64668769716087 160.42271293375393 110.38170347003154
1223 901 36 177.8358602504944 186.00197758734342 119.86354647330256
1853 897 38 130.01572897761648 138.27283726557775 98.43799153055052
1021 895 18 178.07692307692307 185.3129973474801 121.20954907161803
700 894 23 184.4584013050571 139.38009787928223 109.75040783034258
411 894 38 176.53478523895947 181.94978826376288 120.30671506352088
491 892 19 175.40318302387266 181.59151193633951 119.6419098143236
1149 888 33 127.93715194908513 138.9021479713604 97.02545743834527
802 885 14 177.45177664974617 183.86294416243652 120.76142131979695
1389 881 36 129.457481872116 139.1713909030982 97.64139749505603
1909 877 11 150.73154362416108 158.5503355704698 113.19463087248322
346 875 24 110.44698205546493 155.1941272430669 147.09951060358893
1092 867 23 129.54323001631323 140.3132137030995 97.82544861337684
1627 863 36 208.82135794330915 174.01384311140407 134.02636783124586
1954 862 25 176.6093088857546 181.64456981664316 120.58533145275035
894 861 52 178.082305898034 185.69643452182606 120.64445184938354
1736 859 15 138.17786561264822 174.5296442687747 142.92490118577075
464 859 16 129.22397476340694 138.29968454258676 99.11356466876971
2026 857 39 128.07078039927407 136.49546279491835 97.32123411978222
980 857 20 128.87755102040816 139.35827664399093 98.21768707482994
1448 855 19 177.76657824933687 183.89389920424404 120.74535809018568
1323 852 31 138.00620017714792 178.4207263064659 144.1984056687334
534 847 30 149.26164519326065 160.18235877106045 110.75322101090188
1788 844 35 178.6817188638019 183.41296431172617 121.50691915513475
631 840 50 207.5476781283233 173.6309819213045 133.24317617866004
1208 839 20 177.44444444444446 185.01133786848072 120.90249433106577
1035 838 28 147.93118756936738 160.6348501664817 109.34406215316315
810 838 25 127.78843441466854 138.52045133991538 97.64315937940762
741 837 35 111.28332119446468 156.77494537509105 147.41733430444285
1260 835 24 130.77324632952693 141.63458401305058 99.79282218597064
1689 833 22 214.51039697542532 162.16068052930058 119.73156899810965
429 833 18 150.54641909814322 160.9257294429708 111.49071618037135
1906 831 23 129.1941272430669 137.49755301794454 98.37194127243067
1855 831 20 149.4308390022676 158.96598639455783 110.75963718820861
1167 828 21 185.2703213610586 141.13610586011342 110.77693761814746
1526 826 52 110.2705764745085 155.96901032989004 147.38753748750418
1367 826 16 151.4763406940063 162.68454258675078 111.61829652996845
375 824 28 137.81132075471697 176.1276359600444 143.77358490566039
1414 820 22 127.21928166351607 137.5633270321361 96.79584120982987
1729 816 20 147.9637188208617 157.44897959183675 109.29478458049887
1114 813 21 208.57466918714556 175.86578449905483 134.1398865784499
481 813 23 127.30342577487765 137.77324632952693 97.28221859706363
1456 797 16 148.64984227129338 159.05047318611986 110.37539432176656
525 797 12 136.66442953020135 144.993288590604 106.51006711409396
703 797 14 111.71065989847715 155.13705583756345 146.26395939086294
963 796 32 137.51195748449956 178.27457927369355 143.67139061116032
1591 793 12 132.21476510067114 139.84563758389262 101.84563758389261
1646 793 28 208.73251942286348 173.83018867924528 133.54605993340732
1011 790 11 177.6241610738255 185.6778523489933 122.40939597315436
1306 787 25 110.77997179125529 157.0366713681241 147.21861777150917
1068 788 20 208.62585034013605 176.1904761904762 134.43990929705217
1763 785 18 129.46949602122015 137.3236074270557 97.74801061007958
829 782 31 149.29937998228522 161.207263064659 109.58281665190434
1894 781 18 130.86472148541114 138.9708222811671 100.35809018567639
1376 780 21 178.3553875236295 185.34782608695653 121.19659735349717
431 780 25 176.91255289139633 183.47249647390692 120.80253878702398
772 779 22 137.64272211720228 177.50850661625708 143.80907372400756
895 776 28 128.08879023307438 139.1009988901221 97.65371809100999
1976 775 50 138.42467210209145 176.00319035802906 143.75327897908542
386 775 14 177.45685279187816 183.5482233502538 122.00507614213197
1828 774 37 147.71786420566906 157.4561634805537 109.21292023731047
1224 774 35 213.5280407865987 163.01602330662783 119.31973780043701
565 772 23 112.10277324632953 157.4910277324633 148.0130505709625
673 771 20 207.41043083900226 173.63038548752834 133.35827664399093
1707 769 28 184.29966703662598 138.59933407325195 109.6315205327414
1562 768 14 178.57868020304568 184.13197969543145 121.53299492385786
1145 768 28 208.12319644839067 175.04772475027747 132.9778024417314
1497 758 14 139.00507614213197 176.6700507614213 144.36548223350252
1342 755 13 178.63959390862942 185.9746192893401 122.85786802030456
1443 751 25 148.08321579689704 159.48942172073342 109.50070521861777
500 751 34 147.59188544152747 159.10262529832937 109.12490055688147
725 743 30 126.16947472745292 136.42120911793856 95.82656095143706
624 739 32 182.69530558015944 138.08237378210808 109.20726306465899
438 737 17 129.7981072555205 139.33123028391168 99.6403785488959
1018 736 36 184.12854317732365 139.82267633487143 109.96638101516149
1091 734 28 184.52497225305217 140.46392896781353 110.38068812430633
942 733 21 111.24385633270322 156.64272211720228 146.87901701323253
397 734 16 128.98422712933754 137.95268138801262 99.6813880126183
1766 731 25 207.0465444287729 172.50634696755995 132.56276445698165
1530 729 27 127.75407779171894 137.27728983688831 97.12672521957339
789 727 26 177.11794228356334 184.36762860727728 119.75784190715181
1596 725 37 177.03032300593276 182.58338826631507 120.00131839156228
560 723 19 176.42440318302386 183.42970822281166 120.38196286472147
1892 721 27 110.45922208281053 155.13801756587202 146.94855708908406
1384 720 35 127.17042971595048 137.62563729060452 96.35833940276767
1677 713 28 185.20532741398446 139.58157602663707 110.08768035516094
1291 711 51 209.12395868043987 176.01232922359213 134.4281906031323
1191 710 20 112.16326530612245 159.39002267573696 148.90702947845804
863 708 37 177.9835201054713 185.51615029663807 120.44297956493078
1473 701 25 178.18899858956277 184.9703808180536 121.0691114245416
1142 695 25 137.51339915373765 178.57968970380819 143.86459802538786
481 693 16 175.78548895899053 182.89589905362774 120.84227129337539
1558 690 13 150.248730964467 159.68020304568526 111.54314720812182
1825 689 37 128.13381674357282 137.3071852340145 97.479894528675
434 688 20 177.60997732426304 184.57142857142858 120.97505668934241
1595 686 9 142.64197530864197 149.37037037037035 106.03703703703704
1947 682 35 177.12964311726148 182.84049526584124 121.24544792425347
1629 682 10 179.72566371681415 184.65486725663717 125.58407079646018
527 682 20 128.10204081632654 137.77551020408163 97.40362811791384
680 681 35 212.32337946103425 160.81864530225783 118.39839766933723
568 680 15 150.46640316205531 161.32806324110672 112.4189723320158
809 679 16 208.61829652996846 175.30599369085172 134.0788643533123
754 677 29 184.165371809101 139.33851276359601 109.65593784683685
1031 675 16 208.5141955835962 176.41009463722398 135.0441640378549
607 673 19 176.68700265251988 183.72944297082228 120.86737400530504
1218 669 22 139.1984877126654 180.8563327032136 145.61625708884688
1081 668 25 111.3836389280677 158.29760225669958 148.26093088857544
1423 665 21 146.76937618147448 158.87712665406428 109.20037807183365
1595 661 24 127.5905383360522 136.99510603588908 97.48613376835237
953 662 51 213.07330889703434 161.95134955014996 118.55648117294236
1171 661 16 179.5141955835962 188.22712933753942 122.43217665615141
1524 657 23 179.3083197389886 185.79282218597064 121.81076672104405
1366 654 23 208.66394779771616 174.90538336052202 133.46003262642742
1884 654 24 147.7862969004894 158.50570962479608 110.25122349102774
1653 650 21 128.16257088846882 136.9413988657845 97.7429111531191
1474 650 17 147.0788643533123 158.26498422712933 109.88643533123027
1743 644 50 210.94434597660404 159.3055654023396 117.77880184331798
479 643 31 127.74756421612047 138.1966341895483 97.96191319751993
560 641 18 148.76392572944297 160.2785145888594 110.57029177718832
869 638 24 213.2446982055465 161.74061990212073 118.60358890701468
1136 628 21 111.8015122873346 158.77126654064273 148.39886578449907
1039 627 23 127.5399673735726 138.8352365415987 97.23817292006525
1313 626 28 185.29522752497226 140.80577136514984 110.8457269700333
1092 625 11 181.92617449664428 190.30872483221475 125.00671140939598
1088 625 11 173.4496644295302 181.0738255033557 119.12751677852349
1924 624 17 128.48895899053628 137.19873817034699 99.58044164037855
674 623 15 127.77470355731225 137.2687747035573 97.76284584980236
723 621 26 206.13048933500625 172.79799247176913 132.24341279799245
1562 620 19 126.15119363395225 136.21220159151193 96.3183023872679
796 620 33 208.0612569610183 174.76690533015116 133.90612569610184
1243 618 28 127.49722530521643 138.58379578246394 97.31631520532741
1439 616 22 127.48960302457468 137.54253308128546 97.35349716446125
1817 614 27 177.34378920953574 183.55457967377666 121.34253450439147
1184 614 20 148.45351473922904 161.17913832199548 110.28344671201815
1615 611 19 147.81432360742704 158.49071618037135 109.71618037135278
614 611 34 126.5505171042164 136.854415274463 96.4351630867144
995 607 13 149.58883248730965 161.497461928934 111.65989847715736
1672 601 21 184.6389413988658 139.1701323251418 109.99432892249527
1878 601 22 127.38941398865785 136.72589792060492 98.01512287334594
899 598 19 185.45358090185675 141.0185676392573 111.01856763925728
850 591 20 184.73469387755102 139.82993197278913 109.8390022675737
1376 590 38 186.55595886267395 141.41379310344828 110.8009679370841
1502 587 36 111.66183256427158 157.5049439683586 148.4838497033619
1066 586 18 127.73209549071618 138.9522546419098 97.17506631299734
1018 580 15 148.57707509881422 160.66007905138338 110.798418972332
528 580 40 176.57557166759622 184.12381483547128 120.64863357501395
1581 577 15 137.3675889328063 175.46245059288538 143.0
678 573 24 136.38662316476348 175.7357259380098 143.03588907014682
1711 571 23 184.10277324632955 139.10929853181077 109.65252854812398
1261 565 21 128.7750472589792 139.87712665406428 98.72022684310019
1442 564 21 207.29489603024575 174.12854442344045 133.89981096408317
1842 562 17 137.92744479495266 175.36908517350156 143.8328075709779
1204 561 21 178.359168241966 187.44045368620039 121.4593572778828
1137 559 39 137.60012099213552 178.71082879612825 144.09981851179674
1307 559 20 179.20408163265307 187.42403628117916 122.36054421768708
957 557 36 177.13777191825972 185.85761371127222 120.18918918918918
739 554 33 138.15831344470962 177.62370723945904 144.16388225934767
1635 551 36 206.12722478576134 172.4027686222808 132.47330257086352
808 546 29 148.74916759156494 160.61487236403997 109.72697003329634
1774 546 38 110.72776769509983 155.26920750151243 146.6509376890502
880 541 31 127.02480070859168 137.64481842338353 96.24623560673163
1551 537 27 184.58092848180675 139.51317440401505 109.73651191969886
1039 526 37 146.9439683586025 160.0145023071852 108.70863546473302
1828 520 16 176.37854889589906 182.61514195583595 121.53312302839116
1404 519 28 205.6803551609323 172.50166481687015 131.96448390677025
691 514 19 148.83819628647214 160.15119363395223 110.09018567639257
604 512 51 110.23358880373209 154.96434521826058 145.97900699766745
1484 511 32 210.7466784765279 159.55181576616476 117.33303808680249
1267 512 21 147.97164461247638 160.44234404536863 109.93950850661626
926 507 17 145.32807570977917 158.14195583596214 107.4416403785489
1332 506 28 147.2219755826859 159.9400665926748 108.9700332963374
1198 504 25 179.17489421720734 187.42736248236952 121.67700987306064
972 499 18 178.22281167108753 186.71618037135278 121.6763925729443
1699 493 45 146.6002621231979 157.5391000436872 108.75884665792923
735 493 21 126.62003780718337 137.34782608695653 97.062381852552
830 492 21 177.46502835538752 184.65973534971644 120.95085066162571
1637 492 12 148.7248322147651 158.83892617449663 111.59731543624162
878 490 13 147.25380710659897 159.31472081218274 109.06598984771573
784 489 19 180.368700265252 187.68700265251988 122.38992042440317
1593 488 27 206.74404015056462 173.10288582183185 132.77666248431618
1777 481 28 125.62597114317425 135.66814650388457 96.39955604883463
1439 478 16 184.5173501577287 140.37854889589906 111.04416403785488
1536 471 25 210.96614950634697 160.2073342736248 118.35684062059238
1122 462 52 126.44418527157615 137.7990669776741 96.12129290236588
1039 458 21 129.44045368620039 140.52930056710775 99.89413988657846
984 458 21 147.09262759924385 159.57466918714556 109.70510396975426
1254 457 26 127.91969887076536 138.70388958594728 97.9987452948557
1306 451 19 176.71618037135278 185.25464190981432 120.92572944297082
1639 446 25 126.9083215796897 136.98871650211566 97.01551480959097
686 446 40 125.92638036809817 136.18516452872282 96.17735638594534
1198 444 18 147.42440318302386 159.6419098143236 109.6870026525199
910 443 37 146.7336849044166 159.34871456822674 108.73961766644693
1376 443 40 125.64417177914112 136.70552147239263 95.8377021751255
1738 442 15 176.9565217391304 183.07114624505928 122.13043478260869
760 440 25 147.00423131170663 158.97884344146686 108.8194640338505
829 430 33 126.6340493237868 137.16467780429596 96.94192521877487
1692 417 21 177.78071833648394 184.359168241966 121.43100189035917
1576 409 43 127.0928807166431 137.2036775106082 96.43894389438944
1291 409 17 125.38170347003154 135.97791798107255 96.24921135646687
1251 409 16 129.0347003154574 138.86435331230282 99.27129337539432
1474 407 50 137.8684863523573 177.0280042538107 144.08897554058845
977 406 24 126.59706362153345 137.8694942903752 97.17455138662316
733 391 18 178.07692307692307 184.9257294429708 121.9522546419098
779 389 15 148.9090909090909 160.18577075098813 111.53754940711461
1049 387 38 148.7846339987901 161.13793103448276 110.00120992135513
1647 387 23 176.61174551386625 183.19086460032628 121.26427406199022
1332 378 26 148.2233375156838 160.2358845671267 110.30112923462985
1192 375 38 178.1966122202057 186.21415607985483 120.95583787053843
1388 369 19 113.21485411140583 159.23076923076923 149.45623342175065
1123 369 23 176.9657422512235 184.72267536704732 120.83686786296902
1255 365 13 148.0203045685279 159.28426395939084 111.1472081218274
827 362 26 125.75658720200752 136.3212045169385 96.20828105395232
993 357 15 137.14229249011856 176.197628458498 143.76284584980237
1591 344 17 146.29652996845425 157.29022082018926 109.6403785488959
909 343 51 178.39186937687438 186.4081972675775 121.32122625791403
1289 342 17 177.41955835962145 184.98107255520503 121.0757097791798
1538 338 28 146.54605993340732 157.67147613762486 109.25194228634851
1489 338 15 147.2173913043478 158.8181818181818 110.64426877470355
1232 328 16 177.72555205047317 185.61514195583595 121.81072555205047
1079 321 21 111.83175803402646 158.35727788279775 148.97164461247638
1424 314 42 125.89138194798574 136.697603263641 96.03416624171342
1496 307 14 126.01522842639594 135.6243654822335 97.78172588832487
1337 306 36 147.9538562953197 160.40936058009228 109.76928147659854
1140 304 34 125.89976133651552 136.47732696897376 96.28560063643596
1013 299 38 111.29885057471266 157.6206896551724 148.12038717483364
1269 285 29 127.11320754716981 137.6725860155383 97.23751387347392
1204 284 23 148.72104404567702 160.83034257748778 110.59869494290376
1079 281 19 149.04774535809017 161.18302387267903 111.06100795755968
1129 70 6 141.22448979591834 143.53061224489795 142.18367346938774
