1183 2311 2 145.20000000000002 142.4 144.6
1175 2310 3 149.6923076923077 147.23076923076923 150.6153846153846
1183 2307 2 137.8 131.6 130.8
1183 2303 2 143.6 137.6 133.20000000000002
1174 2302 2 154.8 150.20000000000002 147.0
1241 2109 8 178.72839506172838 181.30864197530863 125.58024691358024
1197 2090 28 176.70921198668148 179.6881243063263 120.2819089900111
1366 2087 11 178.36912751677852 180.08053691275168 123.18120805369128
1296 2076 44 141.94012258368693 150.5068363979255 104.26968411126828
1409 2071 26 176.70765370138017 179.48431618569634 120.85947302383939
1116 2069 44 130.07779349363508 136.64969354078264 97.4031117397454
1030 2069 29 177.4739178690344 180.66814650388457 119.94561598224196
970 2052 22 139.89413988657844 176.0132325141777 143.40264650283555
1483 2048 25 140.73483779971792 149.24400564174894 104.1086036671368
909 2033 30 114.69078295341923 156.4449950445986 146.2358771060456
1227 2026 32 115.27635075287866 157.95659875996458 147.64924712134632
1565 2022 16 177.26182965299685 179.53627760252365 122.37223974763407
1358 2022 26 129.76662484316185 135.86323713927226 97.52070263488079
1049 2017 22 178.20793950850663 181.2117202268431 120.86200378071834
1099 1999 20 177.13378684807256 179.984126984127 120.33560090702949
827 1998 34 176.81384248210026 179.62370723945904 120.01988862370725
1428 1997 41 141.40642529321775 177.17134115247325 144.94237633860277
1290 1994 32 178.63153232949514 180.90256864481842 121.44198405668733
1152 1995 28 141.37402885682576 149.93118756936738 103.50055493895671
994 1989 34 177.98727128082737 180.84645982498012 120.40811455847256
1515 1987 32 116.58547387068202 158.73959255978744 148.7732506643047
1625 1970 48 140.38151388360595 176.03689615823507 143.80410802586536
1062 1964 22 129.3062381852552 136.15879017013233 97.5179584120983
759 1957 29 139.62930077691453 148.31298557158712 102.5937846836848
1217 1950 40 140.51366424986057 176.7005019520357 143.87897378694925
910 1947 51 139.8800399866711 175.81439520159947 142.97734088637122
709 1944 20 127.34467120181407 133.7437641723356 95.48299319727892
1357 1938 41 115.70678225395207 158.5053544110148 148.59663437021928
818 1930 22 178.48771266540643 180.54631379962194 120.91115311909263
1545 1930 28 178.5749167591565 181.17758046614873 121.16759156492786
1120 1925 42 178.01223865374808 180.8765935747068 119.98725140234575
730 1911 14 140.93401015228426 148.75126903553297 104.63451776649745
1017 1904 41 140.4283528811831 148.74349821519633 102.81489036206018
1710 1902 51 177.97167610796402 180.3665444851716 121.1519493502166
1284 1897 33 129.50119331742243 136.14240254574383 97.31185361972952
1456 1896 56 141.7897931034483 177.81186206896552 145.0336551724138
849 1881 22 127.69943289224953 134.34404536862004 95.59357277882798
661 1881 51 176.9120293235588 179.57014328557148 120.17660779740088
1540 1873 20 140.7981859410431 149.0544217687075 103.56009070294785
1613 1872 36 131.22214897824654 137.21951219512195 98.81476598549769
958 1870 17 181.12618296529968 183.14195583596214 122.37854889589904
778 1869 37 128.45484508899142 134.71061305207647 95.59789057350032
1812 1866 28 129.45615982241952 135.65149833518313 96.75582685904551
902 1854 31 115.83436669619132 158.41009743135518 148.05757307351638
1353 1851 40 115.38873396542108 158.67205800334636 148.8365867261573
1198 1843 54 114.82673730133997 158.20099719538797 147.99345590526644
1281 1839 18 180.46684350132625 182.74005305039788 123.44562334217505
1092 1832 42 129.8883222845487 136.27434982151965 96.86996430392658
999 1823 34 179.37947494033415 181.43277645186953 121.21957040572794
841 1819 29 178.2552719200888 180.70810210876803 120.96337402885683
571 1818 43 139.33569071192832 174.1079679396511 142.64214992927865
727 1816 27 127.92346298619823 134.13174404015055 95.37390213299874
638 1816 9 179.64197530864197 180.91358024691357 124.32098765432099
1758 1816 34 175.9013524264121 178.65155131264916 120.07239459029435
1520 1812 40 115.04740658114892 157.69436698271056 148.34300055772448
1591 1809 23 176.0799347471452 179.2137030995106 120.29853181076673
782 1801 19 140.3978779840849 148.53315649867372 103.74535809018568
1663 1799 44 140.62093352192363 149.12211221122112 103.76709099481377
1854 1790 46 139.7301263758663 148.0126375866286 103.16754993885039
1303 1788 29 177.41509433962264 179.157602663707 121.1198668146504
1425 1788 44 178.6166902404526 181.1037246581801 121.23903818953323
672 1779 31 176.28697962798938 178.96014171833482 120.43755535872454
928 1776 40 139.76352481873954 148.09871723368656 102.84383714445065
1048 1770 29 129.58823529411765 135.3940066592675 96.34073251942287
511 1768 20 126.10430839002268 132.24263038548753 95.5374149659864
1174 1764 18 128.81167108753314 134.9124668435013 96.9814323607427
1787 1761 17 175.58990536277602 177.82649842271292 120.28075709779179
1116 1760 29 176.28412874583796 178.99556048834629 119.43729189789123
810 1759 17 129.7160883280757 135.66246056782333 97.54258675078864
859 1758 23 176.82055464926592 178.77487765089722 119.84502446982056
614 1754 19 115.657824933687 156.40583554376656 147.11140583554376
1356 1750 25 128.7602256699577 135.08603667136813 96.87306064880113
1730 1745 30 126.14866204162537 132.79187314172447 94.94053518334985
1507 1744 23 177.54323001631323 180.30016313213704 121.63295269168027
742 1745 38 139.75196612220208 147.94192377495463 102.5124016938899
1921 1742 25 175.49788434414668 177.91678420310296 120.63751763046544
1637 1742 13 176.11675126903552 179.60406091370558 121.55329949238578
1575 1740 36 139.156888595913 147.6216216216216 102.75939353988133
1234 1737 41 140.85517593064765 149.48597654258032 102.84344722080571
1309 1718 23 129.1468189233279 135.4714518760196 97.58401305057097
1166 1717 21 176.58412098298678 179.73913043478262 120.11531190926276
996 1718 35 211.4056809905317 157.88201019664967 116.03058994901676
1399 1716 19 140.50928381962865 148.79575596816974 103.73740053050398
1872 1715 19 174.13793103448276 177.04774535809017 119.973474801061
552 1715 40 140.87562744004464 148.8482989403235 103.86893474623537
470 1714 33 174.7239459029435 176.79793158313444 119.6109785202864
824 1705 32 126.77502214348982 132.93356953055803 94.140832595217
1464 1699 33 127.50676213206047 134.20525059665871 95.9164677804296
1672 1697 31 176.62887511071744 179.96988485385296 120.82550930026572
1072 1687 40 204.45454545454547 168.08533184606804 128.8962632459565
1798 1684 52 138.33222259246918 173.69710096634455 142.76474508497168
660 1685 54 113.59831723278279 154.87285758803364 146.09317544406358
1616 1683 19 125.25729442970821 132.20954907161803 95.34748010610079
2127 1681 4 108.23076923076924 99.53846153846155 98.61538461538463
1353 1678 35 177.13765477057538 180.557902403496 120.7428987618354
1411 1676 13 176.97969543147207 179.73604060913704 121.93908629441623
1951 1676 37 125.01516150296636 131.61502966381013 94.49901120632828
2126 1671 4 104.15384615384616 96.07692307692308 95.38461538461539
758 1672 27 140.08908406524466 148.34253450439147 103.31744040150564
914 1670 50 204.05955334987593 167.44700460829492 128.53243530662886
1213 1669 23 125.74551386623165 132.79119086460034 94.26264274061991
1886 1667 26 112.97741530740275 154.79171894604767 145.91593475533247
1270 1663 29 176.3829078801332 179.81576026637072 119.9733629300777
1152 1663 29 184.97114317425084 138.61820199778023 109.16759156492786
2125 1659 4 101.23076923076924 92.6923076923077 91.46153846153847
2089 1657 4 106.23076923076924 98.46153846153847 97.23076923076924
1540 1655 48 175.68238874096616 178.68809433244581 119.72156713579308
1004 1655 26 184.80552070263488 138.48557089084065 109.02132998745294
2124 1654 4 82.92307692307693 76.3076923076923 74.0
507 1651 24 114.40456769983687 154.57585644371943 145.8874388254486
1713 1645 27 140.83186951066497 149.22961104140526 104.32998745294854
2130 1643 5 96.82758620689656 90.9655172413793 89.17241379310344
2125 1643 6 81.63265306122449 76.67346938775509 74.81632653061224
427 1643 41 138.72463029066805 173.2610912799592 142.443141254462
1640 1639 27 175.37264742785445 178.31242158092846 120.03262233375156
2004 1634 17 199.34700315457414 164.2681388012618 127.79179810725552
1313 1634 13 177.5685279187817 181.3147208121827 122.31979695431471
2162 1633 4 103.38461538461539 96.15384615384616 96.46153846153847
1916 1630 12 139.53691275167785 173.59060402684563 143.18791946308724
571 1630 36 139.47791694133156 174.26961107448912 143.17864205669082
2122 1625 4 102.61538461538463 94.38461538461539 94.23076923076924
828 1623 42 183.67975522692504 136.8898521162672 107.53493115757267
1098 1621 16 212.34700315457414 160.29337539432177 118.80441640378548
726 1618 27 174.45294855708906 176.97365119196988 119.36386449184441
2121 1615 4 102.46153846153847 93.53846153846155 92.07692307692308
1040 1612 26 176.06148055207026 179.11417816813048 119.45420326223336
2120 1605 4 108.61538461538463 101.6923076923077 102.0
1441 1604 51 140.7187604131956 149.65044985005 103.1939353548817
1140 1604 19 203.42970822281166 167.78779840848804 129.0
1359 1602 23 114.84176182707994 157.96411092985318 148.01141924959217
1211 1598 40 210.85833798103738 158.31567205800334 116.6899051868377
1864 1596 45 182.2625600698995 136.56837046745304 107.826124945391
1769 1596 32 209.25066430469442 157.08945969884854 116.64216120460586
497 1593 26 125.91593475533249 131.94102885821832 94.48055207026349
971 1592 35 139.6897305171158 175.7647487254188 143.714493809177
656 1588 32 114.45084145261293 155.20194862710363 146.3897254207263
900 1584 29 114.75693673695893 157.26415094339623 147.79800221975583
375 1582 34 114.33969769291966 154.87191726332537 146.26889419252188
1298 1581 33 113.83054892601433 157.57597454256165 147.65950676213205
772 1578 16 208.69400630914825 156.50788643533122 117.02208201892743
1597 1574 38 123.56382335148217 130.56019358741682 92.47912885662433
440 1572 19 174.2811671087533 176.42705570291776 119.90981432360742
536 1571 12 174.06040268456374 176.2214765100671 120.9261744966443
1523 1570 23 175.33278955954324 178.40293637846656 119.36541598694943
1968 1570 51 200.59346884371877 165.93768743752082 128.38520493168943
1687 1569 39 202.1222020568663 166.33756805807624 128.33998790078647
1385 1562 11 176.8993288590604 179.6979865771812 121.9261744966443
1026 1562 17 174.26498422712933 177.45741324921136 119.20820189274447
855 1560 15 175.9486166007905 178.0671936758893 119.68379446640316
582 1555 29 138.28634850166483 146.89012208657047 102.50166481687015
2048 1549 18 207.22281167108753 155.74270557029178 116.50132625994695
1095 1546 47 115.33102323685283 158.97268650631878 148.944557684468
812 1545 23 209.61827079934747 156.33605220228387 115.49429037520392
1173 1541 17 139.38485804416402 175.50157728706625 143.33753943217664
1347 1537 23 140.4910277324633 177.2773246329527 144.5220228384992
730 1534 34 201.91408114558473 166.0533015115354 128.37788385043754
1799 1531 33 208.5568814638027 156.29276054097056 115.68496420047734
891 1531 15 139.1383399209486 147.6798418972332 102.98418972332016
1855 1526 13 114.69543147208121 154.44162436548223 145.9492385786802
1894 1523 23 200.53670473083199 165.8009787928222 128.73246329526918
350 1524 24 124.12234910277326 130.26916802610114 93.54649265905384
501 1521 34 114.206046141607 155.84486873508354 146.8472553699284
1308 1520 10 180.5486725663717 182.76991150442478 126.08849557522123
1490 1516 28 124.26859045504995 131.5416204217536 92.92674805771365
1020 1512 22 140.78827977315692 150.1304347826087 103.65217391304348
1726 1511 25 182.36389280677008 136.8462623413258 108.60930888575459
645 1510 42 138.06017338092812 173.37276899541052 142.1927587965324
953 1507 40 113.53541550474067 156.63357501394313 147.33519241494702
1415 1504 36 114.24192485168093 157.3421226104153 147.865524060646
854 1504 24 125.27406199021208 132.10766721044047 93.99021207177815
1549 1503 25 140.25669957686884 148.737658674189 103.6361071932299
561 1502 17 174.24921135646687 177.1514195583596 119.69716088328076
417 1500 43 139.2088637435172 147.1923620933522 102.98302687411598
1158 1499 21 139.16257088846882 176.1209829867675 143.51606805293005
1242 1497 51 203.4821726091303 167.75374875041652 128.9330223258914
788 1493 24 182.22185970636215 136.34747145187603 107.9494290375204
2053 1487 39 138.5178463399879 173.36781609195404 142.58499697519662
1973 1487 23 137.74225122349102 147.05709624796086 103.11582381729201
534 1479 12 176.993288590604 179.26174496644296 121.84563758389261
1925 1478 26 139.75658720200752 175.1668757841907 143.87829360100375
1640 1478 53 202.6971019009037 166.71050171392957 128.58585229043317
1771 1476 16 138.4858044164038 147.57728706624604 103.5205047318612
890 1471 15 138.97233201581028 174.6403162055336 143.37549407114625
339 1462 31 172.73870682019486 175.3852967227635 118.4472984942427
1343 1461 35 176.71376547705754 180.36489439184268 119.68390386016024
1843 1460 44 124.54832626119754 131.73220179160774 93.54078264969354
1055 1451 38 175.41681790683606 179.4851784633999 119.83303085299457
1488 1449 30 175.3290386521308 178.25371655104064 119.20614469772052
581 1446 30 122.63330029732408 130.009910802775 93.2438057482656
641 1446 11 174.18120805369128 176.95973154362414 121.83892617449663
1139 1443 32 125.66784765279009 133.2001771479185 94.0593445527015
991 1443 21 124.7882797731569 132.4536862003781 94.28166351606805
1555 1442 25 203.56981664315938 167.62341325811002 129.1833568406206
1730 1441 36 113.91825972313777 156.48648648648648 147.49044166117335
1429 1441 22 141.56143667296786 177.39886578449907 145.54253308128546
1195 1432 16 115.06624605678233 156.86435331230282 147.46372239747635
829 1427 43 114.2083922677982 157.4959924563885 148.08156529938708
1969 1426 37 171.82399472643374 175.28543177323664 117.76598549769281
923 1426 37 138.3282794990112 175.29597890573498 142.92485168094922
2028 1426 19 139.19893899204243 147.66843501326258 102.92042440318302
1293 1426 18 210.19363395225463 157.84084880636604 117.15384615384615
721 1426 52 201.47184271909364 165.83672109296901 127.80206597800733
396 1425 27 138.40276035131743 146.66499372647428 101.80803011292346
2085 1424 25 171.69252468265162 174.13963328631877 118.71932299012694
1780 1419 19 172.20954907161803 176.16180371352783 118.84615384615384
486 1418 53 174.35743222187597 177.11280772826424 119.0190090370832
1901 1416 26 171.17063989962358 174.80050188205772 118.04265997490589
1239 1414 26 203.60978670012545 167.87703889585947 129.09786700125468
1330 1398 18 140.46949602122015 149.395225464191 104.43236074270557
1598 1394 32 210.19043401240037 157.20992028343667 115.75376439326838
1530 1391 27 183.32496863237137 137.04893350062736 108.01254705144291
628 1389 37 113.3058668424522 155.57745550428476 146.64205669083717
1389 1386 36 141.59920896506262 150.4937376400791 103.65919578114699
880 1386 16 173.62776025236593 177.60567823343848 119.60883280757098
1465 1384 29 124.15538290788014 131.4439511653718 93.30299667036626
1102 1384 29 115.60599334073252 159.19311875693674 149.25638179800222
323 1383 40 138.5488008923592 173.51868377021754 142.62967094255438
2107 1376 14 171.7918781725888 173.994923857868 119.48223350253807
1819 1377 28 172.60710321864596 176.38956714761377 118.83351831298557
1176 1375 36 140.02043506921555 176.4700065919578 144.37903757415953
1677 1371 45 139.53997378768022 175.57754477937965 143.75753604193972
1292 1371 27 211.17565872020074 159.01003764115433 117.50941028858217
1753 1367 25 137.96191819464033 147.11565585331454 102.05782792665727
2052 1362 40 113.63803680981596 155.22030117122142 146.85331846068044
1874 1360 22 139.67674858223063 148.66729678638941 103.85255198487712
412 1356 33 124.030230708035 131.1439936356404 92.24502784407319
848 1355 23 125.08482871125612 133.2463295269168 95.11582381729201
1014 1349 55 140.4810794954532 177.77852742739807 145.00440011733647
925 1349 32 112.67759078830824 155.88662533215236 146.13817537643934
1937 1349 35 139.17115804806994 148.02840495265843 103.39257101238165
1242 1348 21 185.1398865784499 139.75425330812854 110.33837429111531
553 1348 36 139.13183915622938 175.14568226763348 143.7521423862887
778 1344 36 139.86222808174026 176.5187870797627 144.60646011865524
1343 1343 25 126.49365303244005 134.15373765867417 95.53596614950635
1125 1338 15 141.6482213438735 150.94466403162053 105.58102766798419
287 1339 14 173.19289340101523 176.1979695431472 120.23350253807105
1393 1331 15 174.30039525691697 177.98418972332016 119.69169960474308
1608 1328 25 202.3582510578279 166.95486600846263 129.2369534555712
695 1327 44 208.43847241867044 156.22065063649222 115.22913719943423
619 1322 18 138.77453580901857 174.86472148541114 143.0212201591512
1446 1320 28 176.2552719200888 179.85571587125418 120.67702552719201
1799 1320 21 123.98298676748583 131.5179584120983 94.26843100189036
1532 1318 37 184.71588661832564 138.17732366512854 108.73566249176004
1997 1318 21 173.593572778828 176.50661625708887 120.0132325141777
1214 1316 10 175.07079646017698 179.2212389380531 121.1504424778761
478 1314 36 111.73961766644693 154.41595253790373 145.32498352010546
1169 1306 25 174.08603667136813 179.25387870239774 118.6036671368124
1742 1306 31 124.51461470327725 132.01505757307353 94.03365810451727
2109 1304 34 138.0692124105012 172.33253778838505 142.3070803500398
324 1303 30 136.81565906838455 145.6005946481665 99.63726461843409
1285 1300 34 203.91328560063644 168.70723945902944 129.69212410501194
1677 1292 27 115.49686323713927 158.18444165621077 148.9560853199498
869 1291 39 139.77253478523897 149.68118572292803 103.60133091349063
580 1288 24 140.02936378466558 176.163132137031 144.38172920065253
807 1284 16 140.10725552050474 149.25867507886434 105.04416403785488
279 1283 13 174.78680203045684 177.36548223350252 121.7005076142132
2043 1282 28 126.07436182019978 132.56825749167592 94.9622641509434
1867 1279 48 138.6314187904146 174.38265500190187 143.21072651198173
1101 1280 39 113.79794313369632 159.03508771929825 148.9534180278282
401 1275 41 174.62468128505864 177.59408465068844 117.69301376848547
1222 1272 26 113.8155583437892 158.25470514429108 148.08657465495608
753 1270 31 173.46767050487156 177.81133746678478 118.59875996457042
1789 1269 18 173.3899204244032 177.18037135278513 119.45623342175065
641 1267 29 208.23751387347392 156.47502774694783 115.49389567147614
1372 1262 51 174.92002665778074 179.3962012662446 119.49283572142619
1961 1260 39 172.55595886267395 175.9491833030853 118.95281306715064
463 1261 15 173.6403162055336 177.0474308300395 119.1699604743083
1612 1261 33 209.91885441527447 157.17342879872714 115.97852028639619
959 1260 44 174.11881188118812 179.44695898161245 119.18057520037718
522 1255 36 112.7350032959789 155.9189189189189 146.59525379037572
1479 1253 32 125.48804251550045 132.69530558015944 94.7139061116032
694 1244 22 179.45557655954633 134.7296786389414 106.69943289224953
593 1240 19 178.56498673740052 134.0212201591512 106.27586206896551
1738 1238 30 137.94747274529237 146.994053518335 103.14767096134787
1547 1237 27 202.2521957340025 166.79548306148055 128.50188205771641
1040 1238 26 112.88833124215809 157.038895859473 147.21329987452947
1674 1230 28 173.99778024417316 177.6281908990011 119.11209766925639
1166 1219 41 139.42019377868436 177.26874043855176 144.78939316675167
2013 1219 18 172.25464190981432 174.85411140583554 119.35278514588859
883 1219 24 138.61011419249593 176.21696574225123 143.87438825448615
818 1215 38 112.31397459165156 156.34543254688447 146.76890502117362
2091 1212 50 171.69868840836583 174.67387451258418 118.57958170861397
171 1212 6 94.3265306122449 90.08163265306122 89.51020408163265
98 1212 6 144.40816326530611 142.18367346938774 143.1020408163265
1271 1211 43 209.97736916548797 158.04243281471005 116.22017916077321
472 1210 23 200.68352365415987 165.87928221859707 128.36704730831974
1433 1206 16 139.85173501577287 148.92744479495266 104.40694006309148
311 1203 55 200.20123203285422 165.20416544441184 128.0457612202992
1902 1202 28 138.09877913429523 146.64372918978913 102.76914539400666
735 1195 34 172.8703261734288 178.21161495624503 118.92283214001591
1814 1195 42 112.67924528301887 154.84344722080573 146.3146353901071
637 1191 34 201.44550517104219 167.43914081145584 129.52983293556088
2308 1190 7 118.91836734693877 113.14285714285714 113.79591836734693
411 1190 35 208.0597232337946 156.17625637290607 115.82010196649672
1001 1182 29 138.23418423973362 176.75027746947836 144.0033296337403
1085 1180 41 112.46812850586436 157.8663946965834 147.77409484956655
554 1178 40 207.9760178471835 156.48856664807585 115.68711656441718
1344 1174 26 125.75407779171894 133.7703889585947 94.48933500627352
1972 1173 33 125.351630867144 132.24343675417663 94.9236276849642
939 1171 30 125.54112983151634 134.34291377601585 94.70267591674926
1490 1169 39 140.4162129461585 150.04718693284937 103.81367211131277
1408 1165 29 176.05549389567148 180.4772475027747 121.36514983351832
1601 1163 54 203.329697725148 167.50451854160175 128.89498286070426
871 1159 31 173.48184233835252 179.33126660761738 118.61381753764394
689 1158 16 123.02523659305993 131.20504731861197 93.6403785488959
1722 1158 43 114.14380009429514 157.24328147100425 148.25082508250824
486 1155 28 183.6836847946726 138.81465038845727 109.85127635960045
793 1151 23 124.2283849918434 133.14192495921696 93.9331158238173
2032 1149 25 172.39774330042312 175.79125528913963 119.3244005641749
1283 1135 26 137.5608531994981 148.95734002509408 102.87202007528231
596 1134 16 174.397476340694 179.25552050473186 120.09148264984226
1126 1132 15 183.1304347826087 139.06324110671935 110.33596837944663
351 1132 22 136.93005671077506 146.50850661625708 102.81285444234405
1882 1129 41 173.0979092299847 176.76899541050486 118.90056093829679
1810 1128 18 126.45623342175065 133.52519893899205 96.62334217506631
1004 1123 19 209.55437665782492 159.40318302387266 117.85145888594164
1448 1120 19 174.85145888594164 179.0159151193634 120.36339522546419
651 1120 26 124.34629861982434 133.49560853199498 94.8293601003764
1198 1119 52 202.74775074975008 168.8630456514495 129.9020326557814
1050 1112 22 201.23251417769376 167.35727788279775 128.77693761814746
2105 1110 41 112.06170321264662 153.61397246302909 145.6343702192759
723 1108 39 135.66424682395646 147.27404718693285 101.47368421052633
424 1102 41 128.6685364609893 136.33962264150944 97.75216726160123
1358 1099 40 127.23647518126046 135.7579475738985 96.40490797546013
297 1099 32 113.63330380868025 156.85385296722765 148.32772364924713
1957 1096 37 137.92485168094922 147.139090309822 102.67567567567566
1682 1091 22 140.10018903591683 175.88468809073726 144.77693761814746
933 1089 43 208.73503064592174 158.01320132013203 116.83592644978783
2034 1089 25 126.09732016925247 133.16220028208744 96.36530324400564
601 1087 16 173.7192429022082 179.00315457413248 119.93375394321767
1801 1085 10 126.40707964601769 152.99115044247787 124.36283185840708
1765 1085 35 113.67443554260744 156.77130371449383 148.0393299344501
1822 1084 21 135.09640831758034 144.5406427221172 100.84310018903592
529 1084 47 175.87933143090095 181.06604158173664 120.90868324500612
1527 1081 36 139.34410019775873 175.82465392221488 144.37310481212918
1629 1077 29 183.4839067702553 137.84794672586017 109.09655937846837
1103 1075 33 209.0007955449483 158.71599045346062 117.17501988862371
1012 1072 28 182.1687014428413 138.11986681465038 109.00110987791344
822 1070 53 201.1891555001558 167.72047366780927 129.1268307884076
353 1062 24 173.88907014681894 178.1468189233279 120.38825448613377
1276 1059 36 173.66446934739616 180.14238628872775 118.89980224126565
1154 1057 13 202.19289340101523 169.497461928934 130.9746192893401
2070 1045 21 125.75236294896031 133.16257088846882 96.21928166351607
450 1044 16 173.87381703470032 179.0283911671924 120.75078864353311
654 1043 39 125.81125226860254 135.04658197217182 95.97701149425288
301 1042 16 139.85488958990535 175.14195583596214 144.7539432176656
1345 1036 14 139.67005076142132 177.07614213197968 144.59898477157358
2109 1035 14 172.89340101522842 176.39086294416242 121.03553299492386
1814 1035 18 175.07957559681697 178.75862068965517 120.40318302387267
1770 1035 11 174.94630872483222 178.18120805369128 122.05369127516778
1439 1035 54 140.11966344655656 177.73013399813024 145.2726706138984
1714 1029 37 184.161502966381 138.68951878707975 109.76796308503624
909 1029 18 182.86737400530504 139.06896551724137 110.04244031830238
1587 1027 26 114.51442910915934 158.47929736511918 149.405269761606
2001 1024 37 172.29136453526695 176.25510876730388 118.76137112722478
740 1022 36 182.37574159525377 137.9439683586025 108.62228081740275
1197 1019 39 137.43315184513008 148.96551724137933 101.97277676950999
1900 1017 54 114.50358367092552 157.9164848862574 148.85447179806792
960 1016 26 138.2647427854454 177.02885821831867 144.28983688833122
1131 1014 22 137.55387523629489 149.92627599243858 103.1890359168242
1643 1012 22 140.53875236294897 176.68620037807185 145.1398865784499
1296 1009 13 173.65989847715736 179.93908629441623 120.34010152284263
574 1009 34 136.67064439140813 148.1368337311058 102.68337311058075
395 996 40 112.99665365309538 156.35861684327944 147.2381483547128
1532 991 35 113.61107064821559 158.19227967953387 148.53313911143482
1050 992 55 113.62012320328542 160.03314755060134 149.26723379290115
316 990 29 138.93451720310767 174.97780244173143 144.2108768035516
488 989 38 139.85783424077437 177.124016938899 145.11070780399274
798 987 22 201.13610586011342 167.8601134215501 129.35160680529302
2075 981 31 172.718334809566 176.6607617360496 119.28875110717449
1778 981 32 139.6147032772365 175.80070859167407 144.55358724534986
1830 981 14 140.01015228426394 175.52791878172587 144.57868020304568
1349 975 36 113.13777191825972 158.63612392880685 148.31443638760712
631 975 18 128.2917771883289 137.46153846153845 98.56233421750663
1959 973 13 172.6700507614213 177.28426395939084 119.65989847715736
867 970 38 113.17664851784635 158.70114942528738 148.06715063520872
680 970 26 173.22208281053952 179.9146800501882 119.37390213299874
1604 960 34 139.6109785202864 176.32696897374703 144.8106603023071
1474 957 22 139.56143667296786 177.38563327032136 145.2608695652174
1414 956 21 114.882797731569 160.1436672967864 149.89792060491493
1139 956 29 173.79578246392896 181.37846836847947 119.84683684794673
1262 955 39 127.65880217785845 137.34119782214157 97.0907441016334
1199 953 16 128.83596214511041 137.85488958990535 97.96529968454259
954 946 38 134.11252268602541 146.8245614035088 100.63944343617666
585 942 25 112.574047954866 155.64315937940762 146.1212976022567
560 941 10 109.70796460176992 134.7787610619469 114.02654867256636
539 940 21 128.25519848771268 136.5671077504726 98.84310018903592
1688 940 39 201.8874773139746 167.0278281911676 129.07924984875984
2003 934 37 135.88002636783125 146.0171390903098 101.59986816084377
424 930 25 113.05077574047955 157.31593794076164 148.00141043723553
749 930 43 208.32013201320132 157.4224422442244 116.00377180575201
1928 926 32 129.36935341009743 137.1124889282551 98.84499557130204
1765 923 19 207.45358090185675 156.70291777188328 117.13527851458885
479 918 24 113.36215334420882 157.00815660685154 147.8678629690049
1324 918 19 130.76657824933687 140.20954907161803 100.24933687002653
346 917 41 138.42784293727692 175.33911269760327 144.29729729729732
1837 916 42 111.91381947985722 155.1891891891892 146.35033146353902
2079 913 27 126.48682559598494 134.45796737766625 97.4090338770389
1022 913 23 176.15660685154975 183.87438825448615 121.22512234910278
1536 909 40 113.13831567205801 157.76185164528724 148.15114333519242
1377 908 27 128.79422835633625 138.28356336260978 98.24592220828104
831 908 28 129.07991120976692 138.72807991120976 98.74694783573807
1087 902 34 138.72235481304693 178.50676213206046 144.89896579156724
891 899 28 138.58379578246394 178.11764705882354 144.74472807991123
1443 899 36 136.32036914963743 147.6466710613052 101.88332234673697
1276 896 17 134.95268138801262 147.17034700315457 100.9589905362776
652 893 42 133.67414584395718 145.55379908210097 100.42376338602755
404 885 13 114.99999999999999 156.9492385786802 148.10659898477155
1636 883 26 128.3212045169385 135.80677540777916 97.72772898368882
1190 880 49 176.15367059718525 184.14644351464435 120.1825789273488
558 880 36 138.99143045484507 176.69808833223465 144.79235332893867
1959 875 24 175.77324632952693 179.79934747145188 121.1305057096248
1885 872 19 175.2732095490716 179.9681697612732 120.87267904509284
787 863 22 182.28166351606805 138.35160680529302 109.55009451795841
1322 858 31 176.56775907883082 184.0177147918512 120.7227635075288
728 857 19 199.3793103448276 166.05039787798407 128.3474801061008
1033 855 23 140.63295269168026 180.59053833605222 146.6378466557912
2027 855 37 175.38497033618984 179.71061305207644 120.95583388266314
1262 854 18 176.44562334217505 184.12732095490716 121.6366047745358
1126 850 14 138.2741116751269 150.38071065989845 103.69035532994923
1576 848 30 133.61645193260654 144.8077304261645 100.55500495540139
958 842 46 112.36526701997553 158.623726049735 147.88463106400326
1734 842 54 201.74976628233094 167.121533187909 129.08912433779994
1838 839 29 126.94006659267481 135.1720310765816 97.4661487236404
458 838 53 134.34091617326268 146.30726082891866 100.73823621065752
1085 837 20 200.2562358276644 167.84126984126985 129.16326530612244
854 838 36 138.65392221489782 178.17666446934737 144.7297297297297
358 835 32 112.81842338352524 156.33303808680247 147.118689105403
1398 830 36 128.94594594594594 138.00065919578114 98.00922874093605
605 826 27 174.56712672521957 181.30112923462985 120.19322459222082
1919 817 36 132.80883322346736 143.79169413315753 99.85431773236651
1640 815 29 176.59489456159824 181.18201997780244 120.5338512763596
546 813 21 128.94706994328922 137.71455576559546 98.94517958412098
1490 811 53 177.35961358678716 182.9012153318791 120.79775631037707
1986 811 16 128.1230283911672 135.69085173501577 98.68454258675078
1283 804 24 127.61663947797717 137.4567699836868 97.28548123980424
784 801 32 208.21966341895484 157.6102745792737 116.07174490699735
683 794 50 137.50691244239633 175.9815668202765 143.6419709322935
1862 792 15 134.4308300395257 144.19367588932806 100.93675889328063
898 792 17 112.36277602523658 156.2018927444795 145.93059936908517
1216 789 31 201.15146147032772 168.7245349867139 129.31798051372897
1048 788 38 182.06170598911072 138.66243194192378 109.34906231094979
392 788 15 127.68379446640316 136.66403162055335 98.9288537549407
1585 784 24 128.68189233278957 136.62479608482872 98.45350734094617
1137 779 40 209.03513664249863 158.87228109314 116.69715560513107
2009 776 20 133.2108843537415 143.7482993197279 100.9591836734694
1692 773 20 182.89795918367346 138.35374149659864 109.82993197278911
1807 765 38 175.89231699939506 180.59588626739264 120.70961887477316
512 761 25 112.28631875881523 156.4005641748942 146.33427362482368
1337 760 40 133.6213050752928 146.4796430563302 100.0791968767429
585 761 32 174.6545615589017 181.46855624446414 119.98317094774137
847 751 39 201.48820326678768 168.82214156079857 130.0181488203267
1634 749 26 138.97239648682557 176.0966122961104 143.87327478042658
1893 749 26 126.41028858218318 135.1279799247177 97.24717691342533
1270 749 23 208.2137030995106 158.59869494290376 117.20228384991844
1420 747 30 176.74727452923688 183.30525272547075 121.25272547076312
728 738 11 176.8993288590604 183.83221476510067 123.55704697986577
1084 734 18 200.50132625994695 168.10079575596816 129.3527851458886
949 735 54 200.42848239326892 167.74384543471487 128.6999065129324
422 732 41 138.44773074961756 176.32738398776135 144.37582865884752
776 731 26 174.54328732747803 181.58469259723964 120.03011292346298
1965 725 39 111.50514216575924 153.91833030852996 145.08469449485784
1737 722 36 208.46341463414632 157.5385629531971 116.88068556361239
1220 722 28 183.88790233074363 140.157602663707 110.04217536071032
1847 720 14 174.9492385786802 179.97969543147207 121.41624365482232
1492 720 30 127.9603567888999 136.8453914767096 97.48761149653122
1152 714 21 139.12854442344045 179.14555765595463 145.35160680529302
1040 713 25 208.71932299012693 159.16361071932297 117.99717912552892
651 712 32 128.4561558901683 138.07883082373783 98.96014171833481
1571 706 40 139.09927495817067 176.5175683212493 144.38817624093699
504 704 28 128.35294117647058 138.36403995560488 99.49833518312985
1802 691 27 132.34378920953574 143.8858218318695 99.4930991217064
1663 691 37 183.07844429795648 138.3928806855636 109.6242584047462
1373 691 26 138.3048933500627 177.58343789209533 144.55834378920952
824 691 19 129.18037135278513 139.05305039787797 99.35278514588859
445 680 14 172.2690355329949 179.84263959390861 120.13705583756344
879 676 33 176.03739061256962 183.64359586316627 120.33731105807479
720 673 40 111.6770775237033 156.5041829336308 146.46458449525934
573 672 41 112.52677205507395 157.57980622131566 147.48444671086182
1099 667 40 112.64417177914112 159.59341885108756 148.3998884551032
1762 666 16 129.54889589905363 136.9968454258675 100.18927444794953
780 664 17 131.0 143.82649842271292 99.65615141955836
1509 661 22 176.3100189035917 182.33081285444234 121.5765595463138
1290 662 54 201.38797133063258 168.7235899033967 129.78622623870365
1439 660 36 112.01186552406064 156.88859591298615 146.79762689518785
1718 658 18 201.22015915119363 167.88328912466844 130.3129973474801
1172 656 33 139.35003977724742 179.73110580747814 145.77406523468576
1891 650 54 139.94515425366157 177.1389841071985 145.4100966033032
1019 646 33 138.3508353221957 178.92521877486078 144.8695306284805
944 642 32 132.07174490699734 145.78565101860053 99.5925597874225
1809 636 20 174.44444444444446 180.4875283446712 120.41043083900227
1219 636 12 176.59731543624162 184.1744966442953 121.54362416107382
643 636 33 138.8631662688942 177.60620525059667 145.04295942720765
828 631 24 128.05709624796086 137.80750407830342 97.84991843393149
488 624 41 112.16726160122387 156.82814890362062 146.92146863844977
1376 623 25 201.34978843441468 168.6064880112835 129.90409026798307
1466 620 9 176.30864197530863 182.66666666666666 124.06172839506172
1686 617 21 208.45557655954633 158.37240075614366 117.92249527410208
1760 610 26 128.49686323713925 137.1104140526976 98.75658720200752
1078 609 16 175.46056782334384 183.90536277602524 121.08517350157729
1131 608 24 128.7194127243067 139.30505709624796 98.605220228385
760 606 32 172.88308237378212 180.71744906997344 119.1257750221435
1508 604 24 201.72593800978794 168.70146818923328 130.53017944535074
1599 602 54 200.94795886569025 167.7563103770645 129.521034590215
887 589 39 128.4561403508772 138.67211131276468 98.33998790078645
1436 583 33 182.5887032617343 138.80747812251394 109.77804295942721
813 583 19 129.57559681697612 142.86737400530504 98.19098143236074
1194 581 41 174.7888832228455 183.02345741968384 119.85721570627231
1029 577 29 138.2330743618202 178.08879023307438 144.69700332963373
1270 570 22 112.83553875236295 158.88468809073726 147.96030245746692
1822 570 44 172.74021687883075 179.04526166902406 119.24375294672325
961 567 33 130.36276849642005 144.3373110580748 98.81463802704853
690 563 41 128.1529831718511 138.14635390107088 98.7011728709842
1338 563 40 208.21137757947574 158.55493586168433 117.02398215281652
574 560 57 138.09489655172413 177.14372413793103 144.25931034482758
1709 556 38 111.91349062310951 155.3914095583787 146.28493647912887
761 552 17 172.62776025236593 179.93059936908517 119.09463722397476
1642 544 17 132.58675078864354 143.84858044164037 100.51104100946372
1513 531 41 208.51657317695054 158.24120346761856 116.82508924018359
903 530 18 174.0159151193634 181.81432360742704 120.18037135278514
1766 519 18 138.13262599469496 175.54111405835542 144.3978779840849
1454 518 12 113.3489932885906 157.27516778523488 147.82550335570468
1403 519 26 200.4203262233375 168.19949811794228 129.8306148055207
1019 519 21 111.61814744801512 157.73913043478262 147.3742911153119
1108 516 57 111.72524137931035 158.4391724137931 147.46124137931034
1259 509 31 112.52612931798052 158.6474756421612 147.64836138175377
732 510 23 129.9331158238173 142.9347471451876 98.78466557911909
1194 506 23 132.29853181076672 145.98368678629691 100.46329526916803
823 505 54 175.69055780617015 183.08787784356497 120.2589591773138
1313 500 20 173.69160997732428 182.11337868480726 119.66666666666667
1593 499 36 139.5781147000659 178.09096901779827 145.094264996704
1667 496 28 128.92674805771367 138.14872364039957 99.51387347391787
658 486 41 172.40846506884245 179.27638959714432 118.88526262111168
951 483 35 137.75746540422432 177.85214857975237 144.46613255644576
1728 478 31 138.9291408325952 176.12488928255092 144.8432240921169
1223 473 13 173.29949238578678 181.497461928934 121.10659898477157
1026 463 23 138.46329526916804 177.88580750407831 144.83034257748778
1303 459 15 172.15415019762844 180.2569169960474 118.91304347826086
1546 451 25 172.47813822284908 179.2101551480959 119.06488011283497
1364 450 40 138.04573340769662 177.53206915783605 144.54155047406582
1460 444 47 130.17407256420708 143.44027721157767 98.49653485527925
1178 443 32 129.5615589016829 139.58901682905227 99.57573073516386
743 436 41 127.98215196328405 137.67771545130037 98.77919428862826
1586 429 15 173.1067193675889 179.95256916996047 120.21343873517786
898 429 31 112.15057573073517 157.13374667847654 146.55004428697964
1647 428 39 170.8693284936479 177.69147005444648 118.69630973986692
1256 429 34 171.30310262529835 179.36833731105807 118.09626093874304
1081 412 45 173.39711664482306 181.6867627785059 119.2341633901267
825 410 29 130.57269700332964 143.59267480577137 99.10987791342953
985 407 39 111.26920750151241 157.07622504537207 146.81911675741077
1535 394 20 126.79138321995465 136.42857142857144 98.24489795918367
1325 386 28 112.48723640399557 157.78801331853495 147.82574916759157
894 383 14 171.8730964467005 180.28426395939084 120.03045685279187
774 382 17 169.81703470031545 177.05993690851736 119.16719242902208
1213 378 18 132.0159151193634 144.9363395225464 100.62334217506631
1581 378 26 129.98870765370137 142.21580928481805 98.9711417816813
1156 371 29 138.5493895671476 177.98446170921198 145.20643729189788
1399 368 40 111.43948689347464 156.30228667038483 146.45343000557725
809 362 13 174.27918781725887 181.60913705583755 122.24365482233502
1029 357 19 132.26525198938992 142.20954907161803 102.19628647214853
1543 355 15 169.97628458498022 175.62055335968378 119.07114624505928
1480 350 35 172.3401310997815 179.23233794610343 119.24180626365623
1341 346 15 170.67588932806322 178.93675889328063 119.32411067193675
862 345 29 128.0721420643729 138.173140954495 99.22863485016649
1117 344 14 139.2944162436548 177.7715736040609 145.93908629441623
937 328 41 137.49974502804693 176.8556858745538 144.16267210606833
1071 326 29 131.46836847946727 144.90788013318536 99.99223085460599
1264 310 54 138.25085696478652 177.5687129947024 144.66687441570582
1427 304 21 138.80340264650283 176.8374291115312 144.6748582230624
1015 302 24 112.44698205546493 157.22512234910278 147.29853181076672
1369 293 33 128.41050119331743 138.59188544152747 99.22513922036596
1162 293 40 111.50808700501953 156.3798103736754 146.65086447295036
1098 276 18 139.24668435013263 177.9389920424403 145.9973474801061
1188 84 3 134.53846153846155 135.0769230769231 133.15384615384616
1196 79 3 138.3846153846154 140.15384615384616 139.3846153846154
1189 78 3 157.3846153846154 163.92307692307693 164.23076923076923
