1206 2327 3 153.23076923076923 149.30769230769232 151.6153846153846
1210 2326 3 122.38461538461539 116.61538461538463 117.30769230769232
1157 2139 14 230.52791878172587 173.7664974619289 123.16243654822334
1115 2135 15 199.54150197628456 131.71146245059288 100.1699604743083
1210 2118 32 198.85562444641275 129.18600531443755 97.23472099202834
962 2116 13 230.02538071065987 174.11167512690355 124.00507614213197
1293 2109 43 231.71711456859973 173.85007072135784 122.31683168316832
1373 2103 24 228.7504078303426 149.85644371941274 106.40456769983687
1142 2100 20 231.63038548752834 173.39909297052154 121.90022675736962
1438 2098 33 198.87032617342882 128.66984884645984 97.32140015910899
1042 2099 54 227.4799002804612 148.54658772203177 105.31754440635711
1501 2097 17 197.0410094637224 127.45741324921136 97.20820189274448
897 2097 14 228.53299492385784 151.6243654822335 107.8730964467005
1177 2068 13 227.27918781725887 150.28934010152284 108.51776649746192
1230 2063 10 229.6283185840708 174.05309734513273 125.91150442477876
940 2058 37 199.20830586684244 128.89980224126563 96.60382333553065
784 2054 10 227.21238938053096 171.1946902654867 123.32743362831859
850 2047 44 195.44177274870344 125.38566713814238 94.56624233851957
1612 2046 14 230.96446700507613 173.32994923857868 123.20304568527918
1469 2043 14 228.492385786802 150.1472081218274 107.248730964467
1118 2042 32 228.62444641275465 148.99202834366696 105.53587245349867
1432 2041 14 228.87817258883246 150.5177664974619 107.9746192893401
1539 2035 46 230.2009783938035 171.69262128006523 120.6946596004892
1270 2033 21 199.2608695652174 129.24007561436673 98.08317580340265
988 2022 13 228.5431472081218 171.25380710659897 121.7715736040609
755 2019 25 226.18335684062058 147.55994358251058 105.15937940761636
1355 2015 50 198.57816377171216 127.62424672102091 96.20099255583126
1190 2007 40 231.64974902398217 172.8923591745678 121.26770775237034
908 2007 8 229.12345679012344 174.9506172839506 127.50617283950616
1647 2006 33 229.9713603818616 170.78758949880668 120.62529832935562
1044 2002 35 198.05535324107794 127.36270939548434 95.9169701383831
885 1985 15 228.1581027667984 149.41106719367588 106.699604743083
1449 1984 38 229.8408953418028 149.16031457955233 105.86932849364793
1276 1983 15 231.02371541501975 172.78656126482213 121.95652173913042
1127 1983 17 199.602523659306 129.97476340694007 98.61829652996845
808 1969 32 229.6164747564216 170.47652790079718 119.63330380868025
762 1966 11 227.43624161073825 151.64429530201343 110.65771812080537
1092 1966 11 199.51006711409394 132.14093959731542 103.09395973154362
685 1960 49 193.45492582731077 123.26017497147204 93.17040699885888
1588 1959 34 229.42402545743835 148.8337311058075 105.92680986475736
952 1957 50 230.90712513293158 171.59978730946472 120.03792981212337
1519 1950 28 196.64927857935626 125.86792452830188 95.5749167591565
1313 1945 14 133.93401015228426 173.60406091370558 125.10152284263958
1033 1941 16 228.69400630914825 150.3123028391167 108.43217665615141
872 1940 22 197.39886578449907 127.36105860113422 96.28733459357278
1712 1937 50 197.0811768876285 125.77702942219071 94.64516129032258
1379 1937 16 134.52996845425866 174.81703470031545 125.69716088328076
1076 1924 20 133.85034013605443 175.1904761904762 125.15419501133788
1636 1920 16 226.79179810725552 147.5930599369085 105.99053627760252
760 1917 26 227.9146800501882 148.28983688833122 105.1543287327478
1142 1915 38 132.18088324258923 173.8796128251664 124.19298245614036
1241 1914 49 110.83073411943705 148.57550399391405 128.2537086344618
614 1915 26 225.93224592220827 146.56963613550815 104.58594730238393
1024 1903 16 133.397476340694 173.15457413249212 124.38801261829653
898 1902 13 199.82233502538068 132.01015228426394 101.44670050761421
1803 1890 36 226.9439683586025 147.67172050098878 105.35992089650625
938 1890 9 230.1358024691358 174.06172839506172 126.59259259259258
712 1891 16 196.5173501577287 126.82649842271293 96.34384858044164
1577 1889 26 197.58092848180675 126.27603513174402 95.36386449184441
1338 1890 38 132.18209316394436 173.57773744706594 124.26194797338174
1429 1885 42 111.64864864864866 149.0275369709332 129.0775114737379
829 1876 44 229.11268269684112 148.92927864214994 105.11692597831211
1511 1873 32 112.16651904340124 149.13817537643934 129.45792736935343
1186 1861 17 132.80757097791798 172.96845425867508 124.44794952681387
1136 1858 10 135.5486725663717 173.6283185840708 125.87610619469027
1644 1853 38 230.26436781609198 171.30066545674532 120.79491833030853
1277 1853 16 231.17981072555204 172.45425867507885 122.16088328075709
1075 1854 36 110.92155570204349 148.43309162821356 128.18325642715885
654 1850 40 229.32905744562188 170.14110429447854 119.60624651422198
561 1849 44 194.44318717586043 123.76709099481377 93.63790664780764
987 1849 39 131.20447670901393 171.93345432546886 123.40713853599517
911 1845 28 111.91786903440622 148.78357380688124 128.79023307436182
1865 1844 29 194.03995560488346 124.36625971143174 94.74472807991121
1731 1842 35 195.99781500364168 124.80990531682448 94.78004369992718
737 1843 34 229.7350835322196 169.9474940334129 119.32696897374703
1228 1830 27 231.08657465495608 171.4065244667503 120.38770388958594
1312 1826 16 232.64668769716087 173.9558359621451 123.44479495268138
490 1826 15 227.83399209486166 169.68379446640316 120.27272727272727
1795 1814 24 229.0456769983687 170.87765089722677 120.7536704730832
1477 1810 25 132.46826516220028 173.18476727785614 124.52186177715092
1903 1803 12 226.49664429530202 149.49664429530202 108.42281879194631
1562 1799 49 132.16470140737923 173.24914416127805 124.46443514644352
1152 1798 47 230.8964533224623 150.56828373420302 106.29474113330616
789 1797 21 196.66351606805293 126.48393194706995 95.85444234404537
1390 1794 50 198.44026940801135 126.57213753987948 95.15065579581709
1678 1792 21 229.45179584120984 170.4858223062382 120.6937618147448
1044 1785 33 231.1368337311058 170.54574383452666 119.51869530628481
990 1783 15 195.60474308300394 125.88537549407114 96.37154150197628
943 1783 22 113.2117202268431 150.0170132325142 130.15879017013233
623 1783 24 228.01957585644374 167.8172920065253 118.4110929853181
862 1779 45 132.31105286151157 173.5465268676278 124.05897771952817
1284 1771 40 229.55828220858896 149.0094813162298 106.1589514779699
1927 1770 20 225.82086167800455 147.68027210884355 106.28344671201815
1629 1766 22 142.19470699432893 142.64650283553877 103.94896030245746
568 1766 25 195.16220028208744 124.46403385049365 94.41889985895628
1851 1758 44 194.17350306459218 123.91702027345592 94.04054691183404
483 1758 47 228.01875254790053 168.35140644109254 118.52466367713005
1214 1754 15 198.02371541501975 127.45059288537549 96.98023715415019
1086 1755 12 231.3288590604027 172.1006711409396 121.84563758389261
713 1753 48 193.8664891593762 122.94370483073412 92.99429440852035
795 1743 19 114.9814323607427 152.24403183023873 131.85411140583554
1747 1743 49 228.42982122480032 149.4682388740966 106.23468999619628
1476 1737 42 195.42070372259053 124.08720040795514 93.9709331973483
1334 1733 13 230.41116751269033 170.71065989847713 121.00507614213197
1546 1722 18 188.20689655172413 113.6366047745358 104.6684350132626
1411 1722 9 229.85185185185185 173.69135802469134 125.9753086419753
1666 1719 20 178.34013605442178 173.18140589569163 119.82993197278913
1377 1715 19 196.9496021220159 126.18832891246684 96.24403183023873
887 1714 16 132.29337539432177 171.596214511041 124.29337539432176
1139 1711 20 197.63945578231292 126.75510204081633 95.61224489795919
620 1711 43 227.8142385667138 147.4163130598774 104.96841112682696
1604 1710 35 113.29497450837583 151.58557902403496 131.17552804078662
1260 1709 10 229.41592920353983 172.08849557522123 124.46902654867256
970 1710 50 195.71322226160936 124.45125841900035 94.13009571074087
1064 1708 33 231.7263325377884 171.62848050914877 120.33890214797137
548 1706 19 195.40053050397876 125.44562334217505 95.47214854111405
424 1705 22 226.16824196597355 147.22684310018903 105.72778827977316
1813 1698 15 224.66007905138338 148.17786561264822 107.87747035573122
1930 1696 47 227.8544639217285 169.26661231145536 119.85120260905015
1204 1690 42 197.27791942886284 126.1478837327894 95.08006119326875
758 1684 19 187.44827586206895 112.19098143236074 103.57029177718832
827 1680 41 112.32432432432434 149.60428352881183 129.55583885772566
1858 1674 24 193.39967373572594 123.26753670473084 94.50244698205547
1420 1672 34 230.84327764518696 151.23309466984887 107.12728719172634
1662 1668 19 178.66312997347478 172.6180371352785 119.86737400530504
1312 1668 50 232.00708968450903 172.66465792272243 121.06876993973768
685 1666 31 230.34012400354297 170.2223206377325 120.03011514614704
1475 1665 13 230.05583756345175 171.71065989847713 121.9746192893401
1708 1664 22 137.48393194706995 138.22873345935727 100.70510396975426
894 1663 19 158.9310344827586 156.55437665782492 109.61538461538461
1030 1662 16 230.62145110410094 152.28706624605678 108.61198738170347
499 1659 36 194.74884640738298 123.30059327620302 93.14897824653922
1542 1658 37 207.58075148319048 137.54779169413314 117.7448912326961
562 1657 17 229.94006309148264 170.6372239747634 120.52681388012618
1772 1655 31 229.01240035429583 170.26926483613818 120.53410097431356
2001 1654 20 226.87528344671202 169.30385487528346 120.70521541950114
1058 1652 9 231.41975308641975 176.2716049382716 128.14814814814815
1618 1642 24 111.43882544861339 148.3442088091354 128.79445350734096
1245 1641 13 230.70558375634516 172.16751269035532 122.29949238578679
1120 1634 42 195.47577766445693 124.99082100968894 94.64762876083631
406 1634 43 228.78925035360677 169.2847713342763 118.93917963224894
1964 1629 17 192.596214511041 123.38485804416403 94.4416403785489
1827 1629 15 227.12252964426875 168.9090909090909 120.37154150197628
755 1626 34 206.9777247414479 136.8106603023071 117.12728719172634
618 1624 33 194.909307875895 123.91964996022276 94.13365155131265
1902 1607 41 226.06425293217748 148.26925038245793 106.07139214686386
1798 1606 15 226.99604743083003 150.0474308300395 108.44268774703556
1402 1606 24 189.55954323001632 113.80913539967374 104.90701468189233
873 1606 32 180.40389725420727 174.3569530558016 119.53675819309123
813 1605 18 207.2732095490716 137.49602122015915 117.82228116710874
951 1603 37 138.9802241265656 139.56229400131838 100.70995385629531
1756 1601 13 228.59898477157358 151.03553299492384 108.51776649746192
1280 1601 15 194.16996047430828 125.23715415019763 96.0
1583 1595 22 207.44612476370511 137.45557655954633 118.0945179584121
1033 1596 34 158.18138424821004 156.8695306284805 108.9466984884646
1351 1591 17 209.54889589905363 139.1135646687697 119.09779179810725
1678 1587 50 157.06770648706132 155.63452676355902 108.38284296348813
546 1587 38 229.09316394434364 149.27828191167575 105.84271022383545
1206 1586 46 231.7582551977171 152.6465552384835 107.4235629841011
2022 1585 48 190.4180296690757 121.05249144161279 92.32559908710536
1835 1582 15 227.5177865612648 169.38735177865613 121.04347826086956
1481 1581 51 188.69576807730758 112.90436521159614 104.01299566811063
1954 1580 9 226.74074074074073 171.91358024691357 125.29629629629629
350 1578 21 228.5765595463138 150.1758034026465 107.4820415879017
687 1575 41 228.48852626211118 148.30647628760838 105.53850076491587
463 1575 29 227.31853496115428 166.9622641509434 118.18534961154273
904 1563 15 140.6086956521739 140.43478260869566 102.67193675889327
860 1556 18 194.6127320954907 124.82228116710874 95.06631299734748
406 1550 23 192.1484502446982 122.27895595432301 93.64110929853182
613 1546 24 192.63295269168026 122.557911908646 93.72756933115824
1784 1545 41 193.30443651198368 123.31310555838859 93.54411014788374
1866 1543 19 192.84084880636604 122.92838196286472 93.87267904509284
955 1539 15 179.75494071146244 173.23320158102766 120.34782608695652
1385 1538 36 210.80619644034277 140.0883322346737 118.94396835860249
1305 1538 38 189.51300665456748 114.0744101633394 104.59709618874774
501 1539 13 229.37563451776649 171.61928934010152 122.73096446700507
1004 1537 23 158.20391517128874 156.4714518760196 108.63295269168026
1570 1536 31 193.98848538529674 123.25066430469442 93.90965456155891
1628 1533 16 158.21766561514195 156.26182965299685 109.92744479495268
782 1531 50 188.2293512938674 112.66572137539879 103.55476781283232
1248 1521 14 208.27918781725887 139.1725888324873 119.06091370558374
1094 1520 48 180.58273107645493 175.18562190947128 119.71586154431343
1938 1519 44 226.8151815181518 168.07024988213107 118.47524752475248
1162 1519 11 230.6979865771812 173.80536912751677 124.8255033557047
968 1516 10 228.57522123893804 172.80530973451326 124.5575221238938
1507 1510 18 230.24668435013263 170.45623342175065 120.62068965517241
713 1508 16 229.7570977917981 150.58675078864354 108.29968454258675
2062 1505 29 226.18201997780244 167.67813540510545 119.11320754716981
1206 1506 15 190.4901185770751 116.4189723320158 106.74703557312252
353 1503 39 193.04658197217182 122.61161524500909 93.56019358741682
2012 1502 18 225.3262599469496 148.15384615384616 106.47745358090185
552 1500 36 228.50889914304545 149.25774555042847 106.21423862887276
902 1497 44 230.3026874115983 169.9014615747289 119.45733144743046
1345 1495 12 209.1006711409396 140.03355704697987 119.81208053691275
1711 1495 34 177.15751789976133 171.53221957040574 119.03261734287987
839 1490 13 231.42639593908626 154.2690355329949 111.2233502538071
455 1484 49 193.14682388740968 122.24419931532903 93.23849372384937
1310 1476 17 188.65930599369085 115.68769716088327 105.92113564668769
1848 1472 45 228.60332022717344 150.09436435124508 106.38925294888598
1012 1471 41 194.23151453340134 123.77817440081591 93.73125956144824
641 1470 46 228.35833673053403 167.93599673868732 118.29025682837342
1629 1470 37 138.9861568885959 139.63810151615027 101.67963085036254
1771 1467 25 227.6854724964739 148.7898448519041 106.60084626234132
1446 1466 48 195.0038037276531 123.83872194750856 93.89425637124383
1245 1466 33 208.09944311853621 138.01670644391407 118.08671439936357
1367 1463 19 231.3395225464191 152.41379310344826 108.15649867374005
739 1460 21 206.23062381852552 137.19470699432893 117.882797731569
1169 1457 32 113.48184233835252 151.56333038086802 131.18334809565988
1552 1454 38 230.90502117362374 151.6569872958258 107.58197217180884
310 1451 19 225.83289124668434 147.9071618037135 106.27851458885941
1925 1450 15 227.05928853754938 149.75494071146244 107.15415019762845
580 1449 13 225.10659898477155 148.41116751269035 108.32994923857868
1093 1446 19 139.920424403183 140.52254641909815 101.55968169761273
854 1445 14 229.95939086294413 169.53807106598984 119.57868020304568
806 1444 28 207.71476137624862 138.0332963374029 118.02885682574917
2088 1442 31 189.1744906997343 120.37112488928256 93.17891939769709
950 1441 15 192.06324110671935 123.71541501976284 95.66798418972331
517 1440 18 227.79310344827584 167.50663129973475 118.79045092838196
1324 1436 17 195.0788643533123 125.3217665615142 95.70031545741324
1685 1430 26 138.4529485570891 139.25972396486824 101.47302383939774
385 1428 33 228.98090692124106 150.23548130469374 106.47255369928402
1738 1427 17 191.8832807570978 122.96214511041009 94.33753943217665
1996 1421 49 191.17535184480792 121.58273107645493 92.57740585774059
1126 1417 14 133.23857868020303 174.32487309644668 125.78172588832486
1063 1416 22 193.28544423440454 124.17202268431002 94.91493383742912
903 1417 24 231.50570962479608 152.7389885807504 108.03588907014682
1490 1415 7 229.57142857142856 175.83673469387753 131.0408163265306
693 1414 13 187.7664974619289 114.21827411167511 105.80710659898476
844 1412 10 229.2920353982301 171.7079646017699 123.58407079646018
1211 1412 20 188.53968253968253 114.6575963718821 105.09750566893425
1374 1404 35 232.80043699927168 153.92498179169704 108.2804078659869
1023 1402 12 229.80536912751677 153.93288590604027 111.71812080536913
1896 1396 38 227.24803387779795 149.13853599516034 106.00483968542045
966 1393 25 229.5049365303244 169.77291960507756 119.55148095909732
468 1391 38 228.35692679975804 168.6170598911071 119.21113127646704
1792 1382 48 227.15519208824648 167.67820464054773 118.20349942944085
568 1381 44 194.06883545497408 124.13437057991513 94.40358321546441
302 1380 46 227.9025682837342 168.20913167549938 118.82388911536894
752 1378 44 187.89674681753888 113.19189061763319 104.18670438472418
1271 1375 48 230.27158615443136 169.97223278813237 119.43172308862685
1095 1376 16 114.85173501577286 151.7665615141956 131.49211356466876
1439 1373 28 230.44950055493896 170.6270810210877 120.4550499445061
1524 1371 40 194.00446179587286 123.20803123257112 93.60624651422198
1710 1368 30 228.29534192269574 149.81367690782952 106.91674925668978
1622 1368 49 178.27196652719667 173.06618486116395 119.27995435526816
924 1367 14 196.7208121827411 126.81218274111674 97.1725888324873
1158 1362 41 131.11269760326365 172.58133605303416 124.55634880163183
2084 1358 43 226.60678925035361 148.4969354078265 106.32060348892033
404 1357 25 193.30606488011284 123.48660084626233 94.56840620592384
1942 1355 16 190.27129337539432 121.8391167192429 94.18927444794953
1404 1354 10 231.98230088495575 159.08849557522123 115.88495575221239
659 1354 40 206.54489682097045 137.47295036252092 117.74121583937536
849 1343 49 194.83567896538608 123.96576645112211 93.74515024724231
1361 1342 17 193.7981072555205 124.3217665615142 95.16403785488959
355 1333 12 228.14093959731542 170.14093959731542 121.87919463087248
1481 1330 9 196.04938271604937 130.3827160493827 101.65432098765432
1045 1328 49 231.70863446177253 153.7379231647014 108.26473944465576
520 1327 18 227.9442970822281 150.14058355437666 108.08753315649867
1570 1326 10 229.3008849557522 156.08849557522123 113.28318584070796
955 1326 29 193.84350721420645 124.13429522752497 94.4661487236404
457 1325 19 193.6233421750663 124.14323607427055 94.78249336870026
713 1319 14 207.81218274111674 139.47715736040607 119.37563451776649
1217 1319 14 114.57868020304568 151.85279187817258 131.75634517766497
1739 1318 17 191.98422712933754 123.36908517350157 94.59305993690852
1990 1315 39 225.63520871143376 166.12280701754386 117.75438596491229
1881 1306 44 192.17114568599717 122.37529467232437 93.38991041961339
1124 1305 13 116.12690355329948 153.994923857868 133.00507614213197
2052 1302 10 224.42477876106193 167.67256637168143 122.84070796460176
1794 1299 24 192.2137030995106 122.81239804241436 93.54812398042415
767 1298 33 191.79713603818615 122.52824184566428 93.41925218774861
1326 1298 31 195.76705048715678 125.3303808680248 94.75642161204605
1592 1290 24 158.51060358890703 156.89233278955956 109.5399673735726
1418 1290 48 229.58425256751616 169.26131608976797 118.97945987067327
1258 1290 25 196.86036671368123 126.99576868829337 95.69393511988716
1527 1288 34 193.39220365950678 123.10898965791567 93.51789976133652
1938 1286 12 225.31543624161074 167.04026845637583 120.1006711409396
2113 1285 20 131.08163265306123 170.2607709750567 124.73922902494331
402 1283 32 113.62976085031 151.4162976085031 131.28432240921168
1665 1282 42 138.67618561958184 139.58235594084653 101.05915349311576
664 1281 21 113.41020793950851 151.07372400756145 131.01134215500946
1106 1280 13 231.73096446700507 156.83756345177665 111.68527918781724
306 1273 49 129.89045264359072 169.92848992012173 123.45454545454545
584 1268 46 113.10517733387688 151.93273542600897 131.30697105584997
909 1261 39 231.18995765275258 153.06836055656385 107.96188747731398
1744 1260 24 178.08972267536706 172.55954323001632 119.34584013050572
483 1260 42 130.26007139214687 171.47169811320757 123.93574706782255
982 1256 26 228.42659974905897 168.81681304893348 118.96863237139272
1353 1254 13 228.492385786802 170.57360406091368 121.5228426395939
1174 1253 47 114.04688136975132 154.46188340807174 132.8389726865063
1822 1252 18 157.50663129973475 155.9071618037135 110.29442970822281
2196 1247 2 136.20000000000002 124.60000000000001 124.4
1038 1248 15 230.5810276679842 154.87747035573122 110.97233201581027
1236 1246 8 229.1111111111111 175.59259259259258 128.60493827160494
814 1235 37 228.16677653263017 168.22808174027685 118.47330257086354
1965 1232 33 113.8400954653938 151.04136833731107 131.27366746221162
2055 1229 48 112.90794979079499 149.47394446557627 130.24039558767592
1089 1227 29 194.1431742508324 125.4250832408435 95.2142064372919
709 1228 38 156.3738656987296 156.3805202661827 108.68481548699336
420 1226 16 115.05362776025237 152.18611987381703 132.17350157728706
373 1224 15 116.28458498023714 153.16600790513834 132.90513833992094
82 1223 3 150.6923076923077 145.6923076923077 145.84615384615387
647 1223 14 175.28426395939084 171.0 119.73096446700507
1299 1218 41 231.20856705762367 153.55226925038247 108.16012238653748
82 1218 2 148.0 145.0 147.4
1577 1217 42 229.32075471698116 169.36155022947477 119.47985721570628
1657 1212 15 178.19367588932806 172.76679841897231 120.1699604743083
1713 1212 22 130.29867674858224 170.28733459357278 124.15122873345936
1484 1209 38 231.0526315789474 152.8548094373866 107.97761645493044
768 1208 8 180.96296296296296 176.46913580246914 125.41975308641975
2310 1205 3 152.0769230769231 147.23076923076923 148.76923076923077
1781 1204 34 114.41447891805888 152.37708830548928 132.1591089896579
2310 1201 3 133.84615384615384 129.30769230769232 132.53846153846155
2124 1200 17 131.23028391167193 169.7539432176656 125.15141955835962
1876 1200 47 128.65063187933143 168.5071341214839 123.04321239298818
1387 1201 37 193.31443638760712 123.89848384970335 94.3394858272907
941 1196 22 192.71833648393195 123.85255198487712 94.06427221172022
879 1196 19 193.02387267904507 124.631299734748 94.9893899204244
1230 1190 19 156.07692307692307 156.6180371352785 109.28647214854111
462 1189 19 227.6074270557029 150.18302387267903 107.54111405835543
680 1186 11 226.00671140939596 153.6510067114094 112.52348993288591
1439 1185 8 231.14814814814812 160.88888888888889 118.0
606 1180 34 227.40652346857598 168.62450278440733 118.94272076372316
531 1181 36 193.1081081081081 124.0533948582729 94.24785761371126
1998 1180 18 128.9708222811671 166.89389920424404 123.55172413793103
1013 1180 44 192.17114568599717 123.46251768033946 93.65110796793965
389 1180 33 227.4192521877486 167.82816229116946 118.59268098647574
310 1175 38 191.27283726557775 122.51845130066546 93.82940108892923
1114 1170 19 208.39257294429706 141.26259946949602 120.24668435013263
1952 1168 21 112.74102079395085 148.88468809073726 130.06049149338375
1173 1164 32 130.05403011514616 172.4827280779451 124.80779450841453
774 1165 27 140.34755332496863 142.68130489335005 103.32120451693851
1529 1156 23 231.3768352365416 153.63621533442088 108.78955954323003
1311 1152 16 228.58990536277602 169.69716088328076 119.94006309148264
1750 1151 21 188.61058601134215 114.62948960302458 105.23629489603024
1811 1148 20 205.14285714285714 137.2517006802721 117.75510204081633
833 1148 22 230.67296786389414 153.9867674858223 108.67863894139887
717 1146 25 140.4033850493653 142.64174894217206 103.84203102961918
1666 1144 49 187.820844427539 113.3077215671358 104.34423735260556
669 1142 16 193.5520504731861 126.87381703470031 97.36908517350157
1584 1140 21 207.69943289224955 138.3913043478261 118.72400756143668
2012 1135 27 190.44291091593473 121.77917189460476 93.69259723964868
2093 1133 44 227.44695898161245 149.70532767562472 106.88448844884488
1078 1133 21 187.16824196597355 115.63137996219282 105.50661625708885
1855 1132 14 228.02538071065987 150.87817258883248 109.36040609137055
1362 1132 23 229.64600326264275 170.1109298531811 119.93964110929853
477 1131 28 191.157602663707 122.7369589345172 93.94894561598224
425 1128 11 228.60402684563758 154.55704697986576 111.99328859060402
635 1125 12 228.28187919463087 155.26174496644296 111.98657718120805
1453 1120 47 193.47085201793723 123.44313086017122 93.4035874439462
907 1120 49 230.7101559528338 154.11487257512363 108.00190186382655
1243 1119 41 140.8990311065783 143.52524222335543 103.31310555838859
1938 1115 28 190.04661487236405 121.10210876803552 93.21531631520533
288 1114 16 226.38485804416402 167.94321766561512 120.37223974763407
976 1113 16 225.8391167192429 167.50473186119874 118.71293375394322
1533 1108 16 193.4384858044164 125.14511041009463 95.83280757097792
1317 1106 15 159.2885375494071 158.798418972332 111.23320158102766
1132 1105 30 186.77700693756194 114.98315163528245 105.04757185332012
1977 1102 7 224.46938775510202 170.81632653061223 127.75510204081631
1798 1103 16 228.3627760252366 169.38170347003154 120.17350157728707
834 1100 10 226.5486725663717 169.90265486725664 122.41592920353982
566 1094 47 227.42274765593152 168.4239706481859 118.65348552792499
504 1093 10 227.87610619469027 154.80530973451326 112.12389380530973
367 1089 47 227.69221361598042 150.0489196901753 106.98328577252344
1735 1087 34 227.024661893397 166.37231503579952 117.56722354813047
2028 1087 15 223.70355731225294 164.75098814229247 117.91304347826086
442 1086 13 192.70558375634516 126.31979695431471 98.72081218274111
1180 1085 20 229.01814058956916 171.01814058956916 120.29478458049887
666 1085 34 226.8719172633254 150.4813046937152 107.36913285600637
1347 1077 12 181.0 176.95973154362414 122.14765100671141
2131 1073 15 189.99604743083003 122.82608695652173 96.26877470355731
772 1072 48 176.86078356789653 173.9965766451122 118.86724990490681
1661 1071 16 207.08201892744478 138.41324921135646 119.09463722397476
1873 1066 43 191.36680810938236 121.98491277699199 93.28854314002828
1589 1067 44 207.45874587458746 138.15558698727017 118.38330975954739
1041 1064 48 206.71586154431344 140.0604792696843 119.00418410041841
1504 1060 22 227.77126654064273 167.58790170132326 119.05293005671078
1804 1058 15 228.399209486166 151.197628458498 108.53754940711461
904 1053 11 231.46308724832215 159.11409395973155 115.80536912751677
854 1052 23 192.69168026101144 124.84176182707994 94.98042414355629
709 1047 11 225.95302013422818 153.7248322147651 112.13422818791946
1383 1046 33 140.7247414478918 142.9164677804296 103.82975338106604
957 1045 27 187.00250941028858 114.85445420326222 104.93851944792974
1294 1045 38 178.92075015124018 175.6515426497278 119.5880217785844
2077 1043 30 189.66501486620416 121.33994053518335 93.22893954410307
1132 1041 28 193.73584905660377 126.40732519422863 95.87680355160933
1963 1038 49 225.79345758843667 166.32902244199315 117.94864967668315
477 1037 41 229.25344212136667 152.1412544620092 107.69964303926568
1699 1036 23 191.49592169657424 122.95595432300163 94.26427406199022
543 1026 11 227.79194630872482 154.0201342281879 111.79194630872483
608 1022 17 227.60883280757096 151.88958990536278 108.72555205047318
404 1020 18 227.13527851458886 168.13262599469496 119.6604774535809
365 1019 9 230.18518518518516 156.5432098765432 114.74074074074073
1210 1017 44 228.64450730787365 152.77369165487977 107.90523338048091
319 1015 22 193.18714555765595 125.42911153119093 96.47826086956522
732 1007 19 157.23607427055703 157.9310344827586 110.13262599469495
1901 1005 11 226.29530201342283 169.53020134228188 122.30872483221476
669 1002 34 190.37231503579955 123.10421638822594 93.94351630867145
2029 1000 13 224.32487309644668 167.03553299492384 120.27918781725887
1454 1000 43 157.74540311173973 157.53701084394154 109.25884016973126
798 999 23 140.45350734094617 142.9151712887439 103.55138662316477
1098 996 10 227.24778761061947 156.10619469026548 114.40707964601769
1768 994 52 228.54348550483172 150.2975674775075 106.65578140619793
1339 993 24 141.3588907014682 143.77814029363785 103.9494290375204
2106 992 16 224.5646687697161 149.7539432176656 109.83280757097792
1546 992 30 114.57185332011893 153.71159563924678 132.81070366699703
1625 989 30 187.5222993062438 114.04856293359762 105.22299306243805
981 989 27 204.73149309912168 138.5457967377666 117.94479297365119
511 988 11 226.69127516778522 170.1208053691275 122.29530201342281
896 985 45 187.2083879423329 114.7907383136741 104.88204456094364
1863 984 30 191.17641228939544 121.89890981169475 93.36868186323092
1285 982 23 194.0652528548124 125.97389885807505 94.9184339314845
1043 979 31 227.87953941541187 169.31620903454385 119.15589016829053
1685 977 26 229.2358845671267 151.4930991217064 107.91217063989961
1390 976 15 178.99209486166006 174.8379446640316 120.95256916996047
571 976 28 192.2475027746948 124.60377358490567 95.46059933407325
2001 968 15 191.27272727272725 123.9486166007905 95.69169960474308
829 965 12 201.81879194630872 138.83221476510067 118.85234899328859
623 960 16 190.06309148264984 123.77287066246056 95.52365930599369
371 957 39 191.16938898971569 123.01633393829403 94.4301270417423
693 955 11 227.0939597315436 155.13422818791946 113.08053691275167
1321 954 14 228.82233502538068 171.56345177664974 121.3248730964467
1237 950 10 228.81415929203538 156.98230088495575 113.69911504424779
1196 947 12 227.6711409395973 171.63087248322148 122.1006711409396
954 947 18 229.3236074270557 154.0185676392573 108.84350132625994
1135 945 44 193.58415841584159 125.82649693540783 94.98491277699199
2054 943 41 224.86384497705254 166.19683834778175 118.11116777154514
751 943 41 155.45843957164712 156.7169811320755 108.03416624171342
1932 935 45 227.36915683704675 150.63040629095676 107.2957623416339
1007 935 17 194.6309148264984 126.9589905362776 96.67192429022082
1445 935 15 229.9683794466403 172.62055335968378 122.82608695652173
1584 931 33 130.60859188544154 172.33174224343676 124.90771678599842
1513 931 24 177.63295269168026 173.76508972267538 119.51223491027733
470 931 48 191.1555724610118 122.82426778242679 93.9543552681628
1650 927 23 206.71615008156607 138.2283849918434 118.50244698205547
1994 920 13 224.82741116751268 167.7258883248731 120.42639593908629
1779 921 11 193.11409395973155 127.2214765100671 98.85906040268456
902 915 21 203.91682419659736 138.41398865784498 118.35538752362949
840 915 34 205.1614956245028 138.80827366746223 118.2673031026253
1372 912 47 228.32286995515696 169.73501834488383 119.34977578475336
562 912 27 228.92095357590964 152.61229611041404 108.5495608531995
1280 911 39 193.49667271627345 125.4355716878403 94.86327888687237
1058 910 24 228.4241435562806 152.652528548124 108.15497553017946
401 907 13 226.25888324873094 151.26395939086294 108.78172588832487
1197 903 23 227.42088091353997 169.76182707993476 119.59869494290376
1831 903 43 226.66525223950967 167.44318717586043 118.54549740688354
1711 903 40 227.86614612381484 168.366982710541 118.95482431678751
646 897 47 226.01508357113738 166.94985731757032 117.8544639217285
349 897 17 226.17981072555204 167.54574132492112 119.58990536277602
1536 888 16 140.96529968454257 142.54889589905363 104.78864353312302
789 884 10 180.27433628318585 177.15929203539824 123.53982300884955
2063 879 14 223.1522842639594 165.05583756345177 118.47715736040608
1120 876 17 192.87066246056781 125.61198738170347 94.98107255520505
1474 874 39 192.9425287356322 124.51603145795524 94.41197822141561
966 872 48 191.6454925827311 123.88094332445797 93.89844047166223
513 868 16 192.6719242902208 125.8832807570978 97.17981072555204
1236 866 13 229.23857868020303 156.2741116751269 111.71573604060913
474 859 11 226.63087248322148 154.30872483221475 111.58389261744966
1779 857 23 190.48450244698208 122.2936378466558 94.07667210440457
740 856 34 139.77486077963405 142.97533810660303 103.35401750198886
1412 853 9 229.91358024691357 174.28395061728395 125.91358024691357
810 851 24 112.5742251223491 153.42740619902122 131.69494290375204
2003 848 49 188.19969570178776 120.24381894256372 92.23507036896159
1910 847 33 226.0071599045346 149.20047732696898 106.82895783611775
1626 847 47 112.21646962902568 150.9645332246229 130.5902975947819
878 843 33 187.68894192521878 116.02943516308672 105.81384248210024
1057 841 39 228.17483363581368 152.8669086509377 107.64307320024199
404 840 50 227.78837291740518 151.43424317617865 107.47146401985111
1389 838 15 229.28458498023713 153.97628458498022 109.76679841897233
1340 836 22 194.9867674858223 127.413988657845 97.02835538752363
1538 835 28 229.59600443951166 152.30965593784683 107.85016648168701
566 834 42 228.40183579806222 151.6858745537991 107.3559408465069
1170 832 48 227.80334728033475 170.48839863065805 119.57664511220997
696 826 15 228.8498023715415 153.7391304347826 109.45454545454545
1732 825 23 191.10114192495922 122.79119086460034 94.04078303425776
1688 826 11 230.0738255033557 156.70469798657717 114.26845637583892
1271 820 35 228.5185724690459 153.2301529497451 108.13401310997816
1110 817 9 227.29629629629628 158.3827160493827 115.46913580246913
1006 815 10 228.07079646017698 157.00884955752213 113.15929203539822
484 814 27 226.98117942283562 168.8293601003764 119.32120451693851
1770 813 12 227.03355704697987 170.10738255033556 122.56375838926174
1494 811 14 192.25888324873094 125.11675126903552 95.746192893401
1838 809 40 191.51199107640826 122.79419966536531 93.93586168432795
1432 807 27 229.84818067754077 152.9548306148055 107.6198243412798
1385 804 11 229.751677852349 157.80536912751677 113.93288590604027
1942 802 16 225.19242902208202 149.30914826498423 107.79179810725552
1568 803 10 228.23893805309734 172.57522123893804 125.3362831858407
636 796 35 224.79024034959943 166.09031318281137 117.51493080844865
885 791 13 184.37563451776649 115.30456852791878 105.8223350253807
820 791 31 128.87865367581932 172.30292294065546 124.58458813108946
759 790 24 175.12234910277326 173.0 118.79608482871126
942 789 23 191.2773246329527 124.89885807504079 95.28221859706363
444 781 12 226.75838926174495 153.69127516778522 110.47651006711409
710 778 18 192.51193633952255 125.61007957559681 96.19098143236074
1466 777 11 228.18791946308724 172.1208053691275 123.12751677852349
1234 776 11 228.59060402684563 157.65771812080536 113.61744966442953
1671 775 25 129.13963328631877 170.58533145275035 124.06064880112835
536 772 18 228.46153846153845 152.56233421750662 108.07427055702917
1909 771 21 188.3421550094518 121.33459357277883 93.26654064272212
1392 769 9 228.04938271604937 173.60493827160494 125.22222222222221
1335 768 36 227.34278180619643 169.29861568885957 119.05405405405405
1158 763 10 227.65486725663717 158.929203539823 115.87610619469027
1108 764 33 192.73269689737472 126.07159904534606 95.07716785998409
770 761 12 215.3288590604027 164.41610738255034 118.8993288590604
414 762 19 192.48806366047745 125.73740053050398 96.12732095490716
1523 761 36 227.15227422544493 168.22214897824654 118.47725774555042
1271 759 17 229.01261829652995 171.7223974763407 120.82649842271293
1606 759 30 129.02775024777006 170.79682854311199 124.33597621407334
1001 755 44 228.1848184818482 171.1103253182461 120.02121640735503
1970 751 37 224.86750164798943 166.85365853658536 118.21226104152933
677 749 10 226.76991150442478 172.7433628318584 125.42477876106194
587 747 21 190.7069943289225 123.8733459357278 95.09640831758034
1749 746 49 229.4366679345759 152.27120578166603 107.56751616584253
1820 744 12 225.6510067114094 168.59060402684563 121.97986577181207
1860 741 18 225.9283819628647 167.3395225464191 119.07692307692307
539 731 12 226.23489932885906 152.91946308724832 110.11409395973155
468 730 42 225.113717491076 166.95767465578788 117.86231514533402
803 728 17 129.5583596214511 172.3533123028391 124.65299684542586
1205 727 41 192.69709331973485 125.76287608363081 94.94543600203978
1135 726 8 227.85185185185185 176.71604938271605 129.2469135802469
1068 722 10 228.31858407079645 157.49557522123894 114.19469026548673
882 720 48 111.66945606694561 153.21985545834917 131.33662989729936
1435 716 48 191.16089767972613 123.20996576645112 93.46557626473945
1351 717 9 226.5432098765432 172.55555555555554 125.14814814814814
639 717 30 191.0753221010902 123.88701684836471 94.97224975222993
1504 707 13 226.5177664974619 168.70558375634516 120.25888324873095
952 706 13 116.23857868020303 157.37055837563452 135.0659898477157
1583 700 22 114.29111531190927 153.99054820415878 133.06994328922497
734 698 48 227.08482312666413 151.23240775960443 106.97641688855079
1286 691 38 229.5856019358742 153.99818511796735 108.23593466424683
1812 688 30 225.46878097125867 166.6798810703667 118.06442021803765
1658 688 44 113.12918434700613 153.05846298915606 132.05421970768506
1042 688 17 191.3596214511041 125.46687697160883 95.82334384858044
664 682 11 224.0939597315436 167.39597315436242 121.0469798657718
1541 681 12 191.0 126.81879194630872 99.69798657718121
1911 677 48 226.45834918219856 150.33967287942184 107.09661468238875
992 676 19 129.17241379310343 172.9549071618037 125.43766578249337
1363 672 22 192.30245746691872 125.52930056710775 95.5085066162571
625 669 13 227.2182741116751 153.65482233502536 110.30964467005076
1109 665 49 229.06390262457208 154.12057816660328 108.15138836059339
473 665 15 224.1581027667984 167.35573122529644 119.82213438735177
1177 662 13 227.81218274111674 171.8984771573604 121.40101522842639
811 663 30 226.86620416253717 168.29633300297323 118.39742319127849
1229 660 19 192.79840848806364 126.46419098143235 95.9814323607427
553 657 48 190.78927348801827 123.3039178394827 93.5895777862305
1741 651 36 225.659195781147 166.78378378378378 118.09360580092286
1500 651 27 190.95106649937264 123.34629861982434 94.0401505646173
939 649 33 129.62768496420048 174.3914081145585 125.36197295147177
882 638 23 193.11745513866234 125.91190864600327 96.2283849918434
726 624 8 225.85185185185185 173.07407407407408 127.81481481481481
1343 622 20 231.01814058956916 156.0408163265306 109.70748299319729
602 622 8 223.25925925925924 171.69135802469134 127.98765432098764
773 619 18 191.88063660477454 125.72944297082228 96.41644562334217
661 619 43 225.33899104196135 166.33521923620933 117.29372937293729
1409 617 39 226.51058681185725 168.491833030853 118.62008469449486
1579 617 48 129.9535945226322 172.94864967668315 125.19437048307341
1020 608 42 112.19989801121878 154.62621111677717 132.1891891891892
1897 606 16 225.2334384858044 150.9179810725552 108.98107255520505
1179 606 36 226.97297297297297 169.9288068556361 119.37969676994067
1682 599 42 191.78123406425294 123.68179500254973 94.1478837327894
1826 596 49 189.5283377710156 122.3385317611259 93.42601749714721
1278 593 44 192.92786421499292 125.8099952852428 95.01508722300801
527 592 13 226.4010152284264 153.73604060913704 111.42639593908629
823 582 39 226.3284936479129 167.90865093768906 118.06231094978827
1496 577 32 113.50575730735164 154.28343666961914 132.73339238263952
1354 571 25 226.5669957686883 151.47249647390692 107.3145275035261
582 568 36 227.90309822017136 152.4561634805537 107.83849703361898
1100 568 35 129.55426074289878 174.09613983976695 124.97669337217772
931 558 48 192.0410802586535 124.92734880182579 94.53442373526056
739 559 36 229.24060646011864 153.12986156888596 108.21555702043506
1751 557 25 190.0916784203103 123.05218617771509 95.05641748942172
1624 557 18 225.56763925729442 151.07957559681697 108.59416445623341
1204 554 14 225.3959390862944 169.48223350253807 120.53299492385786
992 555 11 226.45637583892616 172.19463087248323 124.76510067114094
1036 545 11 118.14765100671141 159.6510067114094 136.54362416107384
1542 542 15 130.56521739130434 172.49407114624503 125.16205533596838
1700 536 13 229.0710659898477 155.3959390862944 110.79187817258882
1167 535 21 113.72022684310019 156.25708884688092 133.3100189035917
1654 527 20 226.2766439909297 168.5328798185941 119.68027210884354
1245 524 14 114.76142131979695 155.6751269035533 133.5736040609137
1415 522 42 129.21264660887303 172.93931667516574 124.66037735849058
660 522 39 189.91712038717486 122.84029038112524 93.79915305505143
1058 517 18 131.44562334217505 176.24668435013263 126.36339522546419
1786 516 25 223.8787023977433 165.88716502115656 117.70662905500706
1000 515 19 227.9257294429708 152.86737400530504 109.11671087533156
804 511 20 192.7936507936508 125.99773242630386 96.12018140589569
1497 506 26 114.30112923462985 156.00376411543286 133.8306148055207
1589 500 41 229.14584395716471 153.580826109128 108.08465068842428
1124 490 31 114.02391496899912 157.19220549158547 134.08503100088575
873 486 33 192.10262529832937 124.85839299920445 95.29912490055689
1309 483 52 112.90303232255916 155.48450516494503 132.79706764411864
1715 479 48 224.97565614302016 166.94903004944845 118.42069227843287
1202 472 42 129.19785823559408 173.26211116777156 124.7990821009689
944 467 40 226.41773563859454 168.48466257668713 118.47406581148913
1527 465 16 225.20504731861197 168.01892744479494 119.71293375394322
802 466 16 226.38485804416402 168.61198738170347 119.57413249211356
728 462 48 225.2544693799924 166.2236591860023 117.22708254089008
1384 459 17 130.41955835962145 173.8769716088328 125.61514195583595
1054 451 40 191.05911879531513 124.06023424428334 94.18181818181819
1647 448 24 189.2088091353997 122.98694942903752 94.71125611745514
829 441 8 225.8395061728395 173.66666666666666 127.91358024691357
1472 428 49 190.26283758082923 122.86724990490681 93.5587675922404
1000 415 17 190.7223974763407 124.7602523659306 95.57097791798107
807 411 23 193.84176182707995 126.90701468189233 97.03915171288745
1316 409 17 225.56782334384857 168.42271293375393 119.58044164037854
953 406 10 224.41592920353983 168.91150442477877 122.47787610619469
1389 402 30 192.73439048562932 126.0822596630327 95.85431119920713
1128 400 52 226.96967677440853 169.12262579140287 118.86204598467178
1568 399 48 225.67440091289464 167.54089007227083 118.52301255230125
1649 394 16 225.38801261829653 152.2018927444795 110.21766561514195
1248 390 43 228.75058934464874 153.4931636020745 108.36869401225837
883 387 51 228.6854381872709 153.26291236254582 107.98867044318561
1053 381 17 229.36908517350156 154.78233438485805 109.98738170347004
978 351 42 225.73839877613463 167.61958184599695 118.31769505354411
1504 351 24 226.61011419249593 151.35073409461666 108.20391517128876
1433 340 35 228.34231609613985 153.64603058994902 108.32847778587036
1339 330 52 190.24391869376876 123.21626124625125 93.72942352549151
1258 330 11 227.4429530201342 157.0201342281879 114.80536912751677
1076 323 33 191.49482895783612 124.50994431185363 94.99124900556882
1184 313 37 227.54976928147659 169.69347396176664 119.68951878707975
1146 312 13 192.65482233502536 134.3197969543147 99.45177664974618
1133 312 16 180.8328075709779 121.18296529968454 91.8769716088328
1269 287 20 191.91609977324265 126.25170068027211 97.02267573696146
1203 106 2 142.20000000000002 140.6 139.4
