1243 2299 3 173.6153846153846 171.6923076923077 170.6923076923077
1174 2127 21 237.7296786389414 156.64272211720228 110.0132325141777
1039 2118 20 203.7074829931973 132.79138321995464 100.54875283446712
1106 2115 34 239.21957040572792 180.16626889419254 125.58949880668258
1242 2105 42 204.26976032636412 131.50484446710863 98.22641509433963
991 2104 16 203.05362776025237 133.24290220820188 101.72555205047318
1440 2100 28 236.31409544950057 154.2586015538291 108.98446170921198
1349 2091 48 239.81171548117155 180.5781666032712 125.86496766831495
869 2070 16 232.6782334384858 154.21135646687696 110.37223974763407
1168 2070 28 203.29633740288568 130.78801331853495 98.22419533851277
933 2066 41 237.7358490566038 178.15196328403877 124.05150433452322
1114 2059 13 237.32994923857865 179.20304568527916 126.48730964467003
1505 2058 37 203.9960448253131 131.251153592617 98.97758734344099
1581 2050 28 237.57269700332964 177.35183129855716 124.24195338512764
1422 2039 26 205.61480552070262 132.62484316185694 99.64115432873274
1283 2036 16 237.17981072555204 157.61829652996846 112.24290220820188
1043 2034 49 235.31685051350323 153.32559908710536 107.73640167364017
1317 2028 10 239.38053097345133 182.36283185840708 131.6637168141593
1221 2023 33 238.6197295147176 177.77565632458234 123.70723945902944
752 2015 13 236.5177664974619 178.10152284263958 126.43147208121826
970 2010 13 237.3451776649746 178.36548223350252 125.64974619289339
831 2008 49 201.8482312666413 129.45112209965768 97.30924305819704
1138 1995 41 203.45079041305456 130.15706272310047 97.47322794492607
1368 1990 41 237.94747577766447 176.95308516063236 123.6323304436512
1464 1985 31 237.5048715677591 153.7998228520815 108.39681133746679
1289 1982 28 237.19866814650388 154.05549389567148 108.38290788013319
921 1981 33 237.74383452665077 177.05648369132857 123.5051710421639
1655 1980 50 236.65650478553704 153.72137539879475 108.17582417582418
1550 1978 38 237.92135511191773 154.7846339987901 108.46944948578343
1201 1972 13 238.1928934010152 178.25888324873094 125.45177664974618
1238 1971 12 236.5704697986577 176.29530201342283 124.42281879194631
718 1962 41 236.93574706782255 177.01835798062214 123.47934727180011
998 1960 26 203.04767879548305 130.13299874529486 97.82434127979924
1066 1954 27 236.27352572145543 154.41656210790464 108.66248431618568
824 1935 12 235.3288590604027 154.84563758389262 110.98657718120805
1740 1922 42 204.209586945436 130.87047424783276 98.68842427332994
1312 1916 32 237.18334809565988 153.91674047829937 108.24534986713907
1511 1915 26 204.63864491844416 130.70765370138017 98.06273525721454
1058 1915 10 236.50442477876106 180.69911504424778 130.49557522123894
1437 1913 36 204.36980883322346 130.80817402768622 98.66974291364535
643 1913 34 200.97374701670645 129.01670644391407 97.39459029435163
874 1911 37 235.3441001977587 152.7587343441002 107.56097560975608
938 1909 16 237.09463722397476 155.0851735015773 110.74447949526814
1588 1908 36 237.94924192485166 176.31905075807512 123.20830586684244
1371 1907 19 204.78514588859414 130.9442970822281 98.52519893899203
784 1903 33 237.41607000795545 176.5107398568019 122.7096260938743
1226 1901 43 203.990099009901 130.59405940594058 97.84347006129184
1122 1899 47 238.72482674276395 177.3746432939258 123.04076640847941
1663 1896 25 202.8589562764457 129.9181946403385 98.3935119887165
579 1891 22 236.3780718336484 175.95274102079395 123.48771266540643
1822 1886 36 203.8180619644034 131.1713909030982 98.98154251812788
1001 1877 44 236.14002828854314 153.37812352663838 108.010843941537
1343 1869 14 236.6243654822335 154.5177664974619 109.95939086294415
1179 1858 11 237.81208053691276 179.31543624161074 128.06040268456377
1704 1857 14 235.65482233502536 154.243654822335 110.3502538071066
715 1856 37 235.6875411997363 153.85299934080422 108.21292023731047
917 1854 27 202.62860727728983 130.45922208281053 98.47678795483061
643 1849 20 201.85487528344672 129.859410430839 98.07482993197279
1499 1845 38 238.44404113732608 176.66727162734423 123.12522686025409
1295 1837 36 238.42847725774553 176.11535926170072 122.65392221489782
1577 1835 22 203.00567107750473 130.39886578449907 98.43100189035917
776 1835 14 238.01015228426394 157.03553299492384 110.46700507614213
839 1830 40 202.69436698271056 129.3792526491913 97.04406023424428
1224 1827 22 202.8563327032136 129.77693761814746 98.062381852552
521 1824 14 203.53807106598984 132.66497461928932 101.8477157360406
1757 1820 48 237.05173069608216 176.19513122860403 123.05249144161279
1062 1818 33 142.35719968178202 143.0397772474145 103.29355608591887
1397 1818 50 237.50868486352357 153.74158099964552 107.82275788727402
1652 1811 42 234.91993880673127 152.6991330953595 108.07190209077002
588 1811 39 234.49425287356323 152.74954627949185 107.49001814882034
1864 1809 37 235.13447593935396 153.13513513513513 108.00527356624917
1150 1794 38 184.95583787053843 178.92256503327286 121.01451905626135
986 1787 36 163.69479235332892 161.30982201713908 111.71456822676333
905 1785 29 184.74583795782465 178.21642619311876 121.24306326304107
763 1784 33 238.10898965791569 176.82895783611775 123.13206046141607
1931 1780 27 236.3914680050188 176.64868255959848 124.5483061480552
1702 1780 11 236.51006711409394 177.5503355704698 127.48322147651007
1091 1774 8 152.58024691358023 150.37037037037035 116.33333333333333
670 1772 49 201.3465195891974 128.456447318372 96.59109927729175
1395 1764 10 227.3008849557522 172.10619469026548 128.141592920354
591 1763 9 237.72839506172838 179.86419753086417 129.06172839506172
592 1761 9 238.0 180.0 129.0
1867 1761 9 236.0 179.9506172839506 131.14814814814815
1051 1760 19 164.74270557029178 162.16445623342173 112.03183023872678
1472 1758 36 203.2597231377719 129.9887936717205 97.71852340145023
1230 1755 36 144.92485168094922 145.15820698747527 105.46407382992749
506 1753 48 235.88779003423355 174.3191327500951 121.90528718143781
1818 1751 28 236.80133185349612 175.87347391786903 123.5072142064373
1568 1751 50 201.49769585253455 128.67032967032966 97.08011343495214
1319 1747 37 203.18457481872113 129.76928147659854 97.9314436387607
1644 1741 13 201.78172588832487 131.33502538071065 100.99492385786802
1393 1737 25 239.25105782792664 177.54442877291962 123.69816643159379
1761 1735 18 201.3660477453581 129.9522546419098 99.48806366047745
994 1734 11 237.79194630872482 179.04026845637583 128.06711409395973
1113 1731 22 186.75992438563327 180.69376181474482 122.68431001890359
1699 1724 35 237.00655498907503 176.48361252731246 123.58193736343773
836 1722 52 146.07497500833057 145.64578473842053 105.66111296234588
934 1719 31 185.53675819309123 178.95305580159433 121.66696191319753
1969 1716 31 199.90079716563332 128.56953055801594 98.0265721877768
1173 1710 25 147.8716502115656 147.787023977433 107.3540197461213
605 1704 29 236.1620421753607 154.11653718091011 108.40399556048835
1883 1701 35 200.52075746540424 128.47997086671523 97.50983248361253
733 1700 34 185.19649960222753 178.412092283214 121.36913285600637
436 1695 29 197.9023307436182 126.60044395116537 96.64261931187569
1628 1694 27 238.11292346298617 176.9987452948557 123.84065244667502
1494 1692 22 204.05482041587902 131.5179584120983 99.47258979206049
1054 1690 45 203.42332896461338 129.77195281782437 97.21887287024902
660 1683 26 144.21580928481805 143.78419071518192 104.52572145545795
1432 1682 26 237.04140526976158 154.46047678795483 109.34504391468005
1136 1676 27 238.5457967377666 177.1367628607277 123.18444165621078
977 1676 19 202.59681697612731 129.920424403183 98.37931034482759
550 1673 22 199.6880907372401 128.5765595463138 97.66162570888469
1353 1672 38 239.01209921355112 177.94192377495463 124.12825166364188
1244 1667 45 163.74180865006554 162.01223241590213 111.21712538226299
785 1658 20 163.78231292517006 161.2766439909297 111.90702947845806
1920 1655 14 202.16243654822333 131.71065989847716 100.88324873096445
1784 1655 49 234.91631799163181 153.26664130848232 108.4750855838722
1555 1653 38 235.83726557773747 153.59407138535997 108.66303690260133
835 1645 22 239.09262759924385 178.19281663516068 124.52173913043478
1178 1640 16 204.41324921135646 133.35015772870662 101.08832807570978
915 1639 42 237.15196328403877 154.0499745028047 108.13207547169812
1990 1636 49 235.41612780524915 176.07455306200077 123.85964244960061
1617 1634 15 205.98418972332016 135.3675889328063 102.7588932806324
697 1633 27 143.9435382685069 143.73776662484315 105.07528230865746
1685 1632 37 236.3915622940013 154.6203032300593 109.19578114700064
489 1632 43 236.5129655822725 174.9009900990099 122.25695426685526
1872 1631 26 233.4040150564617 152.84692597239646 108.32622333751567
995 1629 27 239.4328732747804 177.94604767879548 123.82685069008782
557 1626 10 235.69911504424778 159.30973451327432 116.75221238938053
1468 1624 35 202.6518572469046 129.80844865258558 97.97960670065551
1403 1621 16 202.13880126182966 130.52365930599368 99.30283911671924
1080 1620 14 237.0203045685279 156.10152284263958 110.85786802030456
402 1621 34 233.83532219570407 151.85918854415274 107.89817024661893
617 1619 43 161.76520509193776 159.6100895803866 110.44271570014145
1295 1618 14 143.8172588832487 143.84263959390861 105.71573604060913
1133 1599 31 236.9734278122232 154.73782108060232 108.77236492471214
1531 1596 20 238.6326530612245 177.7074829931973 124.37868480725623
1193 1595 12 135.76510067114094 178.26174496644296 127.88590604026845
953 1595 9 238.48148148148147 180.02469135802468 128.96296296296296
551 1592 18 143.09814323607426 142.68435013262598 104.89389920424402
674 1591 11 168.1476510067114 163.79194630872482 117.61073825503355
854 1590 20 202.53968253968256 129.92517006802723 98.140589569161
1343 1590 24 216.35073409461666 143.02120717781403 121.42088091353997
402 1584 9 220.58024691358023 161.59259259259258 127.50617283950616
1680 1582 11 238.0738255033557 179.7785234899329 129.03355704697987
1905 1580 33 234.86396181384248 174.42163882259348 122.80827366746222
1254 1578 31 134.5509300265722 178.22763507528788 126.91054030115147
777 1576 51 236.1752749083639 153.41186271242918 107.94968343885373
1826 1572 36 200.23335530652602 128.02636783124586 97.03559657218193
538 1572 8 227.23456790123456 177.02469135802468 131.9506172839506
1741 1571 35 201.1551347414421 128.91187181354698 97.50327749453751
1609 1568 48 237.74781285659947 176.27538988208445 123.2700646633701
2049 1564 25 196.5444287729196 125.84485190409026 96.55007052186177
974 1563 15 202.62055335968378 131.2569169960474 99.47035573122528
1047 1563 45 237.5915246832678 175.93446920052423 122.61205766710354
1495 1556 21 215.71455576559546 142.69565217391306 121.26086956521739
845 1555 10 237.47787610619469 178.06194690265485 127.38053097345133
908 1545 38 200.3726557773745 127.5989110707804 96.25529340592863
1116 1543 10 138.2566371681416 178.53982300884957 129.5575221238938
1414 1542 49 196.11182959300115 118.09547356409281 107.7869912514264
686 1541 34 201.05250596658712 128.25457438345268 96.91964996022276
493 1541 32 197.72984942426928 126.53764393268379 96.08325952170063
1687 1540 16 200.08201892744478 129.76340694006308 99.68454258675078
992 1534 10 237.99115044247787 179.30088495575222 128.1946902654867
402 1529 52 235.9026991002999 153.26824391869377 108.17260913028991
1319 1529 30 217.3250743310208 144.13379583746283 122.02775024777007
1265 1528 13 196.2233502538071 121.8477157360406 111.48223350253807
1981 1526 42 234.84446710861806 154.63742988271292 108.83273839877614
1180 1522 49 114.44009128946368 155.2236591860023 133.3297831875238
591 1516 49 182.67516165842525 176.3305439330544 120.65956637504755
1723 1516 16 233.92744479495266 173.96845425867508 123.70031545741324
1486 1515 13 196.82233502538068 120.5989847715736 110.46700507614213
1786 1511 26 200.267252195734 128.65495608531995 97.61104140526976
1913 1509 14 200.50761421319797 130.6497461928934 100.23857868020303
1856 1503 33 235.90373906125697 175.36754176610978 122.95544948289579
2062 1498 37 234.08239947264335 173.8417930125247 122.43177323665128
1543 1499 35 216.7254187909687 143.8397669337218 121.97815003641661
1103 1495 23 115.26427406199022 155.97553017944537 134.15497553017946
832 1495 34 237.50835322195707 155.36435958631662 109.26332537788386
335 1494 15 235.11067193675888 173.80632411067194 123.02766798418972
745 1493 30 199.95540138751238 127.38156590683845 96.45589692765114
1261 1491 16 201.62460567823342 129.76340694006308 98.64668769716089
524 1489 13 164.30964467005074 160.92893401015226 114.3705583756345
1674 1482 22 182.43100189035917 176.65973534971644 121.26465028355388
672 1477 20 199.75283446712018 128.47845804988663 97.75736961451247
1046 1475 23 133.95595432300163 177.18597063621533 126.58075040783035
1411 1474 12 205.36912751677852 134.2214765100671 102.63087248322148
1617 1473 29 164.63706992230854 162.28079911209767 112.63263041065483
897 1472 25 203.26657263751764 130.2101551480959 97.97179125528913
977 1472 39 237.22988505747128 155.63339382940111 109.36479128856625
472 1469 37 235.7508239947264 173.60118655240606 121.65326301911666
2005 1464 14 198.9746192893401 128.9238578680203 99.40101522842639
1475 1464 26 216.4203262233375 143.33375156838142 121.47678795483061
1277 1460 12 239.27516778523488 179.63087248322148 127.08053691275167
401 1459 14 197.0659898477157 126.83756345177665 98.0761421319797
1227 1457 19 237.9389920424403 156.3740053050398 110.22811671087533
1576 1456 8 142.07407407407408 178.2469135802469 132.16049382716048
1343 1456 39 237.73018753781005 155.637628554144 109.6291591046582
1805 1453 15 162.4901185770751 160.93675889328063 113.40316205533595
1154 1449 20 136.46485260770976 179.98866213151928 128.16326530612244
1933 1444 46 198.8108438646555 127.43253159396657 96.85609457806767
1734 1443 39 142.84392014519057 143.38535995160316 104.93163944343618
617 1439 24 143.278955954323 143.99510603588908 105.56280587275694
553 1434 31 142.29849424269264 142.7953941541187 104.76527900797166
2100 1431 23 200.6541598694943 128.98368678629691 98.721044045677
1845 1427 22 183.1852551984877 177.28733459357278 122.16635160680529
1197 1426 12 236.751677852349 157.51006711409394 112.81208053691275
1023 1425 14 136.25380710659897 178.32487309644668 127.26903553299492
343 1424 41 198.2151963284039 126.36359000509945 96.32789393166752
1662 1424 22 184.60680529300566 178.60113421550096 122.18714555765595
875 1422 17 236.85173501577287 155.61514195583595 110.34384858044163
794 1422 49 238.18904526435907 176.27881323697224 122.86230505895779
929 1420 25 237.6657263751763 176.24118476727784 122.9379407616361
1090 1417 41 134.254462009179 178.20754716981133 126.76185619581847
1544 1416 35 115.46613255644574 154.7174071376548 133.73270211216317
696 1416 37 237.04614370468028 175.42056690837177 122.80685563612391
1487 1414 15 195.74308300395256 119.0790513833992 109.28458498023714
1415 1413 38 238.3218390804598 176.1663641863279 122.84392014519057
421 1414 25 236.57404795486602 175.74894217207333 123.4527503526093
2032 1408 37 234.16479894528672 154.67699406723796 109.45286750164799
984 1407 21 237.25897920604916 175.81285444234405 122.62192816635161
471 1405 13 198.98477157360404 129.2690355329949 99.76142131979695
1606 1403 19 143.9602122015915 144.3925729442971 106.53315649867373
1320 1401 11 204.53691275167785 133.993288590604 103.11409395973155
1733 1400 14 195.45685279187816 155.26395939086294 112.10659898477157
1357 1398 11 237.751677852349 160.28859060402684 115.75167785234899
1793 1389 32 160.96988485385296 159.9185119574845 111.52612931798052
1248 1388 48 200.32864206922784 127.82883225561051 96.31342715861544
1733 1387 18 205.74535809018568 157.0 111.77453580901856
1163 1384 25 201.27080394922424 129.48236953455572 97.93653032440056
1924 1381 9 233.48148148148147 159.59259259259258 117.77777777777777
526 1379 23 236.3588907014682 155.19086460032628 109.721044045677
1867 1371 30 143.64816650148663 144.29831516352823 106.05649157581765
1447 1370 8 235.2469135802469 176.8395061728395 128.76543209876542
2035 1368 10 217.7079646017699 160.23008849557522 118.04424778761062
2104 1365 35 196.97960670065552 125.92571012381647 96.30735615440642
1580 1364 18 134.6366047745358 176.88859416445624 127.13262599469495
1036 1363 25 115.16925246826516 155.6361071932299 134.27785613540198
875 1362 37 201.17205009887934 128.59393539881344 96.96440342781806
606 1361 47 161.82266612311454 160.5548308194048 111.22747655931512
312 1357 19 199.73740053050398 128.73209549071618 98.49867374005305
746 1351 19 237.6100795755968 157.15384615384613 110.9681697612732
1967 1349 37 234.44957152274225 154.66381015161502 109.41858932102834
372 1349 27 235.6737766624843 154.2245922208281 109.02132998745294
1667 1344 48 236.5899581589958 155.3879802206162 109.48877900342336
1348 1344 33 237.76849642004774 155.84884645982498 109.51869530628481
1099 1344 24 115.21533442088092 156.00163132137033 134.13703099510604
2037 1342 24 235.66231647634586 175.76672104404568 123.92822185970637
966 1338 37 201.57284113381672 129.4475939353988 97.95978905735002
691 1336 25 235.9181946403385 174.66431593794076 122.475317348378
453 1335 48 199.67782426778243 127.53062000760745 96.57816660327121
1587 1333 12 234.38255033557047 174.98657718120805 124.41610738255034
538 1332 20 201.6235827664399 130.6530612244898 99.3061224489796
1752 1331 25 200.89985895627643 129.07334273624824 97.68829337094499
1818 1328 22 145.12854442344045 145.17391304347825 106.58790170132326
1224 1328 8 237.69135802469134 164.88888888888889 121.23456790123456
1505 1326 47 134.6742763962495 178.27231960864248 127.12759885854057
1413 1324 29 200.88568257491676 128.9467258601554 97.41065482796893
1022 1323 8 124.5432098765432 160.0 139.4320987654321
1299 1320 12 237.47651006711408 159.83892617449663 114.02013422818791
386 1315 11 235.04026845637583 173.8523489932886 124.41610738255034
1166 1313 41 237.7924528301887 176.85976542580318 123.0601733809281
734 1309 12 201.53020134228188 131.49664429530202 102.24161073825503
803 1309 41 237.36511983681797 156.82967873533912 109.84293727689955
1250 1294 32 237.63330380868027 176.11691762621788 122.7971656333038
643 1293 20 162.62585034013605 162.10884353741497 112.93877551020408
1796 1292 21 235.6710775047259 155.4725897920605 110.00189035916824
328 1291 41 234.7853136155023 173.3421723610403 121.81132075471699
1963 1290 14 201.1522842639594 131.37563451776649 101.36040609137055
2091 1288 41 233.62519122896484 172.8439571647119 122.03416624171342
1393 1287 10 237.30973451327432 180.42477876106196 130.67256637168143
515 1287 15 234.26086956521738 173.82213438735178 122.4584980237154
1645 1287 12 236.10738255033556 175.46979865771812 124.83221476510067
1884 1282 47 183.10884631064002 177.90786791683652 121.73175703220546
966 1276 14 201.2944162436548 130.86802030456852 99.73096446700507
576 1271 35 182.98907501820833 178.2585579024035 122.06117989803352
2010 1268 28 198.6503884572697 128.0033296337403 97.86681465038846
1061 1266 47 134.0211985324093 179.04565837749695 127.4097024052181
404 1265 24 235.13213703099512 154.61174551386623 109.7194127243067
1580 1264 39 201.54809437386572 128.98971566848155 97.37205081669693
1715 1263 42 236.65068842427334 175.34319224885263 122.77256501784804
897 1263 50 237.33853243530663 156.7366182204892 110.00638071605813
1206 1257 8 235.60493827160494 163.20987654320987 120.74074074074073
463 1251 26 198.45169385194478 127.21455457967377 96.44040150564616
1949 1250 16 145.9148264984227 145.46372239747635 108.28391167192429
1336 1249 48 237.09357170026627 155.88664891593763 109.52643590718905
1514 1248 19 117.15915119363395 158.24933687002653 136.03448275862067
992 1248 11 140.8993288590604 182.993288590604 132.3221476510067
1644 1244 14 199.58375634517765 128.9238578680203 98.94416243654821
1444 1244 41 116.52116267210607 158.87404385517593 136.28301886792454
710 1244 45 198.16950633464396 127.13149847094802 96.66011358671909
519 1244 13 144.20812182741116 144.7969543147208 107.29441624365481
1267 1239 9 199.50617283950615 133.5679012345679 105.06172839506172
2053 1237 10 232.64601769911505 157.50442477876106 115.12389380530973
1863 1236 11 200.06711409395973 160.64429530201343 116.01342281879194
813 1235 24 199.86133768352366 128.4437194127243 97.8026101141925
1144 1232 29 201.21975582685906 129.56825749167592 98.05327413984462
631 1233 21 184.78827977315692 179.99243856332703 123.07939508506617
1861 1230 11 187.29530201342283 148.91275167785236 107.64429530201342
1799 1224 37 197.7237969676994 126.62491760052734 96.60514172709294
772 1221 10 235.31858407079645 177.36283185840708 127.56637168141593
2132 1220 20 115.99546485260771 153.2607709750567 133.45804988662132
939 1218 10 235.0796460176991 175.97345132743362 125.58407079646018
854 1215 8 236.43209876543207 182.2222222222222 133.17283950617283
980 1210 18 116.33421750663129 158.19893899204243 135.49867374005305
317 1209 23 133.89233278955956 175.69004893964112 126.9820554649266
1906 1207 22 117.49338374291116 156.5671077504726 135.76370510396976
1593 1205 10 237.93805309734512 161.99115044247787 116.93805309734513
1220 1205 39 199.20689655172416 128.43254688445253 97.16999395039323
585 1204 25 116.02820874471085 157.71227080394922 135.42172073342735
1099 1197 22 235.45179584120984 175.0812854442344 122.65784499054821
1388 1194 20 136.0 179.546485260771 128.61678004535148
101 1193 2 166.20000000000002 164.8 163.8
1977 1192 36 116.5807514831905 156.56888595912986 135.2946605141727
1480 1185 15 135.81027667984188 178.55335968379444 128.92094861660078
1345 1184 12 204.46979865771812 136.33557046979865 105.85906040268456
405 1184 48 116.01787751996957 157.28185621909472 135.2814758463294
1036 1184 30 116.41427155599604 160.44796828543113 136.73439048562932
902 1183 24 199.02610114192498 128.87601957585645 98.04730831973899
508 1184 41 132.74961754207038 176.1789903110658 126.55940846506886
1861 1180 21 215.06427221172024 143.20793950850663 122.08128544423441
1165 1180 14 236.97461928934007 157.86294416243655 112.76142131979695
1545 1179 34 237.57995226730313 156.8552108194113 110.33094669848848
761 1178 13 235.59898477157358 158.02538071065987 113.60406091370558
1653 1177 49 236.95968048687715 175.25941422594144 122.6310384176493
223 1175 2 156.0 153.4 152.4
1297 1174 28 237.0066592674806 156.61820199778026 110.15094339622642
192 1171 3 124.92307692307693 116.76923076923077 117.53846153846155
1742 1171 31 236.81222320637733 156.28432240921168 110.52170062001773
2071 1168 47 132.501019160212 173.73053403995107 125.84141867101508
1435 1163 24 117.02610114192497 159.73083197389886 136.91353996737357
826 1163 41 237.01580826109128 176.94441611422744 123.55787863335034
725 1159 18 216.64190981432358 145.53315649867372 123.32360742705569
654 1159 42 195.01121876593575 119.45181030086691 108.93115757266702
206 1155 5 116.55172413793103 111.13793103448276 110.06896551724138
579 1153 18 216.13527851458886 145.83819628647214 123.6525198938992
206 1151 5 89.89655172413794 86.10344827586206 85.9655172413793
2243 1148 5 117.62068965517241 111.20689655172414 111.20689655172414
317 1146 31 134.0372010628875 176.8396811337467 127.22940655447299
1912 1146 29 215.42286348501665 143.68257491675917 122.28856825749168
2243 1144 5 90.44827586206897 85.41379310344827 85.86206896551724
214 1144 3 123.61538461538463 114.92307692307693 115.76923076923077
1075 1141 13 237.07614213197968 160.04060913705584 113.30964467005076
2002 1140 13 119.98984771573603 157.9238578680203 136.70558375634516
217 1140 3 125.0 115.6923076923077 116.61538461538463
963 1135 41 133.371239163692 178.93166751657319 127.49056603773586
891 1134 13 138.30456852791878 182.4010152284264 130.40609137055836
1966 1132 14 212.6243654822335 142.746192893401 121.79695431472081
1272 1131 10 201.1946902654867 135.69026548672565 105.29203539823008
1226 1130 25 201.4527503526093 131.2820874471086 98.73201692524682
514 1130 11 232.93959731543623 176.04697986577182 126.4496644295302
186 1128 2 153.20000000000002 149.8 149.4
1031 1127 16 134.77287066246058 180.19242902208202 128.02208201892745
2131 1126 13 138.69035532994923 177.7969543147208 130.45685279187816
1815 1126 42 195.26874043855176 118.9296277409485 109.07190209077002
1496 1125 31 236.87599645704162 175.43666961913198 122.74579273693534
1578 1122 25 199.23131170662904 127.57827926657264 97.06629055007052
2043 1115 14 230.83248730964465 174.3147208121827 124.30456852791878
1694 1113 12 201.9731543624161 132.43624161073825 103.19463087248322
1353 1112 45 133.88947138488422 178.9121887287025 127.32590650939275
1144 1113 51 237.1689436854382 157.7670776407864 110.25258247250916
460 1110 33 197.42402545743835 126.91964996022276 96.85600636435959
759 1109 29 194.79023307436182 119.58490566037736 108.91675915649279
1879 1104 15 195.12648221343872 119.19367588932805 109.67193675889327
1430 1105 21 134.81663516068053 178.52362948960302 127.89792060491494
1064 1102 16 198.29968454258673 130.86435331230282 99.75078864353311
1993 1102 26 233.4479297365119 172.53199498117942 121.66248431618568
565 1098 35 234.6016023306628 154.85287691187182 109.40422432629279
1275 1091 26 237.12797992471766 176.8419071518193 123.04391468005018
693 1091 28 213.6159822419534 143.83240843507215 121.85793562708102
308 1091 20 195.71428571428572 126.58956916099774 97.47392290249434
379 1087 38 233.50877192982458 172.10647307924987 120.88384754990926
627 1085 26 197.82559598494353 127.5633626097867 97.09159347553324
1745 1084 29 216.2930077691454 144.49722530521643 122.56603773584906
2093 1084 34 196.02307080350042 125.87271280827368 96.60222752585521
819 1077 26 215.6449184441656 145.46675031367627 122.63989962358845
1643 1075 37 237.10481212920234 156.26038233355305 109.75675675675674
505 1075 12 198.34228187919462 131.23489932885906 102.66442953020135
973 1069 16 116.3596214511041 159.65299684542586 136.28706624605678
1856 1068 16 217.1955835962145 146.47318611987382 123.9968454258675
1921 1063 39 198.37023593466427 127.00544464609801 96.70659407138537
2036 1062 17 197.34700315457414 128.25552050473186 98.56466876971608
897 1059 49 114.95283377710156 157.9246861924686 135.1365538227463
1206 1058 25 198.49929478138222 129.0818053596615 97.98307475317348
437 1058 17 233.5930599369085 172.99053627760253 121.93059936908517
536 1057 12 233.63758389261744 173.08053691275168 123.30872483221476
1465 1057 22 199.93005671077506 129.1890359168242 98.2249527410208
1406 1056 20 116.76870748299321 158.26530612244898 135.95691609977325
1098 1055 14 235.5431472081218 176.59390862944161 123.83756345177665
1802 1044 30 195.25668979187313 119.00693756194252 109.22398414271555
2122 1042 14 232.18274111675126 173.248730964467 123.76649746192892
1036 1041 38 237.36358136721114 158.95220810647308 110.99758015728979
1546 1041 48 199.02738683910232 127.5321414986687 96.68200836820084
762 1038 34 192.44868735083534 118.63723150357995 108.29355608591887
323 1037 23 235.163132137031 155.44045676998368 110.43393148450245
1260 1036 17 235.17981072555204 156.70662460567823 111.15457413249212
1859 1033 21 234.1852551984877 172.99810964083176 121.99243856332704
579 1028 29 198.3418423973363 128.06104328523864 97.68257491675917
1990 1026 25 234.11565585331454 155.00141043723553 109.89562764456981
1149 1025 34 235.0079554494829 174.79872712808273 121.7263325377884
1629 1019 22 235.703213610586 174.14933837429112 122.34971644612477
1429 1016 13 236.84263959390861 160.4263959390863 116.18274111675126
1336 1012 50 115.51719248493443 159.66678482807515 136.18326834455866
668 1011 48 235.09547356409283 175.15785469760365 122.29593001141119
821 1007 29 132.2142064372919 177.3795782463929 126.7258601553829
960 1005 26 198.3048933500627 129.21329987452947 98.21580928481806
1719 1002 49 216.38950171167744 144.6002282236592 122.40471662228985
1032 1001 11 219.12751677852347 160.6979865771812 116.12751677852349
2062 1001 49 232.34804108025867 172.03347280334728 121.4218333967288
1473 1000 27 235.37264742785445 173.8858218318695 121.93224592220827
912 1000 12 232.2281879194631 176.36912751677852 126.18791946308724
495 998 50 235.1924849344204 155.37362637362637 109.51754696915987
1088 997 19 198.9310344827586 130.58885941644562 99.41379310344827
374 994 44 197.83404054691184 127.12541254125412 97.03158887317304
872 990 13 134.86294416243655 179.77664974619287 128.77664974619287
1786 986 17 199.63406940063092 129.83596214511041 99.79179810725552
739 985 11 199.8523489932886 134.4228187919463 104.99328859060402
1224 979 40 198.58114891243727 129.15672058003346 97.54433909648634
1592 976 19 198.76923076923075 127.9920424403183 98.01591511936338
1166 972 9 235.93827160493825 179.9506172839506 129.60493827160494
1842 970 26 234.72647427854452 155.2509410288582 110.30112923462985
1411 967 29 117.21642619311876 160.21309655937847 137.35405105438403
574 963 30 233.35084241823589 172.74826560951436 121.21209117938552
2005 961 13 233.243654822335 174.66497461928932 124.7715736040609
1932 961 50 234.09181141439205 154.68947181850407 109.4037575327898
777 955 27 145.31994981179423 148.23839397741529 107.44040150564616
1290 953 22 236.1852551984877 176.5179584120983 123.01701323251419
1543 953 29 236.0299667036626 155.65593784683685 109.89678135405106
1026 949 49 234.82008368200837 174.74705211106885 121.59071890452644
737 950 13 233.25888324873094 158.86294416243655 113.68020304568527
855 947 27 161.28230865746548 162.60351317440401 111.8431618569636
937 945 27 236.08155583437892 158.099121706399 110.94730238393977
1119 943 30 237.1248761149653 158.92765113974232 111.23092170465807
339 942 13 232.10152284263958 172.60913705583755 123.1218274111675
438 941 23 234.0179445350734 173.59380097879284 122.07340946166396
1650 938 33 195.0771678599841 118.9474940334129 108.94908512330947
480 934 8 235.74074074074073 166.35802469135803 124.77777777777777
1482 934 21 133.5179584120983 177.76370510396976 127.26654064272212
624 933 19 198.0026525198939 128.9310344827586 98.19098143236074
1221 927 11 232.84563758389262 175.70469798657717 125.19463087248322
753 925 12 230.27516778523488 174.30872483221475 124.31543624161074
1712 925 21 193.99243856332703 118.06427221172024 108.21739130434783
1349 922 30 132.8354806739346 178.19326065411298 127.33696729435084
1779 921 41 234.5532891381948 173.45996940336565 121.76899541050486
1590 916 21 216.890359168242 145.55198487712667 123.31568998109641
1860 913 25 198.7771509167842 128.12552891396334 97.7574047954866
2074 911 23 197.32300163132138 128.31810766721046 98.13376835236542
1174 907 26 198.3801756587202 129.75282308657464 98.24215809284817
689 907 38 198.8203266787659 128.88263762855416 97.71869328493649
572 905 11 235.5704697986577 159.5704697986577 114.42953020134227
962 898 22 235.42533081285444 175.15500945179585 121.71455576559546
901 894 23 198.66394779771616 129.46492659053834 97.96411092985319
384 892 37 233.8279499011206 154.54911008569545 109.86552406064601
507 891 39 196.65759225650334 126.59407138535997 96.37265577737448
2002 888 39 198.10163339382942 127.86630369026014 97.23956442831216
1918 888 12 199.4496644295302 131.53020134228188 102.06711409395973
1679 889 12 117.08053691275167 154.93959731543623 134.40268456375838
1424 888 39 133.82637628554144 178.96793708408956 127.89534180278282
444 885 16 199.02208201892745 130.28706624605678 100.6340694006309
1267 882 46 234.74643293925806 174.98002445984508 121.66245413779046
1718 879 15 236.32411067193675 158.30434782608694 112.91699604743083
1087 869 40 198.7228109313999 129.34690462911323 97.47518126045733
809 868 48 182.37428680106504 179.82426778242677 121.01787751996957
2063 866 16 232.82965299684543 173.70347003154575 123.54258675078864
611 863 42 219.42172361040286 146.34421213666496 106.05252422233555
612 861 42 219.0 146.0 106.0
1521 861 49 114.85621909471283 156.70597185241536 134.50779764168885
1010 858 26 198.870765370138 130.11417816813048 98.25094102885821
1348 857 25 197.21156558533144 128.42736248236955 97.3244005641749
1619 854 40 132.91299498047965 176.56664807585054 126.75962074735082
880 852 11 199.31543624161074 134.18120805369128 104.61744966442953
673 851 7 237.38775510204079 169.46938775510202 126.20408163265306
1209 850 10 234.2920353982301 178.39823008849558 126.99115044247787
1839 849 37 233.52142386288725 172.35003295978905 120.94199077125906
1683 850 13 181.65989847715736 176.68527918781726 122.62436548223349
1166 847 27 235.14429109159346 157.0677540777917 109.73525721455457
736 846 24 235.35236541598695 157.13703099510604 110.10603588907016
1915 839 29 197.3418423973363 127.87680355160933 97.75471698113208
383 839 12 235.4429530201342 177.13422818791946 125.63087248322148
1310 836 10 234.8230088495575 178.1946902654867 127.61946902654867
943 834 37 234.6466710613052 174.9736321687541 121.8642056690837
1973 827 17 233.13880126182966 155.97476340694007 111.54889589905362
1396 828 17 197.74763406940062 129.51104100946372 98.99053627760252
1992 826 6 214.30612244897958 173.0408163265306 142.0204081632653
2019 823 24 234.00489396411095 174.66394779771616 123.54812398042415
525 823 20 197.07256235827666 128.23809523809524 98.17913832199547
1748 819 44 199.04620462046205 128.25412541254124 97.46581801037246
449 816 49 233.23468999619627 172.9231647014074 121.08216051730696
1002 812 9 231.8395061728395 160.41975308641975 117.53086419753086
760 812 9 230.33333333333331 174.96296296296296 127.07407407407406
1665 806 17 145.4006309148265 146.89274447949526 108.50788643533123
1281 804 11 198.37583892617448 132.48322147651007 102.5503355704698
863 805 24 143.0489396411093 146.71125611745515 106.49429037520392
1564 800 15 146.58498023715413 148.33201581027666 109.6403162055336
1140 794 26 233.9560853199498 174.49811794228356 121.64366373902132
1530 792 12 199.16778523489933 130.8993288590604 101.57046979865771
907 788 12 233.1006711409396 175.08724832214764 123.88590604026845
581 786 31 235.31886625332154 156.65899025686448 110.02302922940656
1456 785 48 234.51084062381133 173.56333206542413 121.0570559147965
671 785 48 197.39026245720808 127.53898820844428 96.79573982502853
1886 784 26 234.9134253450439 155.89460476787954 109.63989962358845
1220 781 41 236.19683834778175 158.6858745537991 110.55583885772566
799 779 29 144.46059933407327 147.53496115427302 106.37735849056604
1347 778 42 236.51963284038757 158.06425293217748 110.26619071902091
767 776 12 193.47651006711408 156.40939597315435 112.20134228187919
753 774 17 212.29337539432177 160.7097791798107 113.48580441640378
1283 774 12 233.30872483221475 175.50335570469798 125.26174496644295
1055 772 49 235.54811715481173 157.91327500950933 110.28565994674781
1621 772 33 160.59824980111378 160.28719172633254 111.07478122513922
981 772 11 200.7986577181208 135.7986577181208 105.36912751677852
1692 770 24 234.17292006525287 173.605220228385 122.2446982055465
519 771 18 235.01591511936337 156.84615384615384 110.46949602122015
1819 768 26 233.98996235884564 154.5470514429109 109.65621079046423
1959 762 41 233.835288118307 155.71647118816932 110.33401325854156
1164 755 12 235.34228187919462 178.1275167785235 125.87919463087248
937 749 23 182.35562805872758 180.61663947797717 121.10603588907016
1552 747 25 181.17348377997178 177.57404795486602 121.57122708039492
544 746 17 232.37854889589906 172.1608832807571 120.91798107255521
435 746 11 233.38255033557047 177.06711409395973 127.69798657718121
1398 745 12 234.69127516778522 175.9731543624161 124.52348993288591
865 728 39 162.17543859649123 163.48457350272233 111.88142770719904
1245 728 8 235.09876543209876 164.12345679012344 120.92592592592592
1360 721 8 199.19753086419752 135.14814814814815 107.1111111111111
1760 718 38 197.5868118572293 127.94434361766486 97.59588626739263
673 717 10 231.42477876106193 175.61061946902655 128.08849557522123
1118 716 29 198.24639289678134 129.7846836847947 98.10210876803552
608 716 42 233.91534931157574 173.83018867924528 121.42325344212138
990 713 18 142.50132625994695 146.315649867374 106.40848806366047
1874 712 47 233.00448430493273 173.124745209947 121.66286180187525
1666 712 19 196.9602122015915 128.0026525198939 98.40318302387267
709 711 20 198.0589569160998 130.16780045351473 99.6734693877551
483 711 35 195.02767662053898 126.69555717407138 96.95702840495267
775 706 36 197.85365853658536 128.85761371127225 97.61239288068556
1443 701 17 197.4353312302839 128.62460567823342 98.29022082018928
1597 698 26 144.4341279799247 146.62233375156836 107.27478042659975
1195 698 33 196.72871917263328 128.68496420047734 97.18058870326173
540 698 12 194.64429530201343 128.63087248322148 100.58389261744966
1958 696 17 233.36593059936908 156.26182965299685 112.3186119873817
1708 695 16 233.3627760252366 173.2744479495268 122.31230283911671
862 689 17 183.52681388012618 157.82018927444796 110.22082018927445
1294 687 48 199.81171548117155 130.2845188284519 98.06238113351084
1508 687 35 142.67662053896578 145.517115804807 105.74654042243263
1392 686 26 235.1267252195734 157.2358845671267 110.57214554579673
1052 684 28 182.20421753607104 180.52941176470588 121.61487236403995
935 680 34 144.75178997613367 148.67621320604616 107.25855210819412
1807 671 22 232.1984877126654 172.20793950850663 121.32136105860114
1656 654 39 234.20689655172416 173.65819721718088 121.68118572292802
680 652 32 236.06023029229408 158.06820194862712 110.95305580159433
1569 653 20 181.95691609977325 178.60997732426304 121.75736961451247
582 652 10 234.9646017699115 161.73451327433628 118.03539823008849
529 651 26 197.099121706399 128.97616060225846 98.52070263488079
737 650 20 196.11337868480726 127.80045351473923 98.06802721088435
806 641 8 238.2222222222222 180.39506172839506 139.22222222222223
789 642 17 234.06309148264984 156.8832807570978 110.50473186119874
1913 640 15 197.4308300395257 129.8814229249012 101.13833992094861
860 641 49 234.45378470901485 174.09547356409283 121.11259033853176
1223 638 26 181.76662484316185 180.38770388958594 121.06273525721454
1749 636 34 235.24184566428005 156.91089896579157 110.34287987271281
995 637 26 181.75031367628605 180.7452948557089 121.34002509410287
1130 629 48 161.10764549258275 163.23430962343096 110.77710155952835
1356 625 26 158.87703889585947 160.74027603513173 110.74027603513174
1525 624 19 161.42440318302386 162.3103448275862 112.92042440318302
1045 624 18 143.88063660477454 147.9708222811671 106.74270557029178
1442 620 49 182.0038037276531 179.58082921262837 121.27957398250285
540 613 10 232.13274336283186 176.07079646017698 127.7433628318584
1856 612 36 196.76334871456822 128.049439683586 98.0758075148319
940 609 26 196.7151819322459 129.17691342534502 98.24717691342533
1572 606 15 200.44268774703556 132.61660079051381 101.26482213438734
1798 600 15 195.07114624505928 127.47035573122528 98.95652173913042
1617 596 16 235.0347003154574 158.32807570977917 112.52365930599369
1699 593 12 199.81208053691276 131.80536912751677 101.93288590604027
611 590 49 235.64891593761888 158.17421072651197 111.10878661087867
691 583 24 199.8825448613377 130.6541598694943 99.38009787928222
1075 580 19 234.3315649867374 157.10610079575596 110.05570291777188
1280 579 40 142.90184049079755 147.03457891801452 105.89905186837703
1516 576 16 235.40063091482648 158.22712933753942 112.25236593059937
1199 575 28 144.03995560488346 148.19644839067703 106.8801331853496
777 575 43 236.41159830268742 158.16454502593118 110.78406412069778
1378 566 25 161.15232722143864 162.81100141043723 111.67842031029619
840 567 12 198.1006711409396 132.08053691275168 101.93959731543625
1827 563 17 233.45425867507885 174.88643533123027 123.21135646687696
1157 564 12 196.90604026845637 132.37583892617448 101.80536912751677
1000 563 39 196.93103448275863 128.63278886872354 97.28977616454931
1660 563 29 196.669256381798 127.43396226415095 97.2031076581576
1116 557 21 233.92060491493385 174.8374291115312 122.03780718336485
942 556 13 232.09644670050758 157.22842639593907 111.497461928934
1063 554 8 232.8395061728395 177.76543209876542 130.4320987654321
895 550 23 235.63132137030996 157.6867862969005 111.01468189233279
1240 546 15 230.3399209486166 173.03557312252963 121.50988142292489
1339 544 17 233.42271293375393 174.25867507886434 122.09779179810725
1748 543 48 198.22936477748195 128.62951692658805 97.87143400532523
1284 538 14 170.53299492385784 147.15736040609136 106.15736040609136
1578 533 48 235.74933434766072 157.6770635222518 110.50247242297452
1462 526 39 199.46521476104056 130.2280701754386 98.45795523290987
732 519 23 233.35073409461666 172.87438825448615 121.21533442088092
663 519 32 198.28520814880426 128.93356953055803 98.19220549158548
943 516 28 233.64705882352942 173.3906770255272 120.82241953385127
833 516 30 198.78196233894946 129.31219028741327 97.86620416253716
784 510 11 236.2214765100671 161.8993288590604 116.76510067114094
1175 502 41 199.32024477307496 130.46047934727181 98.1942886282509
991 496 16 198.4794952681388 131.80757097791798 101.23028391167192
1389 495 33 234.91885441527447 157.65314240254574 110.65393794749404
894 492 17 236.53627760252365 159.1167192429022 111.36908517350157
1287 488 49 233.5850133130468 173.81247622670216 120.98060098896919
1070 488 49 233.4826930391784 173.72879421833397 121.20578166603272
1666 485 42 233.0739418663947 172.8714941356451 121.56858745537991
1734 482 16 231.49842271293375 171.73501577287067 122.25867507886434
1523 470 22 197.54820415879018 128.72400756143668 98.66918714555766
1486 469 8 235.5432098765432 165.91358024691357 121.60493827160494
710 464 19 197.71883289124668 130.43501326259945 99.9549071618037
936 462 12 235.1744966442953 161.39597315436242 116.0738255033557
1444 462 23 234.02936378466558 174.64110929853183 122.18923327895595
1391 459 10 217.78761061946904 161.30973451327432 116.50442477876106
1225 459 10 235.8495575221239 162.84070796460176 117.4424778761062
784 457 40 234.48968209704407 174.35025097601786 121.63078639152259
1588 447 28 233.3829078801332 156.14872364039957 110.5937846836848
1356 444 14 235.5685279187817 159.58375634517765 113.14213197969542
1370 442 9 210.19753086419752 150.2222222222222 107.66666666666666
1393 437 21 232.35727788279775 172.94706994328922 120.97353497164461
1481 434 12 200.04026845637583 133.55704697986576 102.496644295302
1143 434 23 235.08972267536706 157.73083197389886 111.48123980424144
984 424 40 235.83937534857782 158.35917456776355 110.91076408254322
876 417 48 197.39406618486117 128.82959300114112 97.55572461011792
1210 417 29 199.0754716981132 130.14095449500556 98.47835738068812
1088 415 17 233.5520504731861 173.33753943217664 121.37854889589904
1049 414 13 235.14213197969542 159.25888324873094 113.34010152284263
1626 413 17 197.32176656151418 129.98107255520503 100.25552050473186
1529 405 37 231.4462755438365 171.07646671061303 120.21687541199735
1274 405 17 235.52365930599368 158.7223974763407 112.01577287066246
1335 387 38 235.63036902601334 157.50090744101635 110.5783424077435
1433 367 48 198.0768352985926 129.16013693419552 97.87675922403956
958 362 25 231.92947813822283 171.54019746121298 120.49083215796897
1039 353 39 196.5057471264368 128.01875378100425 97.1264367816092
1144 353 47 236.40644109253975 158.4378312270689 110.87158581328985
1256 347 41 233.46302906680268 173.10402855685876 121.15553289138195
1366 338 21 233.2117202268431 172.95841209829868 121.24196597353497
1323 321 13 235.42639593908626 159.86802030456852 113.68527918781724
1200 317 14 232.2893401015228 171.83248730964465 121.51776649746192
