1204 2292 6 129.77551020408163 125.85714285714285 124.73469387755101
1206 2143 16 135.02208201892745 135.56782334384857 101.89905362776025
1316 2122 20 154.24489795918367 150.5328798185941 110.24263038548753
1158 2105 35 187.30881281864532 176.82957028404954 118.81427530954116
1078 2106 36 153.94924192485166 150.7883981542518 109.25313117996043
918 2094 14 152.75126903553297 148.93401015228426 108.68020304568527
1253 2093 42 134.26415094339623 135.24732279449262 99.31208567057624
1463 2088 30 133.59266600594648 134.4449950445986 99.49653121902874
986 2076 50 133.31123714994683 134.56859269762495 98.46685572492024
1378 2074 50 154.948245303084 150.91456930166606 109.49627791563276
1116 2065 14 186.25888324873094 175.89340101522842 119.39086294416242
1530 2058 37 186.61898483849703 176.13249835201054 118.97758734344099
1605 2051 26 186.17440401505644 175.2659974905897 118.55332496863237
1197 2047 15 153.82608695652172 149.63636363636363 109.65612648221344
872 2047 45 184.55264307557886 174.15421581476627 117.00393184796854
1153 2036 18 154.45092838196285 150.70291777188328 109.81697612732096
1301 2031 31 185.30292294065546 174.70150575730736 117.53587245349867
1071 2029 36 185.63612392880685 175.28411338167433 117.46605141727092
790 2027 27 151.67252195734002 148.55332496863235 108.0840652446675
1452 2008 44 186.69024045261668 175.72088637435172 118.38613861386139
1664 2003 33 152.45425616547337 148.60938743038983 108.90373906125697
1520 1993 13 155.6700507614213 150.5431472081218 111.87817258883248
1017 1989 20 134.59637188208617 135.1950113378685 100.08390022675738
953 1988 35 151.76693372177715 148.33430444282592 107.77858703568828
1369 1987 33 135.60700079554496 135.67143993635642 100.79395385839301
1230 1983 46 185.92213615980432 175.19241744802284 117.93640440277211
1139 1979 34 135.56165473349245 136.15672235481304 100.64916467780431
1581 1975 43 135.25836869401226 135.6973125884017 100.47477604903348
1307 1970 18 136.9283819628647 136.6233421750663 101.79840848806366
816 1968 35 186.44865258557903 175.42898761835397 117.29715950473417
722 1966 47 183.59967386873217 173.12148389726866 116.28944150020384
1081 1961 19 152.83023872679044 149.82758620689654 109.76392572944296
890 1955 29 134.78246392896781 135.2397336293008 99.74250832408435
1645 1954 12 187.3020134228188 175.5234899328859 120.3489932885906
1367 1950 11 166.20805369127515 158.68456375838926 112.66442953020135
1003 1945 14 154.23857868020303 150.09137055837562 109.74111675126903
1723 1945 43 135.35643564356437 135.5888731730316 99.96086751532296
1428 1935 23 186.96900489396413 175.46003262642742 119.10440456769985
1180 1933 13 186.46192893401013 175.58883248730965 119.53299492385786
1497 1932 33 135.74065234685762 136.0763723150358 100.54733492442324
1367 1928 23 183.30016313213704 172.7047308319739 116.31647634584013
1048 1919 30 183.74529236868187 173.29236868186322 116.96828543111992
647 1914 37 131.4152933421226 132.22412656558996 96.69545154911008
955 1904 41 134.48546659867415 134.8628250892402 98.90056093829679
781 1902 28 153.25638179800222 149.38956714761377 108.30299667036626
1558 1900 25 152.67277856135402 148.83779971791256 108.94499294781382
1297 1899 41 154.12952575216727 150.07292197858237 109.01682814890363
1130 1891 41 153.48189699133096 149.7353391126976 108.65017848036716
730 1891 13 154.38071065989845 149.5482233502538 110.48730964467005
1214 1889 31 135.78122232063774 136.60496014171835 101.07528786536759
1786 1885 42 184.06476287608365 173.1876593574707 117.40540540540542
1636 1884 49 184.56865728413845 173.68733358691517 117.55686572841385
578 1879 30 132.400396432111 132.6382556987116 97.66798810703666
1013 1875 13 184.00507614213197 172.95431472081216 118.43654822335024
695 1870 16 153.00315457413248 148.34384858044163 109.14826498422713
1492 1867 25 136.24400564174894 136.30465444287728 101.10296191819464
860 1867 49 153.05249144161277 149.05096995055155 108.30277672118676
1857 1861 23 133.27079934747147 133.59216965742252 99.23817292006525
1336 1852 14 138.07614213197968 137.90862944162436 103.88324873096445
1716 1850 27 135.9849435382685 136.35759096612296 101.6060225846926
1406 1849 49 153.77443895017117 149.89197413465197 109.38988208444276
987 1837 17 222.9116719242902 165.76971608832807 135.61829652996846
1237 1837 17 136.7097791798107 136.52681388012618 101.07255520504732
936 1830 22 222.68998109640833 165.23629489603024 134.5633270321361
1559 1827 36 153.22808174027685 149.3157547791694 108.56427158866182
746 1828 43 129.7911362564828 130.74776049033474 95.4922206506365
636 1821 48 183.331304678585 172.59794598706733 116.3758082921263
1893 1816 25 151.88434414668546 148.25387870239774 108.89421720733426
1679 1811 19 153.09283819628646 149.59946949602121 109.82493368700264
1172 1811 39 223.24500907441018 166.0592861464005 135.20689655172416
1068 1809 50 194.94576391350586 130.5675292449486 118.24813895781638
816 1809 18 184.15649867374003 172.79045092838194 117.15915119363395
1293 1804 41 185.50484446710863 174.12646608873024 117.82202957674656
1484 1804 33 185.80668257756565 174.7708830548926 118.52903739061257
1624 1801 25 135.16643159379407 135.92242595204513 100.9703808180536
531 1799 48 151.86991251426397 147.71243818942565 107.88094332445797
1817 1799 41 183.22539520652728 172.7975522692504 117.1101478837328
1228 1786 15 223.26877470355728 166.88537549407113 136.66403162055335
1732 1776 38 151.77555958862675 148.0344827586207 108.08469449485784
886 1772 43 192.981612446959 128.3055162659123 116.37670909948137
975 1771 42 223.34013258541563 166.068842427333 135.52677205507396
1133 1759 18 223.09283819628646 166.58620689655172 136.20954907161803
1436 1757 17 135.89589905362774 136.3627760252366 102.43533123028391
704 1756 28 131.02441731409544 131.52830188679246 96.57047724750278
757 1756 16 153.90536277602524 148.79179810725552 110.33438485804416
1370 1752 42 134.93778684344724 135.34880163182052 100.22131565527792
479 1752 19 132.74801061007958 132.66843501326258 98.24668435013263
807 1750 28 192.9622641509434 128.65593784683685 116.90233074361821
1570 1749 37 152.22676334871454 148.44297956493077 108.53263019116677
645 1746 17 132.3533123028391 132.6782334384858 98.53627760252365
1040 1741 21 186.1436672967864 174.8695652173913 118.09262759924385
1503 1740 22 134.19281663516068 134.51606805293005 100.02835538752363
1304 1739 15 185.9407114624506 174.26482213438734 118.699604743083
1654 1737 40 182.95482431678752 172.54489682097045 116.67596207473508
1265 1735 17 194.57413249211356 131.21766561514195 118.87066246056781
1247 1735 9 173.88888888888889 117.77777777777777 107.1111111111111
1904 1733 48 131.3605933815139 132.1673640167364 97.41004184100419
1203 1730 40 194.20970440602343 130.15393195761294 118.14835471277189
585 1721 36 152.55899802241265 148.1628213579433 108.18127883981542
439 1718 24 181.72104404567702 170.6394779771615 116.75530179445352
1000 1713 15 134.8498023715415 134.18181818181816 100.47430830039525
1728 1711 22 150.91115311909263 147.34404536862004 108.1077504725898
1104 1705 38 132.35148215366002 133.51058681185725 97.99758015728979
1431 1704 28 185.49833518312985 174.50499445061044 118.28412874583796
1801 1703 42 130.94747577766447 131.68638449770526 96.66955634880163
669 1699 35 182.84632192279682 171.673707210488 116.56809905316825
846 1698 30 192.56987115956392 128.02378592666005 116.38453914767096
1969 1691 24 131.87928221859707 132.2593800978793 98.21533442088092
932 1687 48 185.21871434005325 173.86192468619248 116.88779003423355
509 1687 37 132.18193803559657 132.50296638101514 97.18193803559656
758 1680 49 221.32750095093192 163.7599847850894 133.5135032331685
1036 1677 23 131.0815660685155 131.84828711256117 96.95269168026101
1862 1670 20 180.4920634920635 170.48979591836735 116.3718820861678
1372 1668 28 222.94894561598224 165.8834628190899 135.14428412874585
1494 1668 33 221.4510739856802 164.7167859984089 134.61575178997614
1748 1666 14 183.0964467005076 172.1725888324873 117.06598984771573
1284 1659 48 223.1639406618486 165.89045264359072 135.2316470140738
1591 1655 49 192.75960441232408 128.6607074933435 116.81285659946748
868 1655 12 156.25503355704697 150.88590604026845 112.25503355704697
609 1652 34 182.45505171042166 171.52426412092285 116.4057279236277
1687 1647 38 220.10707803992742 163.41984271022386 133.88384754990926
550 1646 14 177.3197969543147 166.64467005076142 114.55837563451776
1994 1645 18 152.81167108753314 148.75066312997347 109.34217506631299
1177 1642 44 155.77086280056577 152.1018387553041 109.93399339933994
1923 1627 41 151.65068842427334 148.55838857725652 108.6170321264661
428 1627 50 152.2811059907834 147.8621056362992 108.33959588798298
1430 1623 38 193.3726557773745 129.5305505142166 117.58560193587418
1084 1623 39 132.03508771929825 133.49546279491835 97.6140350877193
508 1623 23 180.67373572593803 169.69494290375204 116.13376835236542
1745 1621 17 192.96529968454257 130.3533123028391 119.3154574132492
943 1619 12 182.94630872483222 172.51006711409394 117.6510067114094
896 1619 14 155.46192893401013 150.66497461928932 110.497461928934
1538 1611 13 186.07614213197968 175.01522842639594 120.75126903553299
1002 1604 37 155.0758075148319 151.3803559657218 109.95517468688199
760 1602 14 219.34010152284262 162.05076142131978 132.53299492385787
829 1600 44 131.03158887317304 131.7010843941537 95.63036303630363
695 1601 44 191.26261197548325 127.20886374351721 115.78453559641679
1355 1599 33 193.4582338902148 129.24980111376294 117.33333333333334
1818 1598 50 152.612548741581 149.32435306628855 108.86671393123007
1492 1595 22 221.9867674858223 164.88090737240077 135.14177693761815
635 1592 10 185.9646017699115 174.2566371681416 121.22123893805309
1647 1589 24 192.27243066884176 128.69004893964112 117.13376835236542
1295 1588 18 183.73474801061008 173.604774535809 117.45092838196285
760 1588 10 182.30088495575222 149.13274336283186 114.84070796460176
1235 1580 34 132.38106603023073 133.6555290373906 97.94192521877487
1999 1579 41 180.2442631310556 170.50943396226415 116.0790413054564
760 1575 14 170.3451776649746 156.73604060913704 109.94416243654821
1140 1570 30 181.55302279484638 171.7234886025768 115.95341922695738
1404 1568 16 193.34384858044163 130.70662460567823 118.76340694006309
1942 1567 12 182.18120805369128 171.61744966442953 119.06711409395973
910 1567 40 183.06246514221976 172.585052983826 116.26993865030676
480 1565 24 152.1435562805873 147.86133768352366 108.557911908646
1519 1564 13 157.18274111675126 151.9238578680203 111.58883248730963
570 1562 50 131.98298475717831 132.37681673165545 96.92236795462603
1718 1559 45 219.13717780690257 162.17081695063348 132.94844910441242
1583 1557 44 154.47477604903347 150.54361150400754 109.74587458745874
371 1549 40 183.24874511991078 171.91522587841607 116.80758505298384
1653 1546 20 182.41496598639455 171.6780045351474 116.8639455782313
1888 1542 33 130.83134447096262 131.88305489260145 96.94112967382658
1059 1538 41 155.17236104028558 151.84293727689956 110.0086690464049
1296 1536 18 156.22546419098143 152.02917771883287 111.23872679045093
987 1534 28 131.87458379578246 133.1620421753607 97.37624861265262
438 1527 21 180.55198487712667 169.51606805293005 116.01134215500946
859 1524 20 183.36281179138322 172.5374149659864 116.37414965986395
658 1524 33 191.06523468575975 126.90294351630868 115.73747016706444
1461 1522 48 184.10802586534805 173.49904906808672 117.11259033853176
1256 1521 14 155.01522842639594 151.18274111675126 111.09137055837563
720 1520 24 218.51549755301795 161.05220228384994 132.1109298531811
793 1519 38 152.80157289776164 148.83787053841502 108.34180278281913
1783 1519 21 190.16824196597355 127.65973534971646 116.37429111531192
2048 1516 32 179.46147032772365 169.3082373782108 115.89371124889283
1362 1516 43 133.67279585101366 134.74304573314475 98.6930693069307
2001 1509 15 152.0592885375494 148.1581027667984 109.86166007905138
1124 1510 21 132.72400756143668 133.55576559546313 98.26275992438563
1951 1508 26 131.3814303638645 132.97867001254704 98.24592220828104
1536 1509 16 135.2365930599369 135.006309148265 100.77917981072555
1677 1504 13 219.4263959390863 163.05076142131978 134.62944162436548
1194 1501 41 154.58898521162672 151.2942376338603 109.67261601223866
503 1501 32 131.87156775907883 132.6191319751993 97.6014171833481
915 1499 17 154.1167192429022 150.57728706624604 110.24605678233438
1833 1496 33 180.48766905330152 170.55290373906126 115.62370723945904
321 1496 22 150.7334593572779 146.937618147448 108.31001890359168
615 1488 19 133.09814323607426 133.46153846153845 98.657824933687
565 1483 21 131.75614366729678 132.54253308128546 98.29111531190927
1898 1476 24 151.9021207177814 148.64763458401305 108.59869494290376
1621 1469 44 130.71381423856673 131.7986798679868 96.94719471947195
960 1467 36 181.52274225444955 171.78378378378378 116.58602504943967
1281 1465 42 183.18816930137686 173.25548189699134 116.28250892401836
1037 1463 29 132.5671476137625 134.0899001109878 98.29189789123197
778 1463 17 180.41640378548897 170.33753943217664 115.91798107255521
525 1461 12 179.66442953020135 169.23489932885906 117.36912751677852
1941 1458 11 178.28859060402684 169.13422818791946 118.16778523489933
1727 1459 50 192.32293512938674 128.67210209145694 117.33108826657214
1540 1456 29 130.73806881243064 132.0255271920089 97.64261931187569
438 1454 37 152.8866183256427 148.70929466051416 108.79235332893869
1476 1453 12 183.93288590604027 173.29530201342283 120.02684563758389
1343 1454 13 185.28426395939084 174.73096446700507 118.86802030456852
2071 1452 25 151.57968970380819 147.73342736248236 108.8392101551481
360 1447 34 130.66030230708034 131.3587907716786 96.89817024661893
2001 1443 39 151.73986690865095 148.3490623109498 108.18511796733213
1869 1443 13 153.71573604060913 149.15736040609136 110.74111675126903
866 1443 48 130.93001141118296 132.36591860022824 96.62647394446557
300 1442 20 132.20861678004536 132.56009070294786 98.63038548752834
701 1439 50 219.55228642325417 162.12087912087912 132.59801488833747
1116 1436 49 183.51007987828072 173.45949030049448 116.07531380753139
1408 1429 44 154.57001414427157 150.96039603960395 110.0999528524281
303 1423 10 137.141592920354 134.71681415929203 98.11504424778761
1670 1418 12 155.50335570469798 151.04697986577182 112.08053691275167
607 1418 42 152.54513003569608 149.1718510963794 108.77562468128507
1210 1416 36 132.81542518127884 134.41199736321687 98.89386947923532
1050 1413 11 157.63087248322148 153.28187919463087 113.87919463087248
1010 1413 20 131.89115646258503 133.35827664399093 98.17687074829932
1813 1409 43 132.6058462989156 133.82178217821783 98.07119283356907
936 1407 17 154.05678233438485 150.53627760252365 109.96529968454259
1333 1406 24 133.7194127243067 135.07667210440457 99.21696574225123
789 1405 21 226.92627599243858 174.97542533081287 130.36105860113423
505 1397 48 180.8664891593762 170.4362875618106 115.55344237352605
1914 1396 48 179.52149106124003 169.58006846709776 115.1783948269304
1578 1396 36 180.5009887936717 170.2649967040211 116.18193803559656
1492 1392 37 154.5207646671061 151.17600527356623 110.3928806855636
1282 1393 17 134.41955835962145 135.25236593059935 99.96845425867508
1640 1391 20 132.1201814058957 133.015873015873 98.45351473922902
1753 1386 10 218.3716814159292 164.0 135.6637168141593
309 1384 38 181.98003629764068 171.27283726557775 116.06352087114338
1362 1378 14 183.6751269035533 173.44162436548223 117.07614213197968
971 1375 22 179.9508506616257 170.28733459357278 115.7429111531191
408 1373 43 152.98066949552097 149.0961810466761 108.73173031588873
2068 1372 50 130.53668911733428 131.21446295639845 96.71038638780574
1991 1370 22 151.593572778828 148.02079395085067 108.77693761814746
1168 1369 18 153.68435013262598 150.3501326259947 111.19098143236074
660 1369 21 136.58601134215502 171.84499054820415 133.74102079395087
1704 1365 34 218.56722354813047 161.98806682577566 132.8480509148767
1851 1363 12 180.45637583892616 170.49664429530202 118.13422818791946
1766 1362 13 155.16751269035532 151.03553299492384 111.61421319796953
1121 1361 17 180.77602523659306 170.96845425867508 116.22082018927445
744 1359 35 189.94246176256374 126.68317552804079 115.59286234522943
913 1358 29 219.0177580466149 158.6015538290788 117.43840177580466
1245 1356 24 182.0636215334421 172.80913539967375 116.91027732463296
1051 1353 43 154.49222065063648 151.47996228194248 110.04620462046205
1201 1349 13 134.11167512690355 135.243654822335 100.82233502538071
1537 1344 18 134.21485411140583 134.9840848806366 100.40848806366047
833 1339 42 181.57368689444164 132.2029576746558 101.65884752677206
1642 1339 25 111.44851904090268 134.49647390691115 115.9703808180536
591 1338 34 132.17263325377886 134.0533015115354 98.77326968973748
2001 1336 13 179.65482233502536 169.746192893401 117.30456852791878
464 1336 15 133.16996047430828 133.92490118577075 99.29249011857706
1317 1336 40 182.57055214723928 172.9079754601227 116.4138315672058
1494 1333 18 181.6233421750663 171.84350132625994 116.73209549071618
1809 1331 27 153.32873274780425 149.78293601003762 109.41530740276035
1419 1331 49 133.02396348421453 134.6690756941803 98.733739064283
1701 1327 7 215.97959183673467 164.0816326530612 144.42857142857142
1107 1325 12 137.6241610738255 137.7718120805369 103.32214765100672
1754 1322 18 224.51724137931032 173.21220159151193 129.3368700265252
1598 1321 20 137.55102040816328 173.10657596371883 134.84126984126985
1871 1319 30 180.76511397423192 171.02477700693757 116.41823587710604
1227 1310 15 155.38339920948616 151.96442687747034 111.32806324110672
1950 1307 36 131.52537903757414 132.79630850362557 97.35464733025708
527 1306 30 131.82953419226956 133.50247770069376 98.27552031714569
1700 1301 24 190.4763458401305 127.1305057096248 115.99510603588908
391 1301 24 133.1973898858075 133.87928221859707 98.18270799347472
772 1298 28 178.63374028856825 169.2475027746948 115.49278579356272
1162 1298 42 132.36664966853647 134.61397246302909 98.16981132075472
2018 1297 26 130.31116687578418 131.3500627352572 96.79046424090338
832 1296 13 154.75634517766497 130.86294416243655 98.94416243654821
675 1295 51 111.13195601466178 134.91302899033656 115.89603465511496
1358 1291 11 184.48322147651007 175.08724832214764 121.08724832214764
1478 1289 15 156.11067193675888 152.44268774703556 112.08695652173913
967 1288 46 226.3823889115369 174.78883000407663 129.36159804321238
884 1285 25 181.53737658674189 132.32722143864598 101.86318758815233
452 1284 37 179.27752142386288 169.58998022412655 114.97758734344099
310 1283 51 130.95368210596467 131.64945018327225 95.54948350549817
1095 1280 13 225.11167512690355 174.75126903553297 130.53807106598984
1628 1277 28 136.36293007769146 171.9167591564928 133.88679245283018
2085 1277 43 177.4950495049505 167.2055634134842 114.91749174917491
1265 1275 28 154.69256381798002 151.80355160932297 110.35627081021087
831 1275 23 149.55138662316477 144.67862969004895 106.14029363784667
1813 1271 29 131.72364039955605 132.6836847946726 97.94783573806882
1752 1269 23 180.25448613376835 131.39967373572594 101.77977161500816
1323 1268 15 136.54150197628456 137.03557312252963 102.44268774703556
733 1268 11 180.43624161073825 171.84563758389262 118.11409395973155
1540 1267 50 112.18149592343141 135.60900389932647 116.76816731655441
1046 1257 30 180.6422200198216 132.01387512388504 101.78989098116948
587 1255 34 135.85839299920445 171.618138424821 133.65871121718376
1988 1254 15 132.2173913043478 132.89328063241106 99.74308300395256
1952 1251 10 179.93805309734512 169.53097345132744 119.30973451327434
393 1247 23 150.9853181076672 147.6541598694943 107.97389885807505
1374 1245 26 112.06524466750312 135.27854454203262 116.58469259723964
878 1245 21 132.39697542533082 134.00189035916824 98.53497164461248
766 1245 13 152.62944162436548 150.03045685279187 110.71065989847715
519 1242 22 111.63894139886578 135.2155009451796 116.07750472589792
1449 1237 35 137.47050254916243 173.6911871813547 134.84486525855792
1610 1230 19 112.29442970822281 135.41379310344826 116.76657824933686
1889 1229 48 152.00798782807152 148.26055534423736 108.57854697603652
1000 1227 12 214.95302013422818 157.37583892617448 118.77852348993288
1818 1225 12 181.3020134228188 170.91275167785236 119.43624161073825
1689 1226 43 180.98915605846298 131.56199905704855 101.45214521452145
647 1220 20 136.20181405895693 171.24036281179139 133.96145124716554
1963 1218 19 177.70026525198938 167.64986737400528 115.73209549071618
2027 1215 31 151.88928255093003 147.8963684676705 108.78565101860053
1771 1214 27 216.20577164366372 156.2797992471769 117.2107904642409
1106 1210 44 218.95756718528995 163.42857142857142 133.8118811881188
929 1209 32 131.4933569530558 134.2825509300266 98.11957484499557
718 1206 41 129.89597144314126 132.49872514023457 96.74043855175931
1210 1205 48 190.41650817801445 128.46557626473944 116.44579688094333
1310 1204 34 219.69928400954655 163.54097056483693 134.13603818615752
1634 1202 13 148.82741116751268 144.43654822335023 105.86802030456852
1451 1200 12 112.60402684563758 138.56375838926175 114.18791946308724
279 1199 29 189.3718091009989 126.03884572697004 115.46281908990011
977 1199 17 178.4416403785489 170.40694006309147 116.16403785488959
614 1197 14 191.3147208121827 129.95431472081216 118.78172588832486
816 1197 47 153.08438646555237 150.81369751324908 109.20383204239707
106 1194 5 132.75862068965517 129.06896551724137 129.41379310344828
1031 1194 24 190.75367047308322 129.25285481239806 117.38825448613377
1504 1191 24 137.2740619902121 173.06851549755302 134.5889070146819
2277 1189 5 144.06896551724137 141.10344827586206 142.41379310344828
880 1186 14 178.6954314720812 170.08629441624365 116.06598984771573
556 1186 33 219.2816229116945 164.12092283214002 134.47812251392205
1569 1183 34 132.4136833731106 133.86873508353221 98.56324582338902
462 1183 49 189.92544693799925 126.88779003423355 115.85127424876379
1391 1182 32 191.61824623560673 128.39503985828168 116.83790965456156
1825 1181 17 182.7981072555205 133.79179810725552 103.73501577287065
2093 1178 33 215.96499602227527 160.08989657915674 132.13285600636436
1452 1177 23 111.09951060358891 134.1484502446982 115.09951060358891
209 1174 4 116.76923076923077 109.15384615384616 105.46153846153847
358 1171 43 218.9226779820839 162.48231966053748 133.03583215464403
2217 1170 3 129.84615384615384 122.38461538461539 122.30769230769232
1951 1168 21 132.2930056710775 132.84877126654064 98.75047258979207
1723 1165 19 225.3793103448276 173.52519893899202 129.3580901856764
1908 1155 16 181.5173501577287 132.51104100946372 102.70031545741324
1491 1150 16 180.3154574132492 170.99053627760253 116.30283911671924
1157 1148 25 131.48236953455572 134.8617771509168 98.89703808180536
907 1147 23 131.9331158238173 134.89233278955956 98.25285481239804
1281 1146 18 182.53315649867372 134.18302387267903 103.04244031830238
1861 1144 28 216.3951165371809 156.95338512763595 117.37069922308547
1110 1143 16 136.69400630914825 173.61514195583595 134.14511041009465
1057 1144 26 111.36762860727728 135.72521957340024 116.33626097867
860 1143 15 153.84189723320156 151.4584980237154 110.21343873517786
2191 1142 7 99.24489795918366 93.89795918367346 91.85714285714285
776 1141 11 181.60402684563758 172.88590604026845 118.44295302013423
185 1139 8 94.92592592592592 90.55555555555556 87.98765432098764
1644 1138 50 179.13222261609357 169.37362637362637 115.21658986175115
526 1139 15 218.50197628458497 163.46245059288538 134.26482213438734
2190 1136 7 83.3469387755102 79.30612244897958 78.46938775510203
1343 1136 26 226.3525721455458 175.405269761606 130.07277289836887
1784 1132 40 225.22420524261017 173.75515895147797 129.34857780256553
1239 1131 23 153.68189233278957 152.34747145187603 110.58075040783035
738 1131 18 180.81167108753314 133.06366047745357 102.88859416445622
359 1127 19 183.21220159151193 153.44031830238725 116.38992042440317
649 1127 47 223.93966571545047 173.54749286587852 128.54586220953934
818 1125 17 152.82649842271292 151.15457413249212 110.06940063091483
403 1124 15 218.11462450592884 162.68379446640316 133.78656126482213
292 1123 31 189.3108945969885 126.63596102745794 115.86891054030116
2015 1122 50 187.95108117688764 125.04466501240695 114.76036866359448
978 1118 48 135.93647774819323 174.23278813236973 134.59946747812856
443 1112 15 153.9169960474308 150.37549407114622 111.14624505928853
359 1111 24 173.57585644371943 153.92495921696576 110.84502446982056
2097 1110 25 214.9774330042313 159.34414668547248 131.51904090267982
566 1111 27 181.25595984943536 132.59598494353827 102.31618569636134
160 1110 3 125.84615384615385 121.84615384615385 122.84615384615385
1189 1110 17 132.86750788643533 135.82649842271292 100.41009463722398
1293 1105 21 133.5179584120983 136.1568998109641 99.60491493383743
1718 1102 23 132.22185970636215 133.59543230016314 99.30016313213703
1541 1101 43 154.76803394625176 151.28901461574728 110.08109382366808
1432 1100 48 218.2354507417269 158.3906428299734 117.70673259794599
720 1097 19 217.77984084880634 159.40318302387266 118.6339522546419
1923 1094 40 217.36196319018407 161.00613496932516 132.53653095370888
1050 1092 21 151.74669187145557 150.91682419659736 109.12854442344046
855 1092 29 178.87680355160933 171.20865704772476 115.25860155382908
498 1092 38 179.21899576527528 170.46823956442833 115.16454930429524
1118 1085 43 179.5054219707685 172.66666666666666 114.99198491277699
775 1084 29 216.27857935627082 158.18201997780244 117.68146503884573
1750 1081 13 180.81218274111674 171.30964467005074 117.76649746192892
1846 1081 27 190.24090338770387 127.54203262233374 116.68381430363864
1344 1080 29 180.86237513873473 172.40288568257492 116.04772475027747
911 1081 18 137.22811671087533 174.46419098143235 135.66843501326258
1011 1071 11 175.56375838926175 172.59060402684563 119.70469798657717
1665 1069 13 155.85279187817258 151.82741116751268 111.92385786802029
1724 1059 12 115.30201342281879 136.95973154362414 118.16107382550335
1975 1057 17 187.36593059936908 125.72870662460568 115.65615141955836
417 1057 37 133.2682926829268 135.28279499011205 99.55240606460117
817 1055 13 215.4467005076142 158.32994923857868 118.93401015228426
673 1055 21 179.42722117202268 132.27788279773156 102.03213610586012
1391 1050 10 185.09734513274336 176.02654867256638 121.02654867256636
1233 1049 49 152.78927348801827 151.6998858881704 109.45416508178015
1611 1049 32 153.37732506643047 150.59344552701506 110.30203720106289
600 1046 43 150.62423385195663 149.1914191419142 108.43092880716642
2078 1043 42 150.00407955124936 146.9984701682815 108.21264660887303
972 1043 24 111.34747145187602 136.25448613376835 116.65252854812398
722 1043 18 223.20954907161803 173.41114058355436 129.10344827586206
324 1043 45 150.58060288335517 148.02184359982525 108.37789427697685
1306 1039 18 134.19628647214853 136.9230769230769 100.91511936339522
2011 1038 15 133.32015810276678 133.59288537549406 100.47430830039525
1932 1034 14 136.36548223350252 170.2690355329949 131.6497461928934
468 1033 16 179.62776025236593 170.41324921135646 116.21766561514195
680 1024 20 174.92063492063494 166.01814058956916 113.14965986394559
1877 1020 33 111.42641209228321 134.6046141607001 115.85680190930788
904 1020 42 111.38857725650179 135.8847526772055 116.53187149413566
1564 1019 19 136.026525198939 137.20424403183023 102.48541114058355
527 1019 26 134.30238393977413 136.1518193224592 100.20326223337516
1047 1017 43 132.15700141442716 136.25506836397926 99.24516737388025
1497 1017 40 182.74233128834356 133.51366424986057 102.99219185722254
1430 1015 19 184.3793103448276 135.86472148541114 105.18302387267904
840 1014 14 223.91370558375633 174.58375634517765 130.01015228426394
1122 1013 7 178.34693877551018 175.55102040816325 127.51020408163264
1110 1013 12 146.91946308724832 145.8523489932886 106.63758389261744
1786 1013 49 136.26359832635984 172.3415747432484 134.0726511981742
1155 1013 30 178.60951437066402 171.58374628344896 115.17244796828543
1685 1009 36 136.11272247857613 171.71786420566906 133.92748846407383
2028 1005 13 176.82741116751268 167.59898477157358 116.21319796954313
775 1000 38 182.5856019358742 133.9739866908651 102.45553539019964
716 998 14 181.38578680203045 173.0 116.53807106598984
386 997 26 178.06273525721454 168.95357590966123 114.66373902132997
1361 994 43 134.6954266855257 137.48561999057048 101.11173974540311
561 990 15 177.798418972332 169.77075098814228 115.77075098814228
1286 990 21 180.4045368620038 173.05671077504726 116.56143667296787
643 987 19 133.07692307692307 136.12201591511936 100.06100795755968
970 985 21 136.48960302457468 175.3100189035917 135.04347826086956
1960 982 48 178.59642449600608 169.3039178394827 114.96082160517307
1837 976 16 176.80757097791798 168.49526813880126 116.3186119873817
1108 967 24 133.38172920065253 137.32137030995108 100.5399673735726
1607 965 41 111.03824579296278 134.40744518103008 115.91024987251403
1726 963 26 111.79171894604767 135.54203262233375 116.52070263488079
843 962 30 188.6065411298315 128.06442021803767 116.36372646184341
1057 960 12 177.98657718120805 170.71812080536913 115.83892617449663
326 960 33 132.85759745425617 135.04375497215594 99.61813842482101
954 959 12 179.80536912751677 174.48993288590603 118.28859060402684
1447 958 32 225.93711248892825 175.46855624446414 130.38263950398584
468 957 50 133.34384969868842 135.88869195320808 100.06487061325771
2068 956 43 177.57944365865157 168.6053748231966 115.17350306459217
1156 952 17 150.5173501577287 150.1135646687697 108.5141955835962
1224 951 42 134.14074451810302 138.12238653748088 100.33146353901071
1675 949 17 135.3123028391167 170.9495268138801 133.56782334384857
594 947 31 178.9317980513729 170.96634189548274 115.18600531443757
541 947 15 151.50592885375494 149.5494071146245 109.92490118577075
1521 945 35 189.38164603058996 126.90386016023308 115.92643845593591
1008 944 31 134.06997342781222 137.947741364039 100.9645704162976
1882 942 28 133.05438401775805 134.83018867924528 100.0299667036626
382 936 20 151.99319727891157 149.63492063492063 109.24036281179139
1388 932 21 180.6389413988658 172.85066162570888 116.75047258979207
906 929 31 110.95748449955714 135.76793622674933 116.62976085031
785 928 26 224.9861982434128 175.53074027603512 129.98117942283562
699 927 50 132.0436015597306 135.37681673165545 98.66607585962424
1652 925 14 150.18781725888323 147.4213197969543 109.33502538071065
959 923 13 181.6243654822335 174.2741116751269 118.46700507614213
1793 919 41 149.71188169301377 147.5461499235084 107.45843957164712
2009 909 26 132.3224592220828 134.54328732747803 99.49058971141781
1435 905 13 216.70558375634516 158.45685279187816 119.20812182741116
1702 905 31 181.87599645704162 172.7245349867139 116.89725420726307
1312 901 50 182.8096419709323 175.7394540942928 116.84544487770295
528 902 26 149.6210790464241 147.90966122961103 108.02885821831869
568 902 14 182.48730964467003 174.56345177664974 118.28934010152284
555 900 10 136.71681415929203 132.63716814159292 92.27433628318585
1159 899 33 132.60540970564838 137.12012728719174 99.49085123309467
339 897 22 150.53308128544424 148.93383742911155 108.94896030245746
1563 895 23 111.37357259380099 134.43719412724306 116.0652528548124
1076 892 45 148.79947575360418 148.88466579292268 107.086500655308
407 887 37 180.02439024390242 171.42979564930783 115.86750164798944
763 884 17 215.96529968454257 158.18927444794951 118.26813880126183
1939 883 42 149.5364609892912 147.24732279449262 107.27485976542582
2069 877 26 132.50815558343788 133.9861982434128 99.87829360100376
1863 878 29 134.05882352941177 135.80466148723642 100.06992230854607
624 878 30 132.798810703667 136.29534192269574 99.72844400396431
483 875 22 135.62003780718337 138.18336483931947 101.93383742911153
1401 871 29 150.63374028856825 149.13762486126527 108.46836847946726
1629 869 38 134.51966122202057 136.39806412583184 100.16454930429524
1222 870 30 181.4786917740337 175.33201189296332 116.49554013875124
1752 868 16 150.35015772870662 147.74447949526814 108.72870662460568
899 862 21 134.9810964083176 172.90737240075615 134.07372400756145
826 862 43 218.38519566242337 163.81942479962282 133.56765676567656
667 860 14 176.78680203045684 169.5685279187817 114.39086294416242
346 859 16 179.42902208201892 171.23028391167193 117.48264984227129
979 855 49 180.77748193229365 174.11905667554203 115.66869532141499
1489 851 50 218.74051754696916 162.9106699751861 133.27649769585253
1562 843 20 191.36281179138322 129.61678004535148 117.9591836734694
1272 838 14 150.28934010152284 149.77664974619287 108.27411167512689
720 837 35 178.47924253459578 171.05098324836126 114.9919883466861
1370 835 13 137.78172588832487 139.92893401015226 103.8223350253807
1803 831 40 133.63803680981596 135.59007250418293 99.59620747350809
1043 830 13 179.84771573604058 173.58375634517765 117.54822335025379
885 825 20 110.5578231292517 135.0362811791383 115.49659863945578
555 825 46 150.13045250713412 149.11455360782716 107.71789645332247
1079 824 13 135.05076142131978 138.59898477157358 102.95431472081218
1598 816 14 150.6700507614213 148.03045685279187 109.248730964467
2017 815 50 131.8500531726338 134.0921658986175 98.74689826302729
1705 815 46 180.81451284141866 171.79453730126374 116.21483897268651
1144 816 40 150.15727830451758 150.4484104852203 107.8851087562744
460 815 33 148.84248210023867 148.02704852824186 107.44709626093875
789 813 16 215.52365930599368 157.85173501577287 118.43533123028391
1634 811 14 182.65989847715736 173.16751269035532 117.65482233502537
1902 808 38 179.33575317604357 170.81669691470057 115.86932849364793
1321 807 35 148.95557174071376 148.86453022578297 107.17479970866715
643 805 37 177.77323665128543 170.4785761371127 114.78246539222148
933 802 13 153.04060913705584 152.4263959390863 111.31472081218273
381 799 34 134.33890214797137 137.43198090692124 101.2824184566428
1844 794 12 181.93288590604027 172.91275167785236 118.68456375838926
1544 792 22 219.17391304347828 163.02268431001892 133.50472589792062
1418 788 38 149.79673321234122 149.05021173623715 108.21052631578948
490 778 14 179.0964467005076 172.05583756345177 116.497461928934
971 778 22 132.80340264650283 137.46691871455576 100.26654064272212
914 778 9 182.86419753086417 176.23456790123456 121.96296296296296
1950 776 12 179.993288590604 171.36241610738256 118.04026845637584
1496 776 26 189.96486825595983 127.25721455457966 115.73651191969886
422 774 11 179.8523489932886 172.59060402684563 118.88590604026845
1234 773 50 133.28571428571428 137.83800070896845 99.99468273661822
1359 772 14 184.0406091370558 176.43654822335023 118.56345177664974
1660 767 11 153.1476510067114 150.1476510067114 113.18791946308724
1762 765 14 150.6497461928934 147.84771573604058 108.61421319796953
1043 762 42 147.40489546149925 147.96991330953597 106.49056603773586
848 760 47 187.20750101916022 126.66326946596004 115.10313901345292
687 759 13 149.73096446700507 148.86802030456852 109.29949238578679
1598 758 41 188.58388577256503 126.63895971443142 115.6858745537991
752 756 42 132.71953085160632 136.38245792962775 99.19275879653239
1162 754 12 150.23489932885906 150.01342281879195 109.73825503355704
1875 754 16 134.79179810725552 136.21135646687696 102.04416403785488
534 753 22 132.97164461247638 136.31947069943288 99.90926275992439
1813 751 34 178.6571201272872 170.04852824184567 115.2601431980907
1537 752 14 188.96446700507613 128.01522842639594 117.15228426395939
597 747 30 132.64915758176411 136.14469772051535 99.95044598612488
1925 746 16 147.34069400630915 145.78864353312304 107.39432176656152
1116 744 25 178.8913963328632 172.88998589562763 115.34555712270804
398 741 17 148.97791798107255 148.0 108.78864353312302
1684 741 20 134.81632653061226 136.94104308390024 101.46031746031747
1980 732 33 177.2386634844869 169.2832140015911 115.06443914081146
1390 729 20 135.20634920634922 138.55782312925172 102.60544217687075
1318 729 36 180.42452208305866 173.9676994067238 116.18127883981542
931 720 29 218.08435072142063 164.18091009988902 134.4051054384018
1265 714 11 182.1275167785235 175.68456375838926 119.64429530201342
1081 713 14 132.74111675126903 136.4010152284264 100.27411167512689
460 712 49 178.37809052871816 171.07417268923547 114.86382655001903
1177 710 25 134.74471086036672 138.7799717912553 101.1410437235543
993 709 24 188.36867862969007 128.64274061990213 116.69494290375205
1452 707 38 220.00665456745313 165.08771929824562 134.92921960072596
1743 704 41 149.13003569607343 147.59867414584397 107.32075471698114
1226 698 18 181.22281167108753 175.40053050397876 117.42705570291777
667 697 47 148.5898899306971 148.21280065226253 107.13656746840603
735 691 14 176.88832487309642 170.20304568527916 115.46192893401015
550 690 31 150.57130203720106 150.09388839681134 108.39238263950399
1808 690 17 133.76971608832807 135.84542586750788 100.62460567823344
882 689 23 186.84502446982057 127.8352365415987 116.22512234910278
603 689 11 137.3288590604027 139.5771812080537 106.42281879194631
792 684 35 177.18353969410052 170.4923525127458 114.38674435542607
1543 682 39 218.72292800967938 163.62431941923776 134.00665456745313
1884 678 50 147.66962070187876 146.41439205955334 106.77242112725983
1647 673 49 149.17040699885888 147.73602130087485 107.21757322175732
1128 672 26 187.59849435382685 127.97239648682559 116.01003764115433
1962 668 21 146.36294896030248 145.3251417769376 106.98865784499056
1382 654 49 189.27462913655384 128.38417649296312 116.47090148345379
1581 651 10 181.57522123893804 172.30973451327432 119.36283185840708
1472 644 33 188.06046141607 126.86077963404934 115.66268894192523
1279 644 40 219.55883993307307 165.70775237032908 135.3106525376464
1192 643 36 187.42979564930783 127.77125906394198 115.87079762689518
946 641 41 218.1718510963794 164.21417644059156 133.996940336563
1049 635 48 218.30239634842147 164.1776340813998 133.4416127805249
855 635 31 133.71656333038086 137.62178919397698 100.60053144375554
667 634 9 152.87654320987653 151.49382716049382 111.96296296296296
796 627 12 147.53020134228188 147.41610738255034 108.53020134228187
598 627 40 177.14110429447854 170.33965421081987 114.35303959843837
1726 626 32 133.31000885739593 136.3454384410983 100.58104517271923
1936 625 17 134.85173501577287 137.3596214511041 102.09463722397476
511 623 42 134.0311065782764 137.87557368689446 100.83375828658848
1806 621 40 134.3446737311768 137.2509760178472 100.69436698271055
732 620 42 132.5772565017848 136.57164711881694 99.67924528301887
1609 614 11 180.4228187919463 172.21476510067114 118.81879194630872
1552 602 40 133.59453430005578 136.94701617401006 100.33128834355828
1492 602 9 181.03703703703704 173.29629629629628 121.55555555555554
1125 602 26 188.16060225846925 127.92597239648681 115.86198243412797
669 599 17 133.02839116719244 136.82649842271292 100.71608832807571
1889 592 33 176.67064439140813 168.89101034208434 115.18536197295148
1264 589 18 188.2944297082228 128.83289124668434 117.19098143236074
554 587 10 151.34513274336283 150.141592920354 112.20353982300885
1323 585 24 218.10603588907017 165.19086460032628 134.59380097879284
1172 584 14 149.4213197969543 149.5482233502538 109.07106598984771
1601 580 6 189.53061224489795 182.89795918367346 133.55102040816325
1379 580 14 148.35025380710658 148.00507614213197 108.15228426395939
990 580 31 133.05137289636846 137.38263950398584 100.1984056687334
1658 578 42 178.3131055583886 170.62315145334014 115.3697093319735
1213 575 19 218.17771883289123 165.03713527851457 134.75331564986737
1441 570 41 179.11320754716982 172.1341152473228 115.80877103518614
1298 571 12 172.71812080536913 160.96644295302013 113.02013422818791
511 567 12 178.16778523489933 171.03355704697987 117.44295302013423
806 567 41 148.16267210606833 148.28454869964304 107.13462519122898
904 561 49 148.21909471281856 148.532521871434 106.84632940281476
622 561 21 174.36105860113423 168.16824196597355 113.90737240075615
1509 555 17 134.05678233438485 137.65930599369085 101.97476340694006
1746 551 36 146.82465392221488 145.84970336189846 106.37508239947263
1060 550 42 178.64201937786845 172.58235594084653 114.88424273329935
691 546 30 146.99306243805748 146.7571853320119 106.53914767096134
739 539 17 176.0378548895899 169.0851735015773 114.66876971608832
1343 538 34 181.0381861575179 174.56324582338902 116.65234685759746
1827 535 41 175.60938296787356 168.42784293727692 114.41305456399796
563 534 35 148.62272396212674 148.37363437727603 107.88565185724691
1589 532 31 133.13374667847654 136.64836138175377 100.58724534986715
1153 522 41 147.68842427332993 148.30443651198368 106.5532891381948
844 519 9 139.76543209876542 141.7037037037037 106.75308641975307
1255 512 50 133.34065934065933 137.77596596951435 100.22793335696562
1698 512 25 132.96614950634697 136.2425952045134 100.53596614950635
1638 503 21 177.8147448015123 170.37051039697542 115.25519848771268
711 504 17 176.4416403785489 169.602523659306 114.68769716088327
983 502 39 133.08771929824562 137.4301270417423 100.15426497277677
1407 496 29 147.36182019977804 147.90899001109878 106.75693673695893
918 488 11 183.36912751677852 177.5234899328859 122.14093959731544
640 487 41 132.14023457419685 135.96532381438044 99.86996430392658
795 487 30 132.90782953419227 136.74925668979188 100.19127849355797
1759 482 35 175.36926438455936 168.01602330662783 114.11289147851421
1510 480 49 145.6618486116394 145.74324838341576 105.5663750475466
862 479 34 178.4590294351631 172.0318217979316 114.78758949880668
1094 478 24 133.89233278955956 137.96900489396413 101.0652528548124
1599 474 20 147.015873015873 146.562358276644 107.24943310657596
1188 472 17 177.82334384858044 171.48580441640377 115.5173501577287
1040 460 22 146.9319470699433 147.4725897920605 106.30434782608695
1329 459 31 133.1124889282551 137.4561558901683 100.30735163861824
1386 457 17 135.38170347003154 138.78548895899053 101.77917981072555
1137 453 18 133.0 137.22546419098143 101.21485411140583
1439 440 28 132.28745837957825 136.51720310765816 99.69700332963374
992 432 23 176.3588907014682 170.3719412724307 114.14355628058728
721 431 49 174.212248003043 167.418410041841 113.15671357930772
812 431 21 146.5897920604915 146.66162570888469 106.54253308128544
1681 429 50 131.61680255228643 135.0251683800071 99.1350584898972
1259 427 26 132.97239648682557 137.19071518193223 100.42785445420326
927 419 36 131.10151615029662 135.73961766644692 98.73038892551087
861 416 19 133.05835543766577 137.13262599469496 100.54907161803713
1577 414 35 176.6722505462491 169.43190094683177 113.92352512745812
1524 413 11 177.2214765100671 171.1208053691275 118.01342281879194
1485 409 20 177.73469387755102 170.38095238095238 114.7641723356009
1184 402 41 145.94951555328916 146.33911269760327 105.82355940846507
1078 393 50 176.07869549805034 169.79936192839418 113.66997518610422
1377 388 42 146.85517593064765 146.91891891891893 106.27536970933198
1303 386 24 146.9804241435563 147.1615008156607 107.1305057096248
1449 384 21 131.68998109640833 135.3553875236295 99.33459357277883
1625 370 20 146.61451247165533 145.86167800453515 107.20181405895691
796 369 34 145.9466984884646 146.08035003977724 106.52108194112968
985 361 33 145.84407319013525 146.78042959427208 106.1678599840891
1586 359 12 175.2214765100671 167.46308724832215 115.77852348993288
1242 356 27 176.4617314930991 170.02007528230865 114.70639899623588
871 351 41 175.22641509433964 169.01070882202959 113.94492605813362
1192 346 12 180.38255033557047 173.9798657718121 117.96644295302013
1528 345 42 130.69658337582868 134.12289648138704 98.45334013258542
1390 333 12 177.248322147651 170.91275167785236 117.20134228187919
1144 333 28 132.72586015538292 136.89012208657047 99.61043285238624
1444 321 34 174.7788385043755 168.39299920445507 113.8400954653938
943 311 28 130.98668146503886 135.56492785793563 99.52941176470588
1314 304 51 176.18293902032656 169.75874708430524 114.09463512162613
989 297 15 134.01976284584978 137.77075098814228 101.78656126482213
1396 293 18 132.9867374005305 137.13527851458886 101.6737400530504
1052 290 41 146.1269760326364 146.32432432432432 105.81132075471699
1208 286 43 131.84441301272983 135.8076379066478 99.13672795851014
1130 265 29 146.08768035516093 146.32963374028856 106.31409544950056
1263 261 10 176.99115044247787 170.60176991150442 118.4424778761062
