1205 2292 2 156.4 154.4 154.20000000000002
1211 2289 2 168.8 166.8 163.4
1205 2288 2 160.20000000000002 157.8 155.8
1364 2105 16 135.41640378548897 135.88012618296528 101.50473186119874
1093 2101 30 187.30327056491575 177.07829534192268 118.99405351833498
1297 2099 42 157.5517593064763 153.51147373788885 111.41152473227946
944 2095 6 193.61224489795916 184.36734693877548 132.42857142857142
1458 2091 15 190.92094861660078 180.09090909090907 122.96047430830039
1194 2080 51 132.70209930023327 133.62479173608799 97.8970343218927
908 2073 25 187.8561354019746 177.67277856135402 119.30324400564174
869 2070 7 194.7142857142857 185.3877551020408 133.32653061224488
1010 2067 53 155.57650358367093 152.07229666562793 110.06294795886569
1399 2063 43 187.66619519094766 176.86845827439888 119.14898632720414
1338 2049 11 188.15436241610738 177.06040268456374 123.10738255033557
1581 2037 12 160.73825503355704 155.06040268456377 114.3221476510067
1508 2025 51 157.14861712762414 152.73008997001 111.3032322559147
1105 2019 41 133.72768995410505 134.58898521162672 98.84089750127487
841 2020 47 134.11414594374236 134.8548715858133 98.6249490419894
763 2016 25 133.78279266572636 134.49083215796898 99.56558533145275
1013 2011 18 167.3766578249337 159.83554376657824 110.57559681697612
1289 2006 44 133.89344648750588 134.4842055634135 99.24375294672325
930 1998 40 156.24818739542667 152.31511433351926 110.61572783045176
1367 1986 29 132.72364039955605 133.11653718091011 98.9733629300777
1431 1981 26 136.2095357590966 135.9874529485571 100.9134253450439
716 1980 24 133.72593800978794 134.5236541598695 99.06199021207178
1695 1979 17 190.19873817034699 178.77602523659306 121.7570977917981
1187 1977 50 188.22828784119108 177.5593761077632 119.12265154200638
1623 1972 52 134.82439186937688 135.00933022325893 99.74975008330557
1458 1963 9 180.3827160493827 171.12345679012344 121.76543209876543
1017 1963 51 187.24891702765746 176.54048650449852 118.18693768743752
1337 1956 11 190.61744966442953 179.6241610738255 124.60402684563758
1551 1951 16 135.6876971608833 135.60883280757096 101.22712933753942
1109 1951 24 155.76019575856444 152.15660685154975 110.83034257748777
859 1951 24 186.605220228385 175.99021207177816 118.33442088091354
773 1935 50 186.70506912442397 176.014888337469 118.10067352002837
1664 1927 10 186.10619469026548 175.89380530973452 122.95575221238938
1568 1928 12 189.53020134228188 178.68456375838926 121.84563758389261
1226 1920 10 188.69026548672565 177.84070796460176 123.1858407079646
1625 1919 20 152.43310657596373 147.55555555555557 103.78231292517007
665 1918 53 156.22374571517605 152.09286382050482 110.24181988158304
1724 1917 45 188.34600262123197 177.08955875928353 119.11839231105286
1498 1916 39 158.1179673321234 153.63520871143376 111.80943738656988
1290 1916 45 156.6417649628659 152.5111402359109 110.9213630406291
1392 1912 51 186.60879706764413 175.44985004998335 118.58980339886705
932 1902 48 134.46899961962723 134.8056295169266 99.35108406238113
1180 1893 16 136.2460567823344 136.21766561514195 102.20820189274447
1070 1893 17 136.60883280757096 136.75078864353313 102.0
854 1892 23 135.59543230016314 135.8189233278956 100.2283849918434
1561 1890 21 157.33081285444234 152.66162570888469 111.42155009451797
1126 1890 31 134.88308237378212 135.53852967227635 100.17714791851196
1009 1884 18 185.9018567639257 174.55702917771882 119.06896551724137
1223 1881 24 156.8678629690049 152.76345840130506 111.29200652528549
818 1876 9 158.7037037037037 154.12345679012344 117.19753086419752
732 1877 10 188.36283185840708 177.5575221238938 122.69026548672566
1628 1870 51 185.63612129290237 174.8643785404865 118.09863378873709
1783 1862 16 137.4416403785489 137.06940063091483 103.38485804416403
1466 1851 26 133.90464240903387 134.2948557089084 99.83939774153073
1332 1846 23 187.2088091353997 136.16476345840132 104.605220228385
1123 1842 12 223.26845637583892 163.6711409395973 122.26845637583892
706 1838 29 157.16426193118758 152.73251942286348 111.2219755826859
591 1837 52 133.41586137954016 133.80406531156282 98.88937020993002
662 1835 10 142.15929203539824 140.9646017699115 108.58407079646018
858 1833 28 185.66037735849056 174.37402885682576 117.85793562708102
786 1833 39 134.7846339987901 135.1488203266788 99.65456745311556
977 1828 29 229.64150943396226 176.7058823529412 130.80355160932297
1273 1827 32 223.52347209920285 161.94951284322408 119.88839681133747
1540 1825 39 135.19842710223836 135.3998790078645 100.16212946158501
920 1824 19 185.9549071618037 135.56763925729442 104.62068965517241
1406 1822 27 229.89460476787954 176.69385194479295 130.9159347553325
1335 1821 10 194.76106194690266 147.64601769911505 115.84955752212389
1060 1821 42 186.13003569607343 135.3365629780724 104.0963793982662
1726 1817 42 133.96532381438044 134.56756756756758 99.10708822029578
1822 1813 41 155.34625191228966 151.48750637429885 110.75573686894442
511 1808 22 184.34026465028356 173.01134215500946 117.91682419659736
1182 1806 48 230.14302015975656 177.27538988208445 131.190186382655
1592 1803 17 159.4700315457413 154.70347003154575 112.86119873817034
1653 1798 18 183.69230769230768 173.66047745358088 119.0
1472 1795 23 186.86296900489398 135.69657422512236 104.18107667210441
898 1792 10 226.2212389380531 170.6283185840708 140.52212389380531
1882 1790 17 157.3596214511041 152.4416403785489 112.66561514195583
740 1786 22 135.73534971644614 135.89981096408317 101.3289224952741
1559 1781 10 186.9203539823009 176.73451327433628 123.01769911504425
801 1776 14 196.99999999999997 132.35532994923858 120.06091370558374
1339 1775 45 223.0677151594583 161.1201397990389 119.31585845347314
1110 1771 25 222.0366713681241 160.8716502115656 119.4527503526093
666 1770 43 185.34889203206035 174.4257425742574 117.92786421499292
1009 1764 26 226.87703889585944 168.48431618569634 137.3212045169385
940 1763 36 197.73104812129202 132.19050758075147 119.843111404087
608 1763 11 162.63087248322148 156.1208053691275 115.53691275167785
1258 1761 24 185.5415986949429 135.0 104.20880913539968
1057 1758 19 115.53846153846153 138.75331564986737 118.48541114058355
566 1755 27 133.69887076537012 133.80677540777916 98.61480552070263
1423 1751 35 186.3430444282593 135.15294974508376 103.4151493080845
1690 1750 26 133.86072772898368 134.68506900878293 99.42910915934755
860 1749 39 226.54325468844527 168.75196612220208 137.52813067150637
1834 1745 20 135.2925170068027 135.68027210884355 100.61904761904762
483 1741 44 186.13201320132012 174.75388967468174 118.64120697784064
1613 1740 42 156.04691483936767 152.2284548699643 111.26925038245794
1157 1738 18 186.70557029177718 175.6472148541114 118.9893899204244
1754 1734 45 185.259501965924 174.69287898645698 118.19484491044125
1906 1729 51 183.71209596801066 173.30223258913696 118.27657447517494
1511 1724 50 221.9305210918114 160.4303438496987 118.87238567883729
916 1724 10 138.4513274336283 134.8230088495575 104.61061946902655
543 1715 11 186.61073825503357 175.5704697986577 121.71140939597315
764 1711 50 197.19142148174407 131.5196738745126 119.51293867422899
1821 1708 18 184.42705570291776 174.11405835543766 119.45623342175065
614 1707 31 157.07971656333038 152.0593445527015 111.11780336581046
1007 1706 29 115.03995560488346 138.47169811320754 118.41509433962264
1292 1704 23 134.18433931484503 134.53507340946166 99.95758564437195
1221 1702 40 157.0580033463469 152.9648633575014 111.25153374233129
950 1701 20 139.53061224489795 175.25850340136054 134.9387755102041
1435 1687 28 156.87347391786903 152.51387347391787 111.45948945615983
1164 1686 10 186.2212389380531 176.09734513274336 121.68141592920354
1091 1687 51 139.16494501832722 175.86471176274577 135.29790069976676
680 1684 26 225.77666248431618 168.03513174404014 137.27227101631115
1360 1681 42 134.3763386027537 135.06680265170831 99.40081591024988
897 1680 34 184.77486077963405 173.61336515513128 117.43277645186953
1977 1673 24 132.99347471451875 134.02936378466558 100.16476345840131
1677 1665 50 132.94328252392768 133.72917405175468 98.49202410492732
836 1664 24 134.89885807504078 134.49429037520392 99.37194127243067
1030 1659 12 184.8724832214765 174.73154362416108 119.24832214765101
1578 1654 38 229.11917725347854 176.39080459770116 131.14398064125834
1987 1651 14 144.74111675126903 141.20304568527916 102.29949238578679
1856 1651 32 133.2577502214349 134.24534986713905 99.19131975199292
440 1646 52 156.24291902699102 151.48683772075975 110.88270576474508
555 1643 51 132.11596134621794 132.5418193935355 97.10063312229258
1513 1640 17 228.22397476340694 175.7097791798107 131.05993690851736
1407 1641 11 139.63758389261744 138.7718120805369 105.10738255033557
1177 1638 29 114.48834628190899 138.3118756936737 118.39622641509435
975 1634 46 133.90093762739502 134.83693436608235 98.74113330615573
726 1633 25 197.0169252468265 131.61777150916785 119.63892806770099
1772 1631 46 155.71218915613534 151.71137382796576 111.01426824296779
1851 1621 20 141.6077097505669 139.63718820861678 100.66666666666667
1455 1622 39 184.41984271022386 174.2613430127042 117.86509376890503
1271 1621 52 186.51649450183274 176.25391536154615 118.07797400866379
1933 1620 39 132.8009679370841 134.25226860254085 99.72474289171204
796 1621 30 133.7591674925669 134.2358771060456 99.1228939544103
652 1612 44 225.6878830740217 167.4997642621405 136.91560584629892
1047 1607 32 185.4933569530558 175.27015057573075 118.56333038086802
1594 1605 9 190.98765432098764 178.60493827160494 125.23456790123456
1117 1605 29 115.6503884572697 139.2508324084351 119.67258601553829
368 1604 22 182.6086956521739 171.23062381852552 117.20793950850661
1707 1600 18 184.24933687002653 173.88328912466844 117.6631299734748
1372 1595 41 156.6685364609893 152.75471698113208 111.45792962774095
2003 1591 34 156.5202863961814 152.97533810660303 112.38265712012729
874 1589 50 184.48670684154555 173.80397022332505 117.23112371499468
497 1587 24 155.84665579119087 151.27079934747147 111.16965742251224
946 1579 11 159.78523489932886 155.26174496644296 116.13422818791946
1844 1572 51 182.8287237587471 172.8713762079307 117.52449183605465
1645 1572 45 184.1987767584098 173.74268239405853 117.49803407601573
540 1571 9 140.93827160493825 138.35802469135803 107.32098765432099
1419 1569 14 183.78680203045684 173.4517766497462 118.31472081218273
1181 1560 39 138.19540229885058 175.3369630973987 135.54022988505747
2004 1558 16 157.40694006309147 151.53312302839117 107.90536277602523
1539 1558 50 184.16696207018788 133.57320099255583 103.08791208791209
742 1556 45 156.8178243774574 152.37046745303627 111.89689820882481
351 1555 23 134.28384991843393 134.16476345840132 100.28874388254486
586 1552 36 195.6440342781806 130.32102834541857 118.49703361898483
422 1547 39 134.4367816091954 134.3877797943134 99.46460980036298
1936 1547 30 156.09018830525272 152.76511397423192 111.98216055500495
1466 1545 24 134.7862969004894 135.05220228384994 100.93637846655791
1751 1544 35 132.0735615440641 133.32702112163147 98.77640203932994
1254 1543 19 184.87002652519894 174.9442970822281 118.40583554376657
992 1540 40 133.73006134969327 134.93195761293921 99.45733407696598
808 1540 17 137.08832807570977 136.61514195583595 101.64353312302839
1318 1534 29 133.5937846836848 134.76581576026638 99.47280799112097
1696 1532 11 183.71812080536913 173.16107382550337 121.20134228187919
352 1531 11 138.26845637583892 136.6979865771812 104.65771812080537
1792 1522 13 184.7005076142132 174.6751269035533 120.20812182741116
1091 1522 53 157.35649735119975 153.84481146774695 111.64942349641633
658 1519 36 195.8628872775214 130.7297297297297 118.92287409360578
2005 1518 42 181.76032636409997 171.98878123406428 117.38194798572158
427 1507 10 151.61061946902655 147.5575221238938 108.66371681415929
506 1507 51 182.85504831722758 172.05431522825725 116.97567477507498
1217 1505 16 137.76340694006308 173.64984227129338 135.0378548895899
1760 1500 11 181.4295302013423 173.2281879194631 120.95973154362416
1944 1499 10 183.78761061946904 174.32743362831857 121.22123893805309
1397 1497 49 133.59642449600608 134.66679345758845 98.91860022822367
706 1498 13 186.98984771573603 175.7005076142132 121.92893401015228
1162 1496 21 115.74669187145558 139.68998109640833 119.41020793950851
916 1496 39 157.2183908045977 153.2679975801573 111.67695099818512
1487 1493 28 221.15871254162042 159.70477247502774 118.53718091009989
1321 1486 15 183.69169960474306 173.6679841897233 118.65612648221344
1280 1485 21 157.8241965973535 154.1568998109641 112.90737240075615
429 1484 22 183.87901701323253 172.55576559546313 117.62192816635161
1895 1484 33 133.28480509148767 134.78361177406524 100.04216388225936
1616 1483 33 132.48448687350836 133.18058870326175 98.83611774065236
824 1479 45 185.31367409349062 174.93446920052423 117.8352992573176
749 1477 26 134.21957340025094 135.2107904642409 100.10163111668757
351 1477 53 156.62355874104082 152.13150514178872 111.43876597070738
595 1468 33 223.648369132856 166.08910103420845 135.88066825775658
1544 1466 28 222.28745837957825 160.58490566037736 119.30743618201998
996 1457 45 184.3726518130188 174.30144167758846 117.13324595893404
1818 1453 44 134.024516737388 134.9075907590759 99.72324375294673
1704 1453 52 157.76441186271242 153.77574141952684 112.82472509163613
1140 1453 19 157.53050397877982 153.6392572944297 112.06366047745358
2055 1447 25 132.36812411847671 133.39774330042312 99.91678420310296
1085 1444 17 134.07570977917982 135.14195583596214 100.26498422712933
1585 1442 14 184.19289340101523 173.88324873096445 118.46192893401015
417 1436 15 134.03557312252963 133.93280632411066 101.15019762845849
1213 1434 50 113.95179014533853 137.7851825593761 118.24991137894364
1883 1431 16 134.89274447949526 135.4353312302839 101.48264984227129
1956 1428 44 157.1909476661952 153.0999528524281 112.04714757190004
1312 1427 33 185.12887828162292 175.01988862370726 117.85600636435959
467 1427 30 156.77205153617442 152.4856293359762 111.86818632309217
678 1421 50 194.43495214462956 129.77029422190714 118.04005671747608
610 1420 14 181.45685279187816 170.9441624365482 118.29441624365481
1466 1418 45 229.78680646570555 176.9139362166885 131.0681520314548
1054 1413 19 183.15915119363393 173.16976127320953 117.11671087533156
1631 1412 23 134.19738988580752 134.8678629690049 100.31321370309952
1383 1408 31 187.1364038972542 136.84942426926483 105.42781222320637
767 1407 29 225.3052164261931 167.55382907880133 137.12541620421754
352 1406 12 180.3288590604027 169.9798657718121 117.83221476510067
548 1404 44 133.16925978312116 133.88731730315888 98.72371522866572
1549 1400 28 156.81908990011098 152.48279689234184 111.27857935627081
966 1400 8 166.2469135802469 161.35802469135803 121.48148148148148
902 1400 52 134.06131289570143 135.33288903698767 99.44918360546485
1717 1392 12 182.63087248322148 172.83221476510067 119.04026845637584
820 1387 19 196.43766578249335 131.82758620689654 119.79045092838196
1125 1385 44 134.51438000942952 135.7873644507308 99.91560584629892
311 1383 33 131.59427207637233 132.5513126491647 98.81622911694511
1666 1382 21 183.0945179584121 173.38374291115312 117.8109640831758
1774 1379 32 157.1231178033658 153.52258635961027 112.56155890168291
618 1378 17 134.64037854889588 135.29968454258676 101.37223974763407
406 1375 39 134.4767090139141 135.14519056261344 100.335148215366
1268 1372 21 157.91493383742912 154.2646502835539 112.57088846880907
1873 1369 52 181.45784738420528 171.6547817394202 116.98133955348217
2040 1364 51 133.53448850383205 134.1156281239587 99.45484838387205
1959 1364 15 157.8300395256917 153.71146245059288 113.68379446640316
1006 1359 39 157.56261343012704 154.17664851784636 111.8820326678766
730 1357 20 224.34240362811792 167.12244897959184 136.9047619047619
348 1351 13 182.93401015228426 172.41624365482232 119.69035532994923
479 1349 33 182.4526650755768 172.2983293556086 117.18854415274464
1417 1343 29 184.87347391786903 134.79911209766925 103.95449500554939
1603 1342 44 135.03583215464403 136.2781706742103 100.60726072607261
1711 1340 32 181.75287865367582 171.89548272807795 116.99291408325952
1191 1339 32 137.90434012400354 175.32949512843226 135.37643932683793
844 1339 15 195.1304347826087 131.0079051383399 119.70355731225295
945 1338 16 158.01892744479494 154.25236593059935 113.42586750788644
1334 1334 51 221.64811729423525 160.35121626124626 118.82705764745086
787 1334 35 195.16533139111436 130.92571012381646 119.4340859431901
403 1333 9 149.23456790123456 147.8148148148148 115.34567901234567
1660 1332 12 185.00671140939596 175.02684563758388 119.8993288590604
589 1333 30 131.79484638255698 133.4846382556987 98.52428146679881
1071 1332 21 135.124763705104 136.8922495274102 101.3194706994329
1146 1328 14 185.82741116751268 176.68020304568526 119.55329949238578
1500 1324 52 183.14395201599467 172.9893368877041 116.9943352215928
1253 1323 20 225.2517006802721 169.21315192743765 138.87755102040816
670 1318 44 157.11598302687412 153.6982555398397 111.98208392267799
532 1317 19 156.51193633952255 152.82493368700264 111.50928381962864
401 1306 26 155.94479297365118 151.95984943538267 111.86951066499371
1955 1302 41 156.98929117797044 153.0999490056094 111.88475267720551
736 1302 18 157.3607427055703 153.3978779840849 112.6790450928382
1795 1300 43 134.97359735973598 136.05044790193304 100.61527581329561
850 1299 15 223.7075098814229 167.14624505928853 136.9802371541502
983 1298 19 135.87798408488064 137.12997347480106 101.9867374005305
1031 1297 20 157.56009070294786 154.6031746031746 112.70068027210884
2020 1296 16 157.58359621451103 152.8391167192429 113.37539432176656
314 1290 50 182.13753987947536 171.800779865296 117.10209145693017
2082 1289 41 181.2891381947986 170.72004079551252 117.5415604283529
1170 1288 15 139.45059288537547 176.86166007905138 135.75494071146244
911 1289 41 182.94135645079044 173.59561448240694 117.9245283018868
625 1283 13 183.46192893401013 174.248730964467 119.5228426395939
1869 1281 31 183.60850310008857 173.46589902568644 118.00708591674048
1424 1278 30 135.94846382556986 136.8434093161546 100.75421209117938
1572 1269 25 134.52750352609308 135.85754583921016 100.67418899858956
1296 1268 15 228.62055335968378 177.399209486166 131.9881422924901
469 1263 43 133.56152758132956 134.8995756718529 99.45780292314946
1108 1262 53 157.26051729510752 154.68650669990652 111.84013711436585
1231 1259 44 194.66949552098066 131.05469118340406 118.86327204148986
1651 1256 53 156.8610158928015 153.191336865067 111.72452477407292
1735 1255 25 134.63187588152326 135.6614950634697 101.01410437235543
565 1250 48 156.01635602890835 153.06542411563333 111.92050209205021
1466 1247 14 158.0456852791878 154.2741116751269 113.57868020304568
806 1246 45 223.83267802533857 166.521625163827 135.913499344692
728 1247 30 134.5153617443013 136.28444003964321 100.89197224975223
2006 1243 32 191.89991142604075 128.15323294951284 117.19309123117803
389 1243 28 157.42286348501665 153.41953385127636 112.5826859045505
1584 1241 10 173.7787610619469 166.31858407079645 116.87610619469027
1354 1235 44 156.74068835454975 153.68976897689768 111.67138142385667
656 1230 35 182.22214129643118 173.0597232337946 117.03714493809177
1007 1228 42 133.64252932177462 136.09535951045385 99.87659357470679
877 1229 18 157.18832891246683 154.3501326259947 113.08222811671087
341 1226 11 182.04026845637583 171.78523489932886 119.3758389261745
1172 1226 15 194.76679841897231 132.22134387351778 119.47035573122528
1924 1223 39 221.06049606775562 164.08650937689052 134.97459165154265
1287 1222 19 184.02652519893897 174.68965517241378 118.01591511936338
923 1221 21 156.78071833648394 154.46502835538752 112.47637051039698
1515 1213 44 182.7123998114097 173.06600660066007 116.95945308816596
2186 1211 5 114.48275862068965 108.03448275862068 106.0
1432 1205 32 133.94419840566874 135.73516386182462 100.07883082373782
1811 1204 49 194.42715861544315 129.9646253328262 118.65233929250665
1594 1204 27 180.71267252195733 171.13299874529486 116.75533249686323
297 1201 31 191.2931798051373 127.80779450841453 117.17360496014172
1125 1198 13 183.87817258883248 175.48730964467003 119.36040609137055
508 1198 18 222.12201591511936 166.05835543766577 136.73740053050398
1724 1198 31 223.73427812223207 166.38618246235606 136.6563330380868
700 1196 13 158.63959390862942 155.60913705583755 114.60913705583755
1068 1194 21 182.41587901701322 174.67674858223063 117.37051039697543
2306 1189 5 162.79310344827587 161.72413793103448 163.68965517241378
820 1188 12 194.63758389261744 133.61744966442953 121.40268456375838
2206 1187 7 98.77551020408163 94.0204081632653 91.6938775510204
1382 1184 14 185.07614213197968 175.45177664974617 119.02538071065989
2075 1184 50 194.40765685926976 130.3792981212336 119.29989365473236
549 1183 14 180.39086294416242 171.59390862944161 117.497461928934
2205 1180 7 84.91836734693877 81.22448979591836 80.40816326530611
1880 1178 14 137.35532994923858 137.0710659898477 103.94416243654821
602 1179 28 132.5260821309656 134.55826859045504 99.57047724750278
1166 1178 22 224.8374291115312 168.80907372400756 137.9829867674858
453 1176 30 194.62041625371654 130.31813676907828 118.83448959365708
1985 1176 30 222.15956392467788 165.30525272547075 135.72745292368683
1658 1176 26 137.82434127979923 173.435382685069 135.20326223337514
120 1175 2 162.4 158.20000000000002 156.60000000000002
871 1174 34 184.8392999204455 176.37708830548928 118.06523468575975
1228 1172 32 224.55624446412756 168.69353410097432 137.53675819309123
946 1173 25 135.16925246826517 137.88293370944993 101.51763046544428
120 1169 2 160.8 158.60000000000002 159.20000000000002
115 1168 2 169.0 171.60000000000002 175.4
1570 1161 8 161.3827160493827 156.86419753086417 119.28395061728395
377 1160 44 222.7897218293258 165.63837812352665 135.93776520509195
757 1155 51 194.6844385204932 131.6661112962346 119.63078973675442
1935 1154 18 157.52785145888592 152.69761273209548 112.9840848806366
1754 1155 16 223.10094637223975 165.99053627760253 136.40694006309147
1463 1153 25 114.96191819464033 138.6953455571227 119.17207334273624
671 1153 26 223.5294855708908 167.65370138017565 137.32998745294856
1313 1145 50 115.22261609358384 139.73839064161646 119.89117334278625
1612 1144 27 115.27728983688833 138.12296110414053 119.45922208281053
1705 1137 26 195.07277289836887 130.57089084065242 119.41656210790464
295 1132 31 193.0770593445527 129.47918511957485 118.26926483613818
1112 1131 39 132.9382940108893 136.00725952813067 99.50453720508168
917 1131 17 133.9495268138801 136.62776025236593 101.08832807570978
1400 1129 32 137.77502214348982 175.37112488928256 135.762621789194
515 1129 38 193.0441621294616 129.90320629159106 118.6690865093769
2023 1128 16 134.3123028391167 134.50157728706625 102.35015772870662
949 1129 9 188.59259259259258 180.76543209876542 125.28395061728395
885 1127 9 186.28395061728395 178.5679012345679 123.34567901234567
1012 1127 49 183.41726892354507 176.0186382655002 117.44123240775961
2102 1119 13 157.78680203045684 152.91878172588832 114.86294416243653
1535 1118 43 138.0966525223951 175.05940594059405 135.52663837812352
1972 1114 31 183.25420726306467 172.86093888396812 118.38263950398583
1877 1113 43 134.89014615747288 135.8896746817539 100.84865629420085
442 1110 27 222.29736511919697 165.48557089084065 135.6863237139272
347 1109 12 137.8791946308725 137.5771812080537 105.40939597315436
1789 1107 35 158.14712308812818 154.18426802621997 112.65404224326294
1254 1103 10 119.12389380530973 142.68141592920352 122.09734513274336
1661 1102 19 223.0106100795756 165.56233421750662 136.12201591511936
1193 1102 41 194.6874043855176 132.2508924018358 119.53391126976034
391 1095 19 185.24137931034483 175.41909814323606 119.18567639257294
613 1090 50 223.0035448422545 166.9298121233605 136.37398085785182
1460 1090 32 115.66430469441984 139.41452612931798 119.96545615589017
1614 1088 24 115.82707993474715 138.54975530179445 119.70799347471453
840 1088 41 135.17083120856708 137.90821009688935 100.87965323814382
699 1088 27 193.23086574654954 131.44542032622334 119.5332496863237
756 1080 21 156.53308128544424 154.63137996219282 112.38185255198488
547 1080 9 221.07407407407405 167.74074074074073 138.53086419753086
1722 1076 29 228.6281908990011 176.98668146503886 132.0566037735849
485 1076 20 136.10884353741497 137.4875283446712 102.40362811791384
2059 1074 42 155.48036715961246 151.69301376848549 111.82916879143295
1405 1073 13 139.21827411167513 175.85786802030455 136.93401015228426
925 1072 35 155.68536052439913 154.41879096868172 111.88346686088857
1360 1071 26 137.03638644918442 174.82308657465495 135.60853199498118
1837 1070 13 183.01015228426394 173.1522842639594 119.18781725888324
1923 1069 17 157.42271293375393 153.20820189274448 113.08201892744479
1067 1061 23 136.25448613376835 139.1957585644372 102.36867862969005
1128 1048 34 223.88146380270487 168.27844073190136 136.85202863961814
787 1049 15 158.14624505928853 156.22134387351778 113.70750988142292
1666 1048 26 227.61355081555834 176.2107904642409 131.5934755332497
1281 1043 50 182.64657922722438 174.95568947181852 116.96277915632754
668 1042 14 182.4467005076142 174.3147208121827 117.87817258883248
325 1039 51 133.09530156614463 134.66377874041987 100.16861046317895
1516 1038 28 135.6992230854606 137.37402885682576 102.08324084350721
880 1036 16 158.49526813880126 156.48895899053628 113.99369085173501
428 1035 41 181.36155022947477 172.61397246302909 117.38194798572158
1720 1033 9 185.9506172839506 175.77777777777777 123.8395061728395
1199 1033 19 229.946949602122 179.83023872679044 133.40053050397879
2062 1030 19 157.78249336870024 152.04509283819627 107.9628647214854
535 1025 43 156.32956152758132 153.66006600660066 111.55162659123054
599 1024 13 181.59898477157358 173.18781725888323 118.95939086294415
1884 1020 35 135.70284049526586 136.88419519300803 101.5061908230153
1787 1019 51 182.82005998000668 173.161946017994 117.35188270576475
1358 1017 19 135.51989389920425 138.2944297082228 102.53315649867373
1978 1014 51 134.84271909363545 136.31089636787738 101.36187937354215
1000 1013 48 156.20996576645112 155.05477367820464 111.6124001521491
727 1013 41 136.26364099949006 139.1494135645079 101.93115757266702
2064 1012 25 163.97320169252467 156.45416078984485 108.84344146685473
1594 1004 51 135.94435188270577 137.28090636454516 101.82772409196934
1431 997 52 156.1436187937354 153.70543152282573 111.6227924025325
919 997 29 133.80688124306326 137.33185349611543 101.16315205327415
588 995 13 157.5482233502538 154.7258883248731 113.62944162436547
1506 994 12 181.2281879194631 172.38255033557047 119.18791946308724
1169 992 24 185.33442088091354 136.93800978792822 105.80097879282219
1276 991 9 168.4320987654321 162.20987654320987 111.18518518518518
827 985 50 183.20063807160582 175.79369018078697 117.26550868486352
643 986 37 155.3131179960448 153.89386947923532 111.63348714568225
1882 983 12 140.7785234899329 139.94630872483222 106.02013422818791
1274 979 13 170.53299492385784 163.71573604060913 110.71573604060913
1221 978 22 156.66918714555766 155.59546313799623 112.84877126654065
1690 974 42 187.16879143294238 137.40846506884245 106.41407445181031
484 974 28 135.8390677025527 137.88457269700334 101.7813540510544
1928 969 8 184.14814814814812 175.03703703703704 123.39506172839505
1094 969 48 220.31761125903387 160.86915176873336 118.9007227082541
443 961 10 181.6283185840708 173.47787610619469 121.01769911504425
1340 959 35 155.76183539694102 154.08958485069192 111.1769847050255
387 954 39 154.59830611010287 152.32244404113735 111.11917725347853
696 953 15 138.01976284584978 140.48616600790513 104.46245059288538
1992 952 12 182.6979865771812 173.63758389261744 119.73154362416108
1822 949 12 138.74496644295303 139.5704697986577 105.67114093959731
2043 947 29 133.99001109877915 135.73473917869035 101.33518312985572
312 946 31 182.53321523472098 173.25509300265722 117.95659875996458
1754 943 18 156.54376657824932 153.41644562334216 112.79840848806366
1388 942 11 158.85906040268455 156.7785234899329 115.91275167785234
1178 939 25 135.51763046544428 139.14950634696757 102.22566995768688
1880 939 42 155.59918408975014 152.6807751147374 111.60938296787354
1522 939 38 183.3835450695705 174.61887477313977 118.02722323049002
496 938 10 180.89380530973452 173.68141592920352 120.38938053097345
748 937 34 183.67064439140813 175.96181384248212 117.5505171042164
1470 935 8 185.04938271604937 177.19753086419752 123.41975308641975
1021 934 24 227.06035889070148 177.49265905383362 131.64110929853183
894 935 25 181.24400564174894 174.58815232722142 116.70803949224259
1950 932 25 182.82510578279266 173.57827926657262 117.80394922425951
957 933 32 154.47652790079718 153.56687333923827 111.15943312666076
1634 929 26 184.05897114178165 174.52195734002507 118.25345043914679
1588 927 17 136.64984227129338 138.13249211356467 103.22397476340694
561 927 52 182.10563145618127 173.93268910363213 117.29656781072975
1440 921 16 137.98422712933754 139.81072555205046 104.53312302839116
1339 911 12 183.0201342281879 175.91275167785236 118.9463087248322
785 905 8 188.96296296296296 181.7037037037037 125.85185185185185
452 904 39 133.13430127041744 135.96370235934666 100.44101633393831
1268 901 51 135.66711096301233 139.3892035988004 101.74041986004666
318 900 11 181.27516778523488 173.16778523489933 121.38926174496645
1111 900 15 155.00395256916994 154.26086956521738 111.98814229249011
1565 899 9 184.03703703703704 175.2716049382716 122.0
1808 896 37 136.36980883322346 138.0632827949901 102.76203032300593
1391 889 38 183.41984271022386 175.66969147005446 117.3750756200847
660 889 41 134.11422743498215 137.5170831208567 101.09178990311067
835 887 36 154.84113381674356 153.94594594594594 111.27883981542517
1863 885 11 183.61744966442953 174.61073825503357 122.25503355704697
1057 882 31 187.3348095659876 138.8281665190434 107.02568644818423
2009 880 43 183.07355021216406 173.9094766619519 118.11032531824611
990 880 24 186.43556280587276 137.84339314845025 106.22185970636215
1710 877 52 219.85271576141287 159.4928357214262 118.76674441852717
1333 875 13 179.86802030456852 173.0 117.07614213197968
506 875 14 154.75634517766497 153.12690355329948 112.85786802030456
367 876 38 181.632183908046 172.98124621899578 117.18088324258925
1470 875 33 135.4351630867144 138.07239459029435 101.86953062848052
1530 872 18 154.81697612732094 152.72413793103448 112.25464190981432
1167 872 45 181.61249453910006 175.29270423765837 116.67715159458278
1918 862 39 135.75196612220208 137.5771324863884 102.4561403508772
916 854 43 135.45874587458746 139.1084394153701 102.04761904761905
1785 853 8 186.71604938271605 178.48148148148147 126.88888888888889
1607 851 45 155.173875054609 152.45478374836173 111.07514198339886
748 839 53 136.68307884076034 139.7425989404799 102.32533499532565
601 836 25 135.16925246826517 138.11424541607897 101.86177715091678
1357 833 17 135.8391167192429 138.80757097791798 102.48895899053628
1310 833 24 154.60032626427406 154.00326264274062 111.32789559543231
1077 832 13 218.23350253807104 161.10659898477155 120.67512690355329
1388 831 9 184.12345679012344 176.44444444444443 120.90123456790123
534 828 34 154.07955449482895 152.4598249801114 110.99124900556882
1841 825 38 181.56926799758017 172.8614640048397 117.24924379915306
1772 824 20 156.24716553287982 153.12471655328798 112.47392290249434
1359 819 13 136.14213197969542 136.7208121827411 98.35532994923857
1429 817 29 155.4772475027747 153.8645948945616 111.84017758046615
1246 814 32 183.35518157661647 177.066430469442 117.48804251550045
1119 811 21 135.96219281663517 139.43100189035917 102.2835538752363
1012 811 46 219.6025275173257 160.98287810843865 119.02201386057888
364 811 18 134.84350132625994 137.6419098143236 103.39522546419097
659 805 34 155.1002386634845 153.72712808273667 111.3134447096261
443 804 53 153.26706138984107 152.05391087566218 110.36958554066688
1897 803 13 185.05076142131978 176.5685279187817 122.2233502538071
1514 801 52 183.36387870709763 174.7620793068977 117.49983338887039
1671 797 23 187.2137030995106 137.83197389885808 107.02120717781403
846 789 42 135.34421213666496 139.16930137684855 101.73788883222846
1636 789 11 158.65771812080536 154.6778523489933 115.34228187919463
1301 789 14 137.86294416243655 141.23857868020303 105.29441624365481
711 780 12 181.7718120805369 174.76510067114094 119.48322147651007
1365 778 40 183.07473508087006 175.93307306190744 117.18906860011155
1112 779 11 184.27516778523488 177.47651006711408 120.84563758389261
1966 778 52 154.31122959013663 152.0226591136288 111.0446517827391
1792 776 17 136.77917981072554 138.24290220820188 103.45425867507886
1730 775 33 187.94431185361975 138.55529037390613 107.53301511535402
1596 776 22 135.45746691871457 137.54253308128546 102.3742911153119
930 773 34 181.39220365950678 175.04375497215594 116.96101829753381
1829 770 10 185.47787610619469 176.2920353982301 122.27433628318583
787 768 13 157.4517766497462 156.20304568527916 113.77664974619289
1175 762 47 134.39706481858948 138.94211169995924 101.40562576437016
589 763 45 181.35342944517257 174.19440803844475 117.09086937527304
980 757 9 184.88888888888889 178.76543209876542 122.5679012345679
749 756 25 182.00564174894217 175.30324400564174 117.64880112834979
1010 751 10 222.4867256637168 167.01769911504425 125.68141592920354
512 752 26 134.95357590966123 138.25094102885822 102.37766624843161
1569 746 15 186.11067193675888 176.95256916996047 120.30434782608695
1877 746 33 137.01670644391407 139.00954653937947 103.0230708035004
865 737 11 181.90604026845637 175.4429530201342 120.74496644295301
417 734 18 179.48010610079575 172.07161803713527 117.40583554376657
679 731 35 136.88419519300803 139.93954843408596 102.87836853605245
1648 730 43 228.3177746346063 177.27911362564828 131.6077322017916
1918 728 10 181.21238938053096 173.46902654867256 120.84955752212389
1071 725 44 226.95143800094294 177.66855256954267 131.1084394153701
1442 725 42 136.0137684854666 139.16777154513005 102.40795512493627
1276 723 52 155.08363878707098 154.7320893035655 111.0
1796 715 39 155.78826376285542 153.70175438596493 111.79310344827587
1722 712 24 188.38662316476348 139.61011419249593 108.72593800978794
764 712 8 184.91358024691357 178.82716049382714 123.85185185185185
1516 711 28 154.2108768035516 152.54605993340732 111.12652608213097
813 710 36 182.04218852999338 175.30388925510874 117.06591957811469
990 710 26 135.34504391468005 139.1518193224592 102.24341279799246
1373 708 18 136.65782493368698 139.71087533156498 102.84084880636604
635 705 10 184.61061946902655 177.38938053097345 122.32743362831859
1855 705 12 180.53691275167785 172.6241610738255 118.96644295302013
732 704 19 134.9416445623342 138.48806366047745 101.74005305039788
1948 701 16 136.85173501577287 138.71293375394322 104.23659305993691
1575 699 24 218.66557911908646 159.46166394779772 119.24632952691681
1208 699 13 158.0964467005076 157.243654822335 113.68020304568527
542 698 25 134.6290550070522 138.03102961918194 101.54724964739069
470 693 37 133.03032300593276 136.7139090309822 100.63678312458799
1024 688 8 185.86419753086417 180.07407407407408 125.1111111111111
597 688 25 153.54583921015515 152.7700987306065 110.91960507757405
707 685 12 181.59731543624162 174.82550335570468 118.63087248322148
1110 679 12 219.50335570469798 162.45637583892616 121.12080536912751
909 679 53 155.40417575568713 154.84699283265815 111.27454035525085
1342 679 18 136.16710875331563 139.72148541114058 103.16180371352785
1155 677 30 188.06937561942516 140.01486620416253 107.6412289395441
1395 667 26 183.6900878293601 176.70514429109159 117.98243412797991
1899 666 41 181.09229984701685 173.0035696073432 117.20040795512494
1671 666 17 227.38170347003154 177.13564668769715 131.95268138801262
1458 663 19 227.15649867374003 177.19098143236073 131.9283819628647
509 662 9 180.37037037037035 173.96296296296296 120.55555555555554
1217 658 22 219.31568998109643 161.1209829867675 119.19659735349717
1071 657 18 182.54376657824932 176.16445623342173 117.61273209549071
1617 653 31 219.31178033658105 159.64481842338353 118.84676705048716
662 653 35 134.93226511289149 138.3962126729789 102.11726147123089
1286 648 14 225.4670050761421 176.18781725888323 131.40609137055836
1824 648 25 154.59379407616362 152.69957686882933 111.54866008462623
835 644 19 137.54376657824932 141.0053050397878 104.25994694960211
1744 634 51 135.25524825058315 137.8843718760413 101.99800066644453
1005 633 43 182.04903347477605 176.1230551626591 116.5063649222065
479 634 18 152.87798408488064 152.40583554376656 111.24403183023873
1112 633 24 187.02120717781403 138.89070146818923 106.8189233278956
754 631 52 154.66244585138287 153.94935021659447 110.97534155281573
1859 627 9 184.61728395061726 176.679012345679 123.29629629629629
1529 626 51 187.24958347217594 138.35488170609798 106.68710429856715
1672 626 15 181.66007905138338 173.47430830039525 118.58102766798419
1336 622 31 188.37112488928256 139.55181576616476 107.48715677590789
556 615 50 180.37291740517546 173.56079404466502 116.56150301311591
1178 614 31 219.00177147918512 160.52258635961027 119.12843224092117
1071 613 18 137.70822281167108 141.24137931034483 104.27055702917771
680 606 12 179.39597315436242 173.04697986577182 117.496644295302
1887 604 13 179.61421319796952 171.2944162436548 118.24365482233502
1634 600 15 156.45059288537547 154.62845849802372 113.59683794466402
1252 600 33 227.35481304693715 178.38186157517902 131.90294351630868
1428 597 44 219.3922677982084 160.4992927864215 119.4040546911834
635 592 20 135.29478458049886 138.63718820861678 102.3922902494331
925 583 39 154.02601330913492 153.7912885662432 110.53297035692681
1045 581 16 153.83596214511041 153.74447949526814 111.52681388012618
842 580 40 136.09871723368656 139.73340769659788 102.54322364751813
1839 579 32 135.4340124003543 138.2639503985828 102.6917626217892
1676 570 31 179.56510186005315 171.89105403011516 116.31178033658105
1311 571 20 189.99092970521542 141.31292517006804 108.75963718820861
1212 568 18 181.19893899204243 174.6419098143236 117.06631299734748
987 567 14 135.60406091370558 139.62944162436548 103.35532994923857
1363 563 21 226.38185255198488 177.359168241966 131.5897920604915
1116 554 47 179.71993477374644 173.67590705258866 115.75377089278435
697 552 34 154.37947494033415 153.4956245027844 110.84168655529038
1596 546 44 153.84582743988685 152.74068835454975 110.72277227722772
969 539 13 180.08629441624365 174.34010152284262 118.05076142131979
773 538 34 182.17422434367543 175.23468575974545 117.0692124105012
894 536 15 139.04347826086956 142.098814229249 104.64822134387352
613 534 37 179.40606460118653 172.71720500988792 116.30520764667105
1273 531 28 135.37735849056605 139.15649278579357 102.04661487236405
1503 528 43 135.8236680810938 139.24752475247524 102.1093823668081
1763 527 52 153.24025324891704 151.75474841719426 110.5361546151283
1026 522 35 134.97378004369995 139.31463947560087 102.28769118718137
1425 522 24 153.0456769983687 152.53833605220228 110.20554649265905
1681 510 20 152.6281179138322 151.49886621315193 110.93197278911565
725 510 12 182.6778523489933 175.2281879194631 119.41610738255034
845 497 39 153.51603145795525 153.0332728372656 110.46279491833032
1201 494 44 134.13107024988213 138.2984441301273 101.1093823668081
1076 493 16 180.49842271293375 174.36908517350156 117.30283911671924
1349 491 52 179.54848383872044 173.30423192269245 115.88470509830057
1560 484 21 178.9413988657845 172.0756143667297 116.73156899810964
673 477 37 133.79762689518785 137.27290705339485 101.38167435728411
943 474 51 179.3975341552816 173.40153282239254 115.75974675108297
1519 466 15 178.34387351778656 171.27272727272725 117.1699604743083
1266 464 27 179.0514429109159 172.69761606022584 115.66875784190714
1121 465 32 152.52347209920285 152.77679362267494 110.08414526129319
1713 459 24 134.14192495921696 137.15823817292008 102.35399673735726
1631 450 52 177.7947350883039 170.4935021659447 115.60113295568145
1452 447 48 152.4823126664131 152.05173069608216 109.9163179916318
763 442 51 134.64645118293902 138.29356881039655 101.97667444185272
1158 437 14 135.03045685279187 138.71065989847713 103.11167512690355
1041 432 46 134.1606196494089 138.48878923766816 101.37423562984101
1401 426 10 180.00884955752213 174.65486725663717 120.01769911504425
859 415 39 152.62189957652754 152.55051421657595 110.26860254083485
1296 413 26 153.5194479297365 153.28607277289836 110.8293601003764
1360 411 25 180.00423131170663 173.3511988716502 116.68829337094499
976 406 14 182.9695431472081 176.48223350253807 119.44670050761421
1537 403 39 135.37870538415004 138.91167574107683 102.25408348457351
1118 398 31 181.41718334809568 174.76705048715678 116.46412754650133
1208 389 50 132.963133640553 137.21517192484936 100.00567174760724
1482 386 15 153.67193675889328 152.3675889328063 111.07114624505928
807 384 15 177.7905138339921 171.05138339920947 116.31620553359683
1595 374 19 135.3050397877984 138.3183023872679 102.9946949602122
995 373 16 133.77917981072554 137.98738170347002 102.7602523659306
932 363 39 179.43617664851786 173.01028433151848 115.90986085904417
1136 357 10 181.2212389380531 175.13274336283186 119.39823008849558
869 354 13 136.75126903553297 140.12182741116752 105.36548223350253
1502 348 25 176.72214386459802 169.8913963328632 115.51622002820875
1418 344 51 133.27524158613795 137.13528823725426 100.39853382205932
1307 332 49 152.07493343476608 151.83453784709016 109.87980220616204
1056 327 52 152.6897700766411 152.54448517160947 110.12662445851383
978 317 19 153.07957559681697 152.80371352785144 111.45888594164455
1157 310 38 178.8342407743497 172.06654567453117 115.78342407743497
1231 296 30 133.99306243805748 137.74727452923688 101.37363726461844
1222 99 2 144.6 146.0 143.20000000000002
1216 99 2 146.4 149.4 148.0
1217 94 2 149.4 155.0 155.20000000000002
