1154 2276 4 166.15384615384616 165.92307692307693 164.3846153846154
1158 2275 4 128.53846153846155 127.84615384615385 125.76923076923077
1290 2101 16 125.94637223974763 158.94006309148264 145.70031545741324
1230 2090 34 124.12330946698489 158.50039777247414 144.96420047732698
1135 2070 49 122.5968048687714 155.89159376188667 142.88664891593763
1033 2068 34 122.05727923627686 155.02307080350042 142.0007955449483
1340 2061 34 123.13842482100239 155.8400954653938 143.07000795544948
960 2059 24 122.30016313213703 154.89070146818923 142.06035889070148
1512 2053 12 128.10738255033556 160.95973154362414 148.31543624161074
1439 2046 50 123.00638071605813 156.13470400567175 143.24459411556185
1276 2042 23 123.76345840130506 156.50244698205546 143.34747145187603
1201 2030 16 125.61198738170347 159.02208201892745 145.42271293375393
1072 2025 11 129.81879194630872 162.09395973154363 148.70469798657717
887 2021 36 121.93671720500988 154.1305207646671 141.69215557020433
1044 2012 11 128.9731543624161 160.41610738255034 147.6241610738255
1547 2010 34 123.93794749403342 156.612569610183 144.26412092283215
1171 1996 12 126.42953020134227 159.7986577181208 146.4295302013423
1131 1997 13 127.97969543147207 160.82741116751268 147.29949238578678
1493 1992 11 127.88590604026845 159.15436241610738 146.7718120805369
1342 1980 33 123.3667462211615 155.74781225139222 143.42641209228321
798 1975 49 122.66717383035375 155.59186002282237 142.30886268543173
976 1974 50 122.89968096419709 156.29103154909606 143.073732718894
1630 1967 36 123.18589321028344 155.8319050758075 143.37705998681608
1409 1967 23 125.01468189233279 158.2805872756933 145.43393148450247
1075 1966 33 124.2219570405728 158.40970564836914 144.65155131264916
1690 1965 10 131.99115044247787 164.43362831858406 151.2566371681416
1246 1964 49 123.78394826930392 157.68543172308864 144.16584252567517
1573 1962 9 129.66666666666666 160.06172839506172 147.71604938271605
1530 1957 9 132.2469135802469 162.30864197530863 150.2222222222222
1155 1947 26 124.74153074027602 158.42910915934755 145.02258469259723
888 1946 21 124.4234404536862 157.73724007561438 144.2703213610586
1475 1936 33 124.22354813046938 157.51471758154335 144.60620525059667
644 1930 11 126.79194630872483 157.34228187919462 145.4228187919463
704 1926 36 123.67106130520763 156.58536585365852 143.2649967040211
1321 1922 16 125.86119873817034 158.82018927444796 145.72870662460568
1029 1915 16 126.0031545741325 159.0441640378549 145.4479495268139
1707 1910 34 124.37947494033413 157.78202068416866 144.86714399363564
863 1908 16 126.11356466876971 159.9621451104101 146.29337539432177
987 1906 8 132.5185185185185 163.1358024691358 150.29629629629628
758 1899 10 128.9203539823009 160.53097345132744 147.2920353982301
1643 1896 16 125.54889589905362 158.3186119873817 145.50788643533122
1234 1893 9 130.98765432098764 160.9506172839506 148.34567901234567
1185 1890 25 124.87447108603666 159.04795486600847 145.31734837799718
1771 1889 20 125.87528344671202 159.10884353741497 146.0589569160998
1561 1888 49 124.09243058197033 157.81437809052872 144.7151007987828
1395 1885 50 124.35164835164835 157.86671393123007 144.69833392414037
932 1883 35 123.7931536780772 157.07137654770577 143.80844865258558
1286 1874 30 124.82457879088206 158.398414271556 145.05550049554014
1099 1874 49 124.46405477367821 158.74971472042603 144.91099277291747
1485 1870 18 125.42970822281167 158.18302387267903 145.87533156498674
634 1871 37 124.479894528675 157.49439683586024 144.0573500329598
806 1869 37 124.06855636123927 157.61964403427817 143.9215557020435
1004 1865 23 124.79282218597064 158.44045676998368 144.98694942903754
1234 1858 9 134.28395061728395 165.03703703703704 152.09876543209876
1334 1847 10 129.47787610619469 160.76991150442478 147.8849557522124
1721 1838 28 123.58490566037736 156.50277469478357 144.1764705882353
870 1839 21 125.39697542533082 158.75425330812854 145.46313799621927
1648 1838 29 125.1165371809101 158.57602663706993 145.54273029966703
1458 1836 9 132.41975308641975 163.4320987654321 150.25925925925924
960 1828 14 126.03045685279187 159.08121827411165 145.50761421319797
1815 1825 49 123.53252187143401 156.83149486496768 144.1331304678585
717 1818 49 124.34499809813617 157.75047546595664 144.27577025484976
565 1819 28 124.52830188679245 157.03884572697004 144.15538290788012
1507 1817 25 125.31170662905501 158.39633286318758 145.55430183356842
1186 1818 38 254.82637628554147 134.28070175438597 79.52329098608591
1358 1807 21 254.1209829867675 133.4045368620038 81.27977315689981
632 1801 19 126.45888594164455 159.78779840848804 146.3448275862069
1128 1799 11 252.08053691275168 138.95973154362414 89.42953020134227
1015 1794 36 125.29334212261041 159.06789716545813 145.134475939354
1581 1791 29 125.05327413984462 158.32408435072142 145.26859045504995
822 1792 25 125.02820874471085 158.34273624823695 144.58815232722142
1750 1789 12 127.26174496644295 159.35570469798657 146.83221476510067
1426 1787 38 254.43799153055053 133.637628554144 80.32365396249244
1090 1785 25 254.65021156558532 132.7898448519041 79.58956276445699
1281 1780 52 254.48117294235254 132.45618127290902 79.04031989336887
915 1765 49 124.75199695701788 158.4142259414226 144.7421072651198
1887 1756 33 124.54415274463008 158.02625298329357 145.4510739856802
1682 1755 49 124.54697603651579 158.59186002282237 145.125142639787
1825 1752 9 132.80246913580245 162.93827160493825 150.92592592592592
678 1752 10 131.24778761061947 162.76106194690266 149.24778761061947
1148 1749 29 254.67480577136516 133.66037735849056 80.01220865704772
1206 1747 19 254.72944297082228 135.15119363395226 81.28647214854111
1365 1743 27 254.7013801756587 133.05144291091594 80.36135508155583
507 1741 50 124.11556185749734 156.77029422190714 143.83587380361573
1772 1738 29 123.09433962264151 156.21198668146505 143.94561598224195
772 1734 37 125.44693473961766 158.7211601845748 144.9578114700066
615 1734 37 124.5570204350692 157.40145023071852 144.42122610415294
988 1731 16 129.87381703470032 162.5552050473186 147.86435331230282
1423 1723 21 254.52362948960302 133.11909262759926 80.38563327032136
1505 1722 52 254.24658447184274 132.83838720426525 79.54348550483172
1596 1720 23 253.88580750407831 133.2593800978793 81.54812398042415
437 1720 13 129.27918781725887 161.14213197969542 148.59390862944161
845 1716 23 125.11256117455139 157.76672104404568 144.48450244698205
1241 1714 12 129.46308724832215 161.35570469798657 147.69127516778522
1932 1712 18 126.02652519893898 159.03978779840847 146.82758620689654
1327 1711 11 131.70469798657717 163.51006711409394 149.93959731543623
1070 1705 52 254.88970343218926 133.83338887037655 79.72542485838055
1829 1702 26 124.82559598494353 158.16311166875784 145.6863237139272
699 1702 28 127.2819089900111 161.0710321864595 147.05882352941177
1705 1691 6 144.7142857142857 172.93877551020407 159.83673469387753
1281 1687 28 126.32963374028857 160.4095449500555 146.08768035516093
1884 1686 19 124.48010610079575 158.08753315649867 145.55172413793102
905 1684 23 126.96247960848288 160.278955954323 146.3719412724307
791 1682 11 130.4228187919463 160.7986577181208 147.91946308724832
1447 1676 13 129.34010152284262 162.5431472081218 148.43147208121826
631 1675 12 131.00671140939596 163.63087248322148 149.93959731543623
569 1668 28 125.39955604883463 158.6348501664817 145.04994450610434
1659 1666 34 253.9562450278441 132.5568814638027 80.02466189339698
1188 1665 49 124.85165462152911 159.5853936858121 145.38988208444275
983 1662 38 254.43073200241986 133.7459165154265 79.10949788263764
1749 1661 33 124.14717581543358 157.8695306284805 144.98806682577566
443 1659 33 126.28082736674622 159.9236276849642 146.46459824980113
509 1659 14 127.09137055837563 159.20812182741116 145.91878172588832
1950 1654 33 123.80588703261735 157.29276054097056 144.87828162291171
1575 1654 38 254.22323049001818 133.74349667271628 80.32607380520267
1376 1652 49 125.4754659566375 160.09547356409283 146.08063902624573
673 1652 12 129.18120805369128 161.31543624161074 148.3288590604027
1306 1642 10 131.30088495575222 163.7433628318584 149.4867256637168
833 1642 32 125.1762621789194 158.07440212577504 144.36492471213464
1042 1632 20 254.3106575963719 137.2925170068027 82.48072562358277
1483 1631 30 125.83845391476709 160.0812685827552 146.1149653121903
1264 1632 16 127.08832807570978 161.2365930599369 147.09148264984228
1111 1630 26 126.50439146800501 160.97741530740274 146.59473023839396
742 1622 49 126.94903004944847 160.65500190186384 146.41993153290224
1847 1616 49 124.58501331304679 159.13807531380755 145.7215671357931
631 1614 32 125.25597874224978 158.40035429583702 144.9273693534101
1627 1611 20 253.7437641723356 132.52607709750566 81.35374149659864
467 1606 13 130.60913705583755 163.20812182741116 149.46192893401013
1427 1604 10 132.28318584070797 164.89380530973452 150.97345132743362
1539 1603 12 133.04026845637583 166.4228187919463 152.04026845637583
1776 1600 16 126.58675078864353 159.794952681388 146.4700315457413
1934 1595 21 123.945179584121 157.60113421550096 144.7977315689981
1311 1594 25 125.6854724964739 160.64315937940762 146.28631875881524
993 1594 20 254.59637188208617 135.12471655328798 81.35827664399093
916 1593 51 254.52015994668446 133.88270576474508 79.16794401866045
677 1586 13 128.0964467005076 159.43147208121826 146.20812182741116
1995 1585 29 123.87569367369589 157.56825749167592 144.94783573806882
1157 1578 26 125.53701380175657 160.77666248431618 146.6587202007528
536 1579 49 125.54773678204641 159.08139977177635 145.29821224800304
416 1578 37 124.7013843111404 157.47791694133156 144.76928147659854
1454 1576 17 127.24605678233438 161.2744479495268 147.73501577287067
1236 1576 29 125.24972253052165 160.42841287458378 146.43063263041066
1695 1575 50 254.0421836228288 131.83516483516485 79.16518964906062
839 1574 17 253.93690851735016 133.14195583596214 80.62776025236593
1509 1569 21 126.531190926276 160.80718336483932 147.65595463137996
1576 1559 32 125.45704162976085 159.2311780336581 145.80868024800708
1378 1559 34 125.39697692919651 160.376292760541 146.37947494033415
1065 1554 49 125.24496006085964 160.5123621148726 146.28375808292128
1869 1550 7 133.6326530612245 162.6326530612245 151.30612244897958
368 1546 12 128.91946308724832 160.78523489932886 148.54362416107384
1318 1543 13 128.7208121827411 162.71573604060913 148.243654822335
1971 1540 8 135.02469135802468 165.61728395061726 153.39506172839506
793 1541 37 254.36189848384967 131.39090309822015 79.22808174027685
1803 1533 33 123.83770883054893 157.2975338106603 144.76531424025458
1919 1532 33 122.53301511535402 156.2903739061257 143.66428003182182
1630 1529 13 129.2944162436548 161.994923857868 148.62944162436548
706 1529 32 125.5704162976085 159.2621789193977 145.7050487156776
621 1528 31 124.6873339238264 158.07528786536759 145.0265721877768
1210 1525 10 130.21238938053096 163.35398230088495 149.15929203539824
866 1522 29 254.68701442841288 134.0821309655938 80.30521642619313
413 1522 9 130.09876543209876 160.20987654320987 147.93827160493825
1520 1518 18 126.86472148541114 160.9018567639257 147.75066312997347
1859 1515 12 127.14765100671141 160.03355704697987 146.82550335570468
1455 1514 30 125.70267591674926 160.60951437066402 146.78889990089198
917 1514 9 131.35802469135803 161.98765432098764 148.77777777777777
972 1511 34 124.57836117740653 158.92760540970565 145.206046141607
465 1504 33 124.75338106603023 158.12887828162292 145.1161495624503
1743 1502 26 253.87327478042658 132.53826850690086 80.80928481806775
1156 1501 28 125.47058823529412 160.75138734739178 146.73584905660377
755 1501 12 252.39597315436242 140.38255033557047 89.95302013422818
1404 1495 9 132.33333333333331 165.61728395061726 151.41975308641975
2021 1494 49 122.59908710536325 155.5732217573222 143.38303537466717
1102 1494 8 133.01234567901233 164.0 150.69135802469134
370 1491 31 124.6651904340124 157.8015943312666 145.08060230292296
1362 1487 26 125.99623588456711 161.4328732747804 147.47553324968632
1273 1483 49 125.57208063902625 161.02928870292888 146.5020920502092
1876 1477 20 125.39002267573696 159.73242630385488 146.4875283446712
907 1477 13 126.34517766497461 159.83248730964465 146.46192893401013
1678 1476 39 254.07259528130675 132.89655172413794 80.145795523291
559 1476 36 124.88925510876729 158.58734344100196 145.36123928806853
1503 1470 17 127.48895899053628 161.44479495268138 147.81703470031545
1199 1468 10 129.15929203539824 162.1150442477876 148.3362831858407
873 1468 8 134.76543209876542 165.29629629629628 151.80246913580245
1580 1467 49 125.28565994674781 159.467478128566 146.0152149106124
419 1467 12 131.36912751677852 164.83221476510067 151.02684563758388
738 1466 21 253.75992438563327 134.0 81.66162570888469
1932 1464 21 124.31758034026466 157.8695652173913 145.25897920604916
810 1464 39 254.82758620689657 133.1542649727768 79.25892316999396
1108 1457 12 129.6510067114094 163.88590604026845 149.248322147651
1046 1457 34 125.10819411296738 160.12569610182976 146.26332537788386
1730 1453 12 251.86577181208054 141.68456375838926 89.28187919463087
487 1447 15 126.18577075098814 159.49407114624506 147.1067193675889
945 1446 23 124.6721044045677 158.952691680261 145.5073409461664
990 1440 10 130.38053097345133 162.41592920353983 149.94690265486724
659 1438 49 124.86534804108027 159.6648915937619 146.01673640167365
1800 1433 49 123.72879421833397 157.9699505515405 145.03727653100037
334 1432 22 125.68998109640832 158.84877126654064 146.359168241966
1427 1422 49 125.7261316089768 161.1627995435527 147.08292126283757
1231 1421 11 131.26174496644296 164.86577181208054 150.84563758389262
1972 1418 29 124.22974472807991 158.2475027746948 145.42841287458378
882 1418 28 125.00998890122086 159.13429522752497 145.51831298557158
1336 1415 29 126.98890122086571 162.84794672586017 148.49167591564927
1517 1413 26 126.50941028858217 161.5608531994981 147.72521957340024
1712 1412 25 253.57404795486602 131.49788434414668 80.30747531734838
2054 1405 33 122.6571201272872 155.04295942720765 143.3134447096261
1893 1404 34 123.93874303898171 157.62211614956246 145.25536992840097
1087 1404 12 128.53020134228188 162.28859060402684 148.47651006711408
751 1405 39 254.13974591651544 133.86448880822746 79.86932849364791
1165 1402 49 125.56219094712819 160.6759224039559 146.65500190186384
1642 1398 34 254.0540970564837 133.43198090692124 80.49323786793954
1039 1396 11 129.7718120805369 163.0 149.98657718120805
412 1396 49 125.81095473564093 160.34728033472803 146.64701407379232
578 1394 27 125.28607277289836 159.9134253450439 146.41907151819322
509 1394 32 125.81665190434013 160.4384410983171 147.15411868910542
820 1393 24 254.32300163132138 135.0326264274062 81.60032626427406
1267 1389 30 126.18334985133795 161.5232903865213 147.0416253716551
1265 1388 30 126.0 162.0 147.0
695 1380 11 130.46979865771812 163.0 149.69127516778522
1373 1373 12 127.8993288590604 161.35570469798657 147.7718120805369
323 1373 22 125.78638941398866 158.95652173913044 146.19659735349717
1938 1370 9 129.07407407407408 159.61728395061726 147.9753086419753
1570 1367 31 126.4756421612046 160.9893711248893 146.95659875996458
971 1367 49 124.25370863446177 159.1783948269304 145.2168124762267
1517 1366 12 129.0 161.92617449664428 147.59060402684563
624 1364 14 125.9746192893401 159.82741116751268 146.5431472081218
1825 1360 17 125.93059936908517 159.95268138801262 146.84858044164037
1699 1354 20 253.92063492063494 135.75510204081633 82.38095238095238
1763 1353 28 124.09877913429523 158.15205327413986 144.73473917869035
867 1354 18 126.46949602122015 160.56498673740052 146.9946949602122
1082 1353 28 126.15205327413985 161.31076581576028 146.81354051054385
1860 1350 9 131.48148148148147 162.6543209876543 149.50617283950618
1407 1342 20 125.53061224489797 160.36281179138322 146.7981859410431
1220 1338 17 253.89589905362774 135.9558359621451 82.99053627760252
1472 1337 31 125.63330380868025 160.9539415411869 147.1124889282551
1335 1334 31 125.4251550044287 160.67139061116032 146.5969884853853
1264 1333 13 252.98477157360404 142.34010152284262 90.45685279187816
913 1332 8 133.16049382716048 163.62962962962962 150.06172839506172
2083 1330 29 123.92341842397336 156.58601553829078 144.87902330743617
1903 1330 25 124.21438645980254 158.25811001410437 145.39492242595205
473 1325 28 125.58934517203107 160.3041065482797 146.61376248612652
1994 1324 49 123.4678585013313 156.9235450741727 144.4861163940662
383 1325 14 127.51776649746192 161.02538071065987 147.80203045685278
1028 1324 9 132.60493827160494 165.48148148148147 151.35802469135803
695 1323 37 124.67633487145682 160.08042188529993 146.29268292682926
639 1324 12 127.40268456375838 161.16778523489933 147.95302013422818
421 1320 9 129.58024691358025 161.77777777777777 148.98765432098764
794 1319 51 253.41652782405865 132.7770743085638 80.1029656781073
878 1311 11 252.3288590604027 139.8523489932886 90.81208053691275
1539 1308 20 126.56009070294785 160.92743764172337 146.92063492063494
567 1308 49 125.0186382655002 160.3602130087486 146.38455686572843
1162 1308 39 254.6291591046582 135.89897156684816 81.11917725347853
1632 1303 50 254.13931230060263 133.14781992201347 80.09039347749025
330 1298 31 125.15589016829053 158.74579273693536 146.05225863596104
1729 1289 28 124.78468368479467 158.5449500554939 145.5416204217536
991 1283 18 253.77453580901854 134.40583554376659 83.25994694960212
1826 1280 49 124.02472422974516 158.63179916317992 145.5359452263218
936 1278 30 254.1605550049554 133.65906838453915 80.72745292368681
407 1277 22 125.88846880907373 159.60680529300566 146.4725897920605
1326 1276 13 252.99999999999997 140.90862944162436 89.1472081218274
2100 1274 16 126.77602523659306 158.62460567823342 147.01577287066246
1495 1274 19 125.71618037135278 160.07957559681697 146.45358090185675
733 1271 13 129.04060913705584 163.0 148.8730964467005
2052 1267 16 124.68769716088327 156.5205047318612 145.33438485804416
644 1267 24 124.163132137031 158.99510603588908 145.36378466557912
464 1265 19 125.9761273209549 160.3527851458886 146.69230769230768
1253 1263 51 254.56614461846053 135.59813395534823 80.51149616794402
1067 1264 51 254.5311562812396 136.0596467844052 80.97900699766744
1413 1261 49 124.88969189806011 160.77672118676304 146.71281856219096
1920 1256 33 123.92601431980907 157.69212410501194 145.02227525855213
1983 1254 11 127.96644295302013 158.8724832214765 147.248322147651
1138 1254 14 252.84263959390861 138.03553299492384 86.1725888324873
862 1252 37 254.17205009887934 134.14568226763348 80.65524060646011
513 1248 19 125.6525198938992 160.27055702917772 146.19893899204243
1552 1247 28 125.44839067702553 159.95005549389566 145.95560488346283
691 1247 20 124.9092970521542 160.05215419501135 146.0544217687075
311 1242 22 252.95652173913044 133.6124763705104 81.87712665406427
1753 1237 17 125.90536277602523 158.61198738170347 146.09779179810724
1176 1235 19 254.08222811671087 137.9389920424403 83.54641909814323
1328 1233 21 254.21928166351609 137.38185255198488 83.52930056710775
365 1233 23 253.33605220228387 132.0978792822186 81.00652528548125
2083 1230 18 252.22015915119363 134.06631299734747 83.6684350132626
985 1227 27 254.11794228356334 134.30238393977413 80.87452948557089
1963 1224 8 130.19753086419752 159.25925925925924 148.72839506172838
1610 1224 21 253.68052930056712 133.28733459357278 81.44423440453686
769 1221 37 124.58866183256426 160.32762030323005 146.28147659854974
1682 1221 38 254.02843315184515 133.7404718693285 80.36600120992136
925 1219 24 253.97716150081567 134.5399673735726 81.30342577487765
1493 1219 19 125.32360742705569 159.70822281167108 146.3368700265252
592 1218 26 123.9849435382685 158.66750313676286 145.2396486825596
2015 1209 34 252.82975338106604 132.3293556085919 81.22195704057279
1865 1207 20 125.40816326530613 158.015873015873 145.9750566893424
823 1206 10 130.7433628318584 163.58407079646017 149.39823008849558
210 1200 2 158.60000000000002 157.60000000000002 156.60000000000002
1796 1198 25 125.75881523272214 159.27644569816644 146.10437235543017
1359 1193 20 254.3514739229025 137.1609977324263 83.75056689342404
448 1192 51 253.78273908697102 133.84071976007996 80.6584471842719
1130 1190 29 125.3496115427303 161.9889012208657 147.1875693673696
535 1188 27 253.5608531994981 134.97867001254704 81.59974905897114
202 1188 5 119.6551724137931 114.86206896551724 114.3103448275862
1403 1187 13 130.22842639593907 162.9746192893401 149.8730964467005
1736 1180 21 253.69565217391306 134.54253308128546 82.76748582230624
1634 1179 20 254.11337868480726 138.17006802721087 84.0
1210 1179 27 125.59096612296109 161.35759096612296 146.5056461731493
1296 1175 39 254.22202056866305 134.84392014519057 80.86146400483969
865 1173 32 124.4472984942427 160.55447298494244 145.89548272807795
324 1173 41 253.6619071902091 134.9688934217236 81.71086180520143
384 1168 13 251.57360406091368 138.46192893401013 87.9746192893401
671 1165 48 123.5895777862305 159.61468238874096 145.5739825028528
2084 1164 39 252.20689655172416 132.42468239564428 81.15184513006655
1457 1163 33 124.59506762132061 159.57120127287192 145.60700079554496
1050 1164 36 124.15359261700723 161.06064601186551 146.2834541858932
809 1160 13 126.90355329949237 161.6243654822335 148.00507614213197
1843 1156 19 252.8965517241379 133.6392572944297 83.09283819628646
1930 1154 50 253.19142148174407 134.29280397022333 81.03651187522155
585 1153 23 253.19738988580752 135.605220228385 82.5399673735726
2316 1151 2 176.4 176.0 175.8
1563 1150 48 124.6804868771396 159.17611259033853 145.58006846709776
1686 1148 30 254.02279484638254 131.94549058473737 80.3617443012884
2013 1147 23 252.15660685154975 133.23491027732464 81.74714518760196
1685 1145 30 254.0 132.0 80.0
1153 1143 15 126.68774703557311 163.33201581027666 148.31620553359681
104 1143 4 164.0 164.23076923076923 164.6923076923077
545 1141 11 251.11409395973155 142.10738255033556 92.15436241610738
757 1141 29 124.03440621531632 160.75471698113208 146.22419533851277
1369 1137 26 254.17816813048933 135.03387703889584 82.29109159347553
952 1137 48 123.63255990871053 160.33853176112592 145.559528337771
1635 1136 9 131.76543209876542 163.4320987654321 149.76543209876542
388 1134 13 128.45685279187816 162.60406091370558 148.78172588832487
1107 1133 15 125.37549407114624 161.32411067193675 146.47430830039525
501 1130 24 253.652528548124 133.88580750407831 81.48450244698206
1180 1125 10 130.6283185840708 165.72566371681415 150.53982300884957
613 1122 13 252.01015228426394 141.67005076142132 88.73604060913705
876 1114 18 124.00530503978779 160.43766578249335 146.09549071618036
1494 1111 12 128.84563758389262 162.51677852348993 148.6241610738255
1772 1107 50 253.85820630981922 134.23395958879829 81.04608294930875
1431 1105 17 127.24290220820188 162.34384858044163 148.01577287066246
1323 1104 21 254.33459357277883 136.4725897920605 82.97920604914934
1992 1101 12 126.87248322147651 158.1006711409396 146.28859060402684
818 1099 32 123.9007971656333 160.9512843224092 146.13374667847654
1699 1095 9 132.44444444444443 163.82716049382717 150.39506172839506
437 1093 33 124.49085123309467 159.48369132856007 145.76929196499603
1863 1091 32 253.49158547387069 133.50310008857397 81.24534986713907
1241 1089 49 124.8398630658045 162.2590338531761 146.7831875237733
760 1088 8 132.320987654321 165.86419753086417 151.6543209876543
557 1087 38 253.48699334543258 135.16031457955233 81.11494252873564
492 1083 10 131.1150442477876 163.75221238938053 150.2566371681416
1046 1081 31 123.41895482728079 160.82108060230294 146.01505757307353
1144 1081 36 124.251153592617 162.42452208305866 147.089650626236
1578 1079 12 128.58389261744966 161.3221476510067 147.7785234899329
1529 1078 12 129.41610738255034 163.38926174496643 149.6510067114094
1635 1076 31 123.98759964570417 158.17360496014172 145.0814880425155
630 1076 26 253.59974905897113 134.10414052697615 81.44040150564616
701 1074 32 123.52790079716564 159.4800708591674 145.1364038972542
342 1072 49 124.2320273868391 159.0756941802967 145.6154431342716
2058 1068 49 122.94788893115253 155.54659566375048 143.4218333967288
1470 1060 28 125.46503884572697 160.26859045504995 146.3041065482797
1947 1056 36 122.82794990112062 155.99934080421883 143.57745550428476
901 1055 28 123.56936736958934 159.89234184239734 145.36293007769146
1705 1047 27 124.47553324968631 158.5470514429109 145.12923462986197
1294 1046 6 137.6122448979592 168.22448979591834 154.40816326530611
856 1041 9 130.2469135802469 164.91358024691357 150.1358024691358
978 1040 29 123.22752497225305 160.25638179800222 145.35072142064374
1372 1039 51 254.14328557147618 136.60546484505164 81.43918693768744
1888 1032 15 126.30039525691699 159.6679841897233 147.21343873517785
1825 1029 29 124.31853496115427 158.50943396226415 145.34406215316315
1762 1025 18 125.50663129973474 159.6233421750663 146.17771883289123
646 1023 22 253.11720226843101 135.12287334593574 81.86767485822307
403 1022 21 125.45368620037807 160.62381852551985 146.82230623818526
1187 1016 29 124.78579356270811 162.17536071032185 146.76248612652608
786 1014 48 123.43210346139217 160.16203879802205 145.2689235450742
1644 1012 23 124.52039151712889 158.66068515497554 145.39641109298532
1140 1011 9 131.1358024691358 166.3827160493827 150.80246913580245
1555 1011 41 124.47475777664458 159.35594084650688 145.62315145334014
919 1009 9 130.1358024691358 164.5185185185185 149.85185185185185
703 1009 18 123.90716180371352 158.13262599469496 144.18037135278513
585 1008 36 253.42715886618325 133.51680949241924 80.70665787738957
483 1007 49 124.04412324077596 159.64282997337392 145.34309623430963
1998 1001 23 124.04241435562807 157.85807504078304 144.77977161500817
1275 1001 30 124.58275520317146 161.47274529236867 146.3211100099108
1075 999 48 123.82312666413085 161.71890452643592 146.16508178014453
1458 997 25 253.86741889985896 135.1015514809591 82.40479548660085
1864 993 9 130.3827160493827 162.29629629629628 149.55555555555554
1786 994 8 131.69135802469134 163.7037037037037 150.7037037037037
2060 983 21 123.56332703213612 156.71455576559546 144.11342155009453
869 980 25 123.24682651622003 159.46544428772918 144.59802538787025
413 977 12 127.19463087248322 162.06040268456377 148.6711409395973
1219 974 13 128.65989847715736 165.96446700507613 149.93401015228426
950 973 26 123.55207026348808 160.36260978670012 145.45420326223336
1003 971 13 126.16243654822334 161.73604060913704 147.37563451776649
718 971 13 251.45685279187816 139.85786802030455 88.68020304568527
1919 969 37 123.54845088991429 157.80619644034277 144.79894528675015
1501 968 13 252.72588832487307 139.41624365482232 87.80203045685279
346 964 36 124.07053394858272 159.01911667765324 145.53526697429135
1332 957 24 125.78955954323003 162.5089722675367 147.04078303425774
1406 954 31 254.00088573959258 136.53321523472098 81.91054030115147
1721 952 49 124.00152149106124 159.266260935717 145.58349182198555
1161 952 30 123.45391476709614 161.08225966303272 146.00396432111
1819 948 32 123.98317094774137 158.72542072630648 145.26572187776793
1628 946 29 124.53607103218646 158.95671476137625 145.5305216426193
1541 944 19 253.9549071618037 136.0185676392573 82.9840848806366
651 938 51 253.84671776074643 135.9226924358547 81.14495168277242
551 934 34 123.4892601431981 159.1599045346062 145.35640413683373
750 930 29 253.19422863485016 134.61931187569368 81.14983351831299
423 924 29 124.68257491675917 160.6992230854606 146.43396226415095
1875 923 13 126.65482233502537 161.09137055837562 147.60406091370558
1104 924 15 125.8695652173913 163.84584980237153 148.399209486166
915 922 22 253.88846880907374 136.65973534971644 82.66162570888469
485 921 22 125.2022684310019 161.3913043478261 146.98487712665406
1479 919 34 254.0175019888624 136.72235481304693 81.9164677804296
1032 913 29 123.53829078801333 161.0643729189789 145.56825749167592
2004 912 49 122.69494104222139 156.94750855838723 144.00836820083683
1785 910 8 132.17283950617283 163.61728395061726 149.9506172839506
1257 909 48 123.38493723849373 161.17344998098136 145.7303157093952
1335 904 17 124.63091482649843 161.5646687697161 146.2776025236593
364 902 21 124.97920604914934 160.44423440453687 146.3913043478261
967 900 24 253.95595432300163 137.34257748776508 83.24959216965743
1918 897 20 124.4671201814059 159.4625850340136 146.12925170068027
1644 895 12 126.91946308724832 160.5436241610738 146.6510067114094
839 893 50 253.8805388160227 136.48174406238923 81.31336405529954
1170 888 23 124.26916802610114 162.1468189233279 146.38172920065253
711 879 27 253.96235884567125 137.4767879548306 83.03136762860727
574 877 14 126.92893401015228 163.41624365482232 148.37055837563452
457 875 21 124.27599243856334 160.3648393194707 145.8563327032136
766 872 21 253.1398865784499 136.7164461247637 82.97353497164461
1567 869 51 254.0389870043319 135.35688103965344 80.77607464178607
1689 868 28 124.14539400665927 159.27524972253053 145.45283018867926
1757 865 29 122.83129855715872 157.4628190899001 144.3984461709212
1085 865 29 122.94006659267481 160.76248612652608 145.26082130965594
1407 861 50 124.12052463665367 161.1814959234314 146.17546969159872
1484 861 9 133.22222222222223 165.98765432098764 150.88888888888889
920 860 30 253.93756194251733 136.05649157581763 81.2775024777007
1324 857 19 124.29442970822281 162.14058355437666 146.47745358090185
1948 854 13 127.85786802030456 162.0710659898477 148.23857868020303
1634 853 12 251.0939597315436 137.3288590604027 87.29530201342281
1844 849 49 123.18790414606315 157.81057436287563 144.52034994294408
622 846 33 124.12490055688147 160.57836117740652 145.61495624502786
675 843 10 131.46902654867256 165.95575221238937 151.39823008849558
516 842 35 123.75673707210488 160.40058266569557 145.74799708667152
1278 842 11 128.91275167785236 165.02684563758388 149.36912751677852
396 842 36 123.89321028345418 159.4983520105471 145.35003295978905
1233 831 18 124.01326259946948 162.26259946949602 146.48806366047745
766 829 7 134.7142857142857 168.0612244897959 153.77551020408163
1003 825 49 253.6310384176493 136.49600608596424 81.16013693419552
862 825 7 136.18367346938774 170.22448979591834 154.20408163265304
1520 822 10 251.04424778761063 144.68141592920352 94.83185840707965
1350 816 9 130.50617283950618 166.5432098765432 150.77777777777777
1998 814 37 122.70533948582728 156.73434410019775 143.843111404087
1481 813 24 126.29200652528549 162.115823817292 147.15660685154975
576 804 15 126.04743083003952 161.99604743083003 147.61264822134387
1161 803 48 123.28337771015596 161.5747432483834 145.61278052491443
810 803 30 124.19425173439048 161.2497522299306 145.7591674925669
1920 801 29 124.05771365149833 159.1609322974473 145.31076581576028
1631 797 35 253.37436270939548 133.93663510560816 80.75309541150766
1722 796 35 123.96795338674436 159.45520757465405 145.42753095411507
641 794 10 129.5132743362832 164.26548672566372 149.60176991150442
1228 789 9 131.14814814814815 167.03703703703704 151.0864197530864
1078 789 23 253.4094616639478 137.9004893964111 83.43393148450245
1787 788 19 124.05570291777188 158.46153846153845 145.3209549071618
711 782 49 124.3229364777482 161.61658425256752 146.3617344998098
1443 781 15 127.01185770750988 163.97233201581025 148.77470355731225
539 777 18 124.56498673740053 160.9708222811671 146.24403183023873
1553 775 39 253.80641258318212 133.79733817301877 80.74410163339384
1389 774 27 124.20200752823085 161.0803011292346 145.96612296110413
902 768 48 123.03841764929632 160.72080639026245 145.18904526435907
1967 761 16 125.40694006309148 160.0725552050473 146.10725552050474
457 757 49 123.50855838721948 159.8744769874477 145.14263978699125
1846 754 30 123.92963330029733 159.27651139742318 145.29038652130822
607 751 33 123.39936356404138 160.12569610182976 145.28719172633254
975 750 12 126.33557046979865 162.79194630872482 146.63758389261744
1487 749 21 253.68620037807185 136.92060491493385 83.15500945179585
771 748 10 128.97345132743362 164.1150442477876 148.95575221238937
1609 746 17 253.09148264984228 134.2365930599369 83.30283911671924
1226 745 19 124.55968169761273 161.67108753315648 145.6021220159151
1032 744 31 253.0992028343667 135.45969884853852 80.93356953055802
813 742 18 125.32891246684349 161.946949602122 146.19363395225463
1358 736 11 130.27516778523488 166.3020134228188 150.24161073825502
1170 733 12 127.78523489932886 164.56375838926175 148.06040268456377
539 728 24 124.25611745513866 161.48776508972267 146.07504078303427
1919 721 33 123.06046141607001 157.90294351630868 144.77724741447892
1105 722 31 253.12046058458813 136.05845881310896 81.1541186891054
1779 715 35 123.25127458120903 158.69992716678806 145.0560815731974
1575 712 20 253.02947845804988 135.22902494331066 82.98412698412699
1676 708 48 123.34347660707493 158.97907949790795 145.05857740585773
670 708 24 124.02120717781403 160.34910277324633 145.53017944535074
1266 697 24 253.2463295269168 136.73246329526918 81.99673735725938
974 693 30 123.69871159563924 162.0455896927651 146.18731417244797
749 693 32 124.31975199291409 162.43135518157663 146.83436669619132
1516 692 28 253.36958934517205 137.27081021087682 82.66925638179801
1055 690 25 253.63046544428772 136.70944992947813 81.9308885754584
845 690 32 123.24446412754651 160.859167404783 145.5314437555359
910 688 18 123.84880636604774 161.3766578249337 145.9973474801061
1426 687 51 253.53782072642454 134.32489170276574 80.79306897700766
1330 688 30 253.29633300297323 135.9643211100099 81.65609514370664
1191 666 51 253.24658447184274 136.4481839386871 81.01532822392537
698 664 13 126.86294416243653 162.48223350253807 147.82741116751268
509 664 32 123.8901682905226 160.68556244464128 145.6279893711249
801 660 9 129.39506172839506 164.48148148148147 149.8148148148148
602 656 48 124.12057816660328 161.22289844047168 145.9882084442754
1109 653 28 253.06881243063265 135.01553829078802 80.85793562708102
1854 651 49 123.17002662609357 158.48992012171928 144.63294028147584
1738 646 30 123.59663032705649 159.66699702675916 145.42715559960357
1655 639 10 128.43362831858406 163.05309734513273 148.68141592920352
1595 640 34 124.62450278440733 161.04455051710423 146.28400954653938
1279 638 30 252.90981169474728 136.14965312190287 81.2418235877106
933 637 24 124.58238172920066 163.01141924959217 147.00489396411095
1368 635 13 251.34010152284262 141.1522842639594 88.64974619289339
1334 632 13 251.27411167512687 141.98984771573603 90.06598984771573
763 624 28 123.4772475027747 160.97225305216426 145.72697003329634
1026 611 48 123.60213008748573 162.06732597945987 145.82046405477368
1785 609 17 124.82018927444794 160.26498422712933 145.93059936908517
686 607 35 124.20757465404225 161.45010924981793 145.84340859431902
1501 600 48 124.18067706352225 161.35793077215672 146.10460251046027
1426 601 18 126.35278514588859 163.89124668435014 148.026525198939
541 599 18 125.10344827586206 161.2838196286472 146.08222811671087
1236 597 14 127.56345177664974 164.76649746192894 147.88324873096445
856 593 48 124.19893495625713 162.11487257512363 146.16584252567517
1667 590 32 123.6917626217892 159.89813994685562 145.8441098317095
1124 581 31 124.38175376439327 162.09565987599646 145.90876882196633
1733 579 21 124.33270321361059 159.83553875236296 145.90737240075615
1838 578 12 128.37583892617448 162.81208053691276 148.80536912751677
1195 576 21 124.4234404536862 162.34404536862004 146.28922495274102
1368 574 35 124.32847778587036 162.01456664238893 146.2002913328478
745 573 12 127.03355704697987 163.2281879194631 147.74496644295303
648 564 7 136.51020408163265 169.22448979591834 154.12244897959184
944 562 30 123.2775024777007 161.27651139742318 145.46580773042615
596 558 28 124.51609322974473 161.89789123196448 146.27635960044395
1588 556 31 124.20814880425155 161.26306465899026 146.02302922940655
1788 550 33 123.80031821797932 160.14876690533015 145.612569610183
1437 535 28 123.5715871254162 161.20865704772476 146.00554938956716
1283 535 49 123.7869912514264 161.8280715100799 145.78014454165083
1435 535 29 124.0 161.0 146.0
1004 533 17 124.71293375394322 162.88958990536278 146.80757097791798
785 533 28 124.01997780244173 161.85127635960043 146.28301886792454
1071 533 29 123.37624861265262 161.85238623751388 145.88679245283018
1131 526 12 127.03355704697987 164.5234899328859 148.51006711409394
902 523 12 127.0469798657718 164.24161073825502 148.28859060402684
1633 516 14 124.56345177664974 159.96446700507613 145.94416243654823
1186 514 25 123.73624823695346 161.67983074753172 146.06346967559944
697 514 48 123.18828451882845 159.65918600228224 144.82578927348803
625 513 14 123.70558375634516 158.95431472081216 145.30456852791878
954 508 12 126.57718120805369 163.59731543624162 147.46308724832215
1520 505 34 123.42482100238664 160.40095465393796 145.27128082736675
1379 503 19 124.16976127320955 161.9071618037135 145.9655172413793
1704 501 48 123.45150247242297 159.15633320654243 145.0228223659186
850 500 30 124.04856293359762 161.8354806739346 145.90188305252724
765 489 5 143.10344827586206 174.51724137931035 159.79310344827587
1588 487 21 124.33837429111531 160.6351606805293 145.66162570888469
797 483 7 135.91836734693877 170.0816326530612 154.0204081632653
1054 479 13 126.40609137055837 164.1776649746193 147.86294416243655
919 474 23 124.31647634584013 161.7569331158238 145.80913539967375
993 471 32 124.01240035429583 161.92028343666962 146.1142604074402
1286 457 10 129.78761061946904 166.4513274336283 149.89380530973452
1340 452 32 124.10717449069973 161.7201062887511 146.0
1123 451 48 124.25903385317612 162.96842906047928 146.52605553442373
1447 445 49 123.17953594522632 160.5290985165462 145.2088246481552
1218 442 35 124.16678805535325 162.00728332119448 146.3117261471231
1551 436 29 123.5338512763596 160.23862375138734 145.51831298557158
771 435 34 123.62370723945904 160.48369132856007 145.40970564836914
1628 433 32 122.82905225863597 158.65810451727194 144.3790965456156
844 433 21 124.84120982986768 162.0321361058601 146.4499054820416
892 430 12 127.70469798657717 164.31543624161074 148.38926174496643
1283 419 12 128.46308724832215 166.14093959731542 149.50335570469798
1036 408 28 124.35183129855716 162.5371809100999 146.96337402885683
1172 393 16 124.99369085173501 162.6750788643533 146.84542586750788
812 392 12 127.81208053691275 163.16107382550337 147.83221476510067
1577 387 15 126.13833992094861 162.3596837944664 147.47826086956522
946 381 48 122.80486877139597 160.35298592620768 144.88779003423355
1384 376 29 123.28079911209767 160.11875693673696 145.19200887902332
862 374 22 124.4820415879017 161.67296786389414 146.6351606805293
1223 374 17 123.35015772870662 160.00946372239747 145.01892744479494
1510 372 31 123.56598759964571 159.86093888396812 145.3675819309123
1109 361 29 123.68368479467259 161.41953385127636 145.77580466148723
1445 356 21 124.60113421550095 161.92627599243858 146.81663516068053
1298 344 48 123.47850893875999 160.73411943704832 145.22632179535947
1037 335 35 123.92498179169702 161.43190094683177 145.65695557174072
1369 322 11 130.36912751677852 166.68456375838926 151.37583892617448
1181 322 36 123.41990771259063 160.7969676994067 145.66249176005272
1237 303 11 128.2281879194631 164.01342281879195 148.63758389261744
1108 301 19 124.37665782493369 161.13793103448276 146.0026525198939
