1223 2290 2 147.4 139.20000000000002 140.0
1281 2114 34 173.65314240254574 163.7414478918059 112.38663484486874
1009 2111 22 172.54253308128546 163.29111531190927 112.41587901701324
1087 2102 41 133.61091279959206 134.35543090260072 98.59051504334523
1185 2100 49 172.66983643971093 162.94332445796883 111.8706732597946
1478 2087 41 135.74655787863335 136.0346761856196 100.90668026517083
944 2087 38 150.44283121597098 147.12825166364186 107.04779189352693
1373 2078 48 150.77710155952835 147.103081019399 107.6428299733739
870 2076 25 151.81100141043723 148.29760225669958 108.2722143864598
1123 2068 10 174.97345132743362 165.1946902654867 115.23893805309734
1566 2065 38 172.84029038112524 162.84694494857837 112.38354506957049
1019 2057 22 172.1304347826087 162.9054820415879 111.89413988657846
1309 2055 17 172.0851735015773 162.2365930599369 113.38801261829653
805 2051 37 173.42320369149635 163.6789716545814 111.67172050098878
1087 2040 13 152.20812182741116 147.91370558375633 109.08121827411166
981 2015 24 134.5725938009788 134.95595432300163 98.96900489396411
1510 2013 21 151.74102079395087 147.49149338374292 108.57088846880907
1254 2010 50 135.07444168734492 135.3580290677065 99.50265863169089
900 2006 41 173.34880163182052 163.45079041305456 112.07292197858236
1147 2004 43 151.25553983969826 147.75577557755776 107.85337105139085
1641 2000 48 134.80715100798784 134.8322556104983 100.10117915557247
1554 1992 19 152.89389920424404 148.3660477453581 108.71618037135278
1444 1993 47 136.47655931512435 136.14390542193232 100.73461068079902
1721 1992 20 173.1156462585034 162.63945578231292 113.17460317460318
828 1985 23 150.92659053833606 147.1794453507341 107.70799347471453
1348 1981 42 135.5721570627231 135.3090260071392 99.91432942376339
1054 1973 54 135.24026176378933 135.78186350888126 99.57588033655344
750 1966 55 134.50953358756234 134.88853036080963 98.6694045174538
964 1965 23 175.68352365415987 165.48776508972267 113.30505709624796
1284 1959 14 168.86802030456852 160.32994923857868 111.9492385786802
1592 1955 12 174.36912751677852 163.4228187919463 114.86577181208054
1129 1948 16 172.22397476340694 162.6372239747634 111.7570977917981
1690 1943 20 151.15192743764172 147.01133786848072 108.15646258503402
648 1943 30 172.41228939544104 162.59266600594648 112.2834489593657
1239 1934 17 151.82334384858044 147.6813880126183 108.33123028391167
1524 1928 51 174.51182939020327 164.1029656781073 112.60913028990336
1185 1927 36 174.48319050758073 164.35860250494395 112.41595253790375
838 1925 31 173.87422497785653 163.58015943312665 112.01062887511073
1766 1916 55 152.80316808448225 148.39425051334703 109.13200352009387
991 1917 20 151.78231292517006 147.75510204081633 108.62358276643991
589 1914 21 151.5406427221172 147.57844990548205 108.74480151228734
1399 1910 43 174.98396982555397 164.51390853371052 113.07402168788308
924 1907 40 136.5616285554936 136.44171779141104 100.58895705521473
1686 1903 17 175.32176656151418 164.73817034700315 113.81703470031546
1233 1899 13 172.22842639593907 162.2741116751269 112.17766497461928
1462 1899 14 146.7208121827411 141.60913705583755 102.7715736040609
1627 1893 42 137.57470678225397 137.43447220805712 101.76185619581847
1300 1890 47 153.2503057480636 149.19771708112515 108.82307378719935
1112 1888 35 152.5702840495266 148.86453022578297 108.87545520757466
1077 1886 11 133.63087248322148 131.5704697986577 97.33557046979865
1055 1885 22 133.75614366729678 134.07750472589794 99.13799621928166
695 1884 34 152.63882259347653 148.53699284009548 108.2068416865553
845 1880 9 180.61728395061726 170.06172839506172 119.9753086419753
541 1867 27 151.85445420326224 147.41028858218317 108.7465495608532
786 1864 41 136.185619581846 136.21111677715453 99.78990311065783
1842 1862 32 174.90256864481842 164.5509300265722 113.43489813994685
1453 1854 22 138.3421550094518 137.80907372400756 102.65028355387524
1574 1852 14 154.06091370558374 149.29949238578678 110.47715736040608
990 1843 49 175.2050209205021 164.75009509319133 113.03309243058197
628 1843 46 135.47370566653078 135.48185894822666 99.38442723196087
1405 1839 13 173.68527918781726 163.16751269035532 114.7005076142132
1698 1837 37 136.8134475939354 136.59459459459458 101.08965062623598
1365 1838 23 137.58401305057097 137.07014681892335 101.6867862969005
1774 1830 20 136.43764172335602 136.2517006802721 101.75736961451247
1208 1822 54 136.53349953256466 136.70364599563726 100.75506388282955
1890 1820 19 137.10610079575596 137.395225464191 103.86206896551724
1610 1817 25 175.36389280677008 165.17489421720734 113.77433004231311
1522 1818 48 136.61848611639408 136.65880562951693 101.28565994674781
1289 1812 25 176.2327221438646 165.73483779971792 114.10437235543019
877 1808 54 153.0258647553755 148.78217513244002 108.5148021190402
1096 1805 43 152.66619519094766 148.9042904290429 108.71522866572371
513 1800 41 172.6598674145844 162.31004589495157 112.42835288118307
710 1797 46 175.7219730941704 165.28169588259274 113.12066856909907
1428 1792 23 153.21859706362153 148.96247960848288 109.6704730831974
789 1790 25 152.68406205923836 148.55571227080395 109.0789844851904
1738 1783 25 175.65021156558532 165.37940761636108 114.43018335684062
953 1777 13 138.2944162436548 136.98477157360406 102.54822335025379
1825 1772 47 136.34610680799022 136.54219323277619 101.46636771300449
1579 1770 20 153.10884353741497 149.04761904761907 109.47619047619048
1922 1764 43 174.57378595002356 164.4257425742574 113.9014615747289
1356 1764 47 176.30370974317162 165.78556869139828 113.64655523848349
587 1764 26 152.97616060225846 148.6323713927227 108.97992471769133
767 1758 14 173.77664974619287 163.59390862944161 114.50761421319795
1048 1756 24 137.30342577487767 137.278955954323 101.76345840130506
1466 1754 16 155.28706624605678 150.38485804416402 111.13564668769716
986 1755 23 155.28711256117455 150.7520391517129 110.38336052202284
643 1753 19 152.10875331564986 147.9655172413793 108.70291777188328
1657 1747 50 175.0723147819922 165.1070542360865 113.38638780574264
1105 1739 18 176.3076923076923 165.78514588859414 114.32625994694959
1259 1735 44 155.3116454502593 151.04054691183404 110.03347477604903
1169 1735 39 175.44041137326076 165.5208711433757 113.3696309739867
1434 1731 22 137.87712665406428 137.59546313799623 102.95085066162571
1868 1726 15 175.30434782608694 164.80632411067194 113.81818181818181
743 1726 24 175.86296900489398 165.05546492659056 113.70146818923328
924 1722 39 175.8312159709619 165.1524500907441 113.12159709618875
1587 1720 22 138.50850661625708 137.9319470699433 102.50661625708885
1518 1719 39 175.1179673321234 164.89655172413794 113.55535390199638
536 1719 25 135.32440056417488 135.18194640338504 100.55994358251057
691 1717 22 137.65973534971644 137.16446124763706 101.9905482041588
461 1717 40 134.5164528722811 134.34132738427218 99.26993865030676
834 1712 49 137.58691517687333 137.2080639026246 101.59071890452644
1754 1708 39 136.52389594676347 136.94071385359953 101.72111312764672
983 1705 18 153.54907161803712 149.41114058355436 109.84880636604774
1986 1700 32 135.49689991142606 135.81133746678478 101.44021257750222
1392 1700 17 187.29968454258673 123.37223974763407 113.77602523659306
1320 1696 18 219.9814323607427 163.9283819628647 135.0159151193634
1825 1693 23 155.16965742251224 150.6704730831974 110.77324632952693
1120 1687 13 153.21319796954313 149.53807106598984 110.29441624365481
763 1688 14 156.10152284263958 150.746192893401 110.84263959390861
397 1686 19 173.3023872679045 162.69230769230768 114.01061007957559
615 1682 53 135.59426612651916 135.3346837020879 99.95948893736366
1214 1677 19 154.86737400530504 150.54111405835542 110.77984084880636
1061 1676 50 136.35377525700108 136.74441687344913 101.15030131159163
1595 1670 26 154.69385194479295 150.5219573400251 110.42409033877038
1447 1666 41 188.79092299847017 124.56654767975523 114.4089750127486
1171 1662 24 137.35073409461666 138.00815660685154 101.76508972267537
891 1662 20 185.75056689342404 135.2312925170068 104.41043083900227
510 1661 28 153.98335183129856 149.18534961154273 109.41620421753608
1900 1659 50 153.85359801488835 150.09535625664657 110.03757532789791
1794 1655 24 176.28711256117455 166.49265905383362 114.97553017944536
784 1650 18 135.68435013262598 168.80106100795754 132.18037135278513
1278 1650 31 188.2267493356953 124.77590788308238 114.39681133746679
712 1649 45 114.79510703363914 137.3307121013543 118.3647881170817
1359 1646 38 220.93224440411376 165.22081064730793 135.8699334543255
1750 1645 15 175.52173913043478 165.8300395256917 114.84189723320158
1676 1642 49 153.38683910232027 149.45492582731077 109.6766831494865
954 1641 48 217.0304298212248 156.7907949790795 117.1369341955116
373 1640 17 152.2365930599369 147.66876971608832 109.48264984227129
844 1632 27 184.76913425345043 134.51693851944793 103.99999999999999
1221 1629 24 177.8809135399674 167.8874388254486 115.07177814029365
1530 1628 40 219.79475738984942 164.3195761293921 135.28220858895708
1838 1620 22 137.38185255198488 137.85444234404537 102.02079395085066
888 1620 16 219.86750788643533 166.92429022082018 125.48895899053628
2005 1619 51 174.24825058313897 164.5204931689437 113.35754748417195
648 1620 15 176.96442687747034 166.10276679841897 115.22134387351778
1123 1617 33 177.21241050119332 167.44789180588705 114.0684168655529
1412 1616 11 137.83221476510067 137.5503355704698 104.42953020134227
1185 1618 13 141.5228426395939 140.61421319796952 104.92893401015228
449 1616 47 175.53077863840196 164.72034243783122 113.66163880962087
1604 1611 19 218.78514588859414 163.3023872679045 135.16180371352783
613 1608 16 185.14511041009465 135.33753943217664 104.80126182965299
548 1606 33 220.21241050119332 167.54176610978521 125.51312649164679
785 1602 25 220.54019746121298 164.53596614950635 135.43441466854725
1377 1591 12 154.05369127516778 149.30872483221475 111.15436241610738
1310 1590 30 190.52923686818633 126.02180376610505 115.20713577799802
657 1586 16 218.33123028391165 162.78233438485805 134.14195583596214
1118 1583 9 182.71604938271605 153.55555555555554 116.45679012345678
1775 1581 39 136.4053236539625 137.0030248033878 101.77676950998186
1052 1579 41 186.04946455889853 136.01937786843447 104.82916879143295
1638 1578 18 190.9283819628647 126.40318302387267 116.33156498673739
367 1573 38 135.06775559588627 135.0248033877798 100.36842105263159
552 1570 12 202.25503355704697 149.9731543624161 112.66442953020135
1858 1569 29 153.81132075471697 150.20754716981133 110.65260821309656
989 1568 13 221.63959390862942 169.78680203045684 127.73096446700507
1709 1564 22 177.95652173913044 167.86578449905483 115.88657844990549
1171 1562 30 155.96729435084242 152.1684836471754 111.0782953419227
1452 1561 52 137.20226591136287 137.36887704098635 101.7087637454182
1243 1561 31 220.0106288751107 164.66607617360498 135.57395925597874
2066 1560 25 136.53314527503525 136.44710860366715 101.69816643159379
1114 1561 22 217.51606805293005 157.7977315689981 118.0359168241966
1938 1559 35 135.49599417334306 136.59431900946834 101.05243991260015
614 1557 30 215.86223984142714 155.74132804757184 116.99306243805748
792 1556 20 188.92063492063494 124.59637188208617 114.22222222222223
1586 1556 34 189.3906125696102 125.18933969769293 115.35322195704057
867 1553 47 222.49653485527924 169.2710966163881 126.12841418671015
421 1553 14 174.6954314720812 164.0659898477157 113.47715736040608
951 1551 25 185.0465444287729 135.25387870239774 104.6262341325811
554 1548 21 210.44234404536863 152.01512287334594 114.24385633270322
1521 1547 21 153.76370510396976 149.77693761814746 110.56143667296787
502 1545 25 152.9576868829337 148.51198871650212 109.29901269393511
715 1544 52 189.1882705764745 125.09630123292236 115.15028323892037
1364 1542 29 177.66259711431744 167.62597114317424 114.6881243063263
1293 1536 20 220.27437641723355 165.45351473922904 136.51473922902494
1657 1536 25 219.80818053596616 164.26657263751764 135.38222849083215
459 1534 18 176.25729442970822 165.10344827586206 114.34748010610079
1996 1533 25 152.83356840620593 149.15514809590974 110.25952045133991
1817 1527 28 178.03440621531632 168.02663706992232 115.10321864594894
1202 1528 12 176.64429530201343 166.46979865771812 115.16778523489933
648 1514 13 218.84263959390861 166.96446700507613 125.84263959390861
318 1514 27 133.5370138017566 133.79799247176913 99.92471769134252
1088 1511 21 137.45179584120984 137.7069943289225 101.89224952741021
1958 1507 13 136.7918781725888 136.75634517766497 102.99492385786802
1745 1507 28 136.7136514983352 136.95560488346283 102.02330743618202
1687 1507 15 219.49407114624503 164.45454545454544 136.12648221343872
1003 1504 37 155.2201713909031 151.34146341463412 110.23203691496373
805 1503 24 221.02936378466558 165.68352365415987 136.31647634584013
1324 1502 17 222.33753943217664 170.65615141955834 128.61514195583595
649 1501 8 197.77777777777777 154.0864197530864 117.91358024691357
593 1502 21 183.30056710775048 134.09640831758034 104.31379962192817
1551 1495 30 137.83151635282456 137.73439048562932 102.38652130822597
934 1494 26 178.13425345043913 168.11292346298617 114.8168130489335
1610 1491 26 219.71894604767877 164.49560853199498 135.90464240903387
1894 1488 44 137.00801508722301 137.55728429985857 102.34134842055634
1150 1486 42 179.29117797042326 169.34880163182052 115.29372768995411
1399 1484 30 154.6798810703667 150.72547076313182 110.56293359762141
401 1483 45 154.6339012669288 149.88816076889472 109.90257754477938
763 1481 14 219.492385786802 164.43147208121826 135.7258883248731
2066 1478 53 135.8217513244001 135.87129947023993 100.6569024618261
1474 1474 34 178.94033412887828 168.68973747016707 115.63484486873509
1248 1470 51 190.1462845718094 125.73775408197268 115.16194601799401
1064 1468 21 177.86578449905483 168.55576559546313 114.8109640831758
1968 1468 25 152.55430183356842 149.34414668547248 110.15232722143864
651 1465 33 220.59268098647576 168.13365155131265 125.98329355608593
523 1464 48 134.92126283758083 135.04678585013315 99.70216812476227
880 1462 33 136.466984884646 137.0310262529833 101.64280031821798
595 1458 14 176.6954314720812 166.03045685279187 115.21827411167511
721 1454 28 117.37846836847947 140.10321864594894 120.99889012208658
1016 1452 12 177.76510067114094 167.98657718120805 116.28187919463087
1797 1449 46 178.18385650224215 168.40399510803098 115.43293925805136
972 1445 24 156.37520391517128 152.56606851549756 111.36704730831974
1600 1440 20 177.3877551020408 167.57823129251702 115.41950113378685
309 1434 44 176.2904290429043 165.85667138142387 114.54879773691655
1346 1433 44 184.24516737388024 134.4021687883074 103.65912305516265
370 1431 13 177.66497461928932 166.95939086294416 116.45685279187816
1681 1431 53 189.03303209722654 125.01433468370209 114.74851978809598
462 1430 14 137.47715736040607 136.73604060913704 102.81218274111674
1915 1428 19 175.80371352785144 165.9151193633952 115.15915119363395
1542 1429 29 154.5416204217536 150.73140954495005 111.09322974472808
1425 1428 26 177.1794228356336 166.93851944792974 114.76286072772898
2114 1421 15 154.69169960474306 149.399209486166 111.7588932806324
1188 1421 17 154.5205047318612 150.8044164037855 111.10094637223975
1089 1422 24 156.18433931484503 152.83849918433933 111.15986949429038
801 1421 46 135.90093762739502 170.78760701182225 133.94659600489197
1498 1421 14 137.40609137055836 137.30456852791878 103.32994923857868
1186 1420 16 155.0 151.0 111.0
688 1413 19 182.9230769230769 133.88328912466844 104.3183023872679
648 1408 16 136.38801261829653 135.9148264984227 101.94952681388013
588 1405 33 178.3150357995227 168.19729514717582 115.58472553699285
1860 1403 25 155.8617771509168 151.92383638928067 111.41043723554301
731 1404 19 219.2864721485411 163.9840848806366 135.3342175066313
1151 1400 24 137.22512234910278 137.90375203915173 102.74225122349104
1987 1395 44 152.61574728901462 149.13107024988213 109.69542668552569
1939 1393 8 172.11111111111111 164.85185185185185 120.38271604938271
1928 1394 12 164.18120805369128 154.73825503355704 109.30872483221476
1019 1393 39 177.8560193587417 168.26860254083485 114.62794918330309
1278 1388 24 220.7373572593801 165.69331158238174 136.42088091353997
2072 1387 30 175.90981169474728 165.81665014866203 115.18136769078295
927 1386 45 136.4010484927916 137.37177806902577 101.32459589340323
408 1384 42 152.79194288628253 148.95308516063233 109.45486996430394
1096 1382 17 177.57413249211356 168.13249211356467 115.47003154574132
2129 1380 14 174.44162436548223 163.85279187817258 115.63451776649745
1750 1377 28 218.79467258601554 163.97558268590456 134.90677025527194
1401 1376 23 137.44535073409463 138.05709624796086 102.68515497553018
697 1373 21 214.21739130434784 154.9867674858223 117.2117202268431
1599 1370 41 177.24120346761856 167.3646098929118 115.17848036715962
1531 1370 22 137.2211720226843 137.59168241965975 102.3421550094518
1469 1370 32 135.20992028343667 136.20194862710363 100.5571302037201
347 1368 20 174.16780045351476 163.98866213151928 113.24036281179139
508 1366 42 177.07292197858237 166.83018867924528 114.36511983681795
846 1362 27 115.97867001254704 139.23337515683812 120.01003764115433
1908 1361 20 176.0249433106576 166.1156462585034 114.85714285714286
1819 1360 26 134.168130489335 134.89460476787954 100.2107904642409
1213 1358 38 135.65880217785846 171.09800362976407 134.18511796733213
1333 1355 22 155.66540642722117 152.06616257088848 111.39319470699434
1868 1354 15 135.57707509881422 136.12252964426875 102.61660079051383
646 1355 26 153.4090338770389 150.504391468005 110.25345043914679
1122 1353 15 176.95256916996047 168.02371541501975 115.29644268774703
762 1352 33 188.72155926809864 125.80270485282419 115.5425616547335
1157 1350 13 153.95939086294416 150.63451776649745 112.43147208121826
292 1346 34 133.19490851233095 133.75258552108195 98.71599045346062
573 1342 17 153.41640378548897 150.15457413249212 110.53312302839116
1696 1338 35 187.88273852876912 124.46758922068464 114.65258557902403
447 1334 17 177.24921135646687 167.2681388012618 115.61514195583595
2031 1330 26 153.0552070263488 149.20577164366372 110.30489335006273
1073 1323 37 135.89452867501646 137.31641397495054 101.13711272247856
893 1324 24 177.09951060358893 167.56933115823819 114.63132137030996
2110 1316 44 174.47053276756247 164.45167373880244 114.38000942951437
694 1315 26 134.63488080301127 136.0125470514429 100.9146800501882
721 1312 9 142.98765432098764 139.2469135802469 99.88888888888889
733 1312 13 163.11675126903552 154.4467005076142 107.22842639593908
1477 1310 23 178.14192495921696 168.6378466557912 115.92495921696575
1763 1309 34 217.92840095465394 162.5887032617343 134.05171042163883
1596 1309 10 180.23893805309734 170.0796460176991 119.33628318584071
1284 1308 41 115.76389597144315 139.09331973482918 120.10759816420195
1539 1307 36 154.2261041529334 150.62755438365193 110.41133816743572
973 1305 46 153.91479820627802 150.8683245006115 110.43538524256013
544 1297 23 134.49918433931484 135.86296900489398 100.82218597063623
766 1296 14 218.50253807106597 165.61928934010152 137.96446700507613
1397 1296 51 136.0043318893702 137.07197600799734 101.14961679440187
1645 1295 29 135.56936736958934 136.0033296337403 101.44395116537181
1963 1293 52 134.0709763412196 134.84905031656115 99.9943352215928
1857 1292 44 133.83262611975482 134.70532767562472 100.02027345591702
1214 1293 18 153.16445623342173 151.05570291777187 110.29973474801061
283 1290 20 172.63718820861678 163.4308390022676 113.49659863945578
822 1289 35 219.43335761107065 164.32046613255645 135.44938091769848
620 1285 44 133.36303630363037 134.83875530410185 99.38613861386139
1147 1284 41 154.3493115757267 151.90821009688935 110.40948495665478
385 1280 53 133.9878466812091 134.63134933000936 99.3773761296354
1591 1276 11 176.993288590604 167.3489932885906 117.91946308724832
471 1273 37 152.3421226104153 149.2808174027686 109.45682267633487
1457 1269 10 177.23008849557522 166.929203539823 117.70796460176992
1073 1264 13 154.6497461928934 152.10152284263958 111.03553299492386
1715 1264 26 217.6700125470514 162.2961104140527 133.9711417816813
2049 1260 27 132.46925972396485 133.09159347553324 99.40276035131744
1671 1258 13 156.5177664974619 152.13197969543145 113.5989847715736
1040 1258 20 135.3673469387755 136.6439909297052 101.25850340136054
1489 1257 23 182.60032626427406 133.57585644371943 103.90701468189233
1110 1251 12 135.6778523489933 136.75838926174495 102.13422818791946
1613 1250 15 219.16600790513831 167.26482213438734 126.57312252964427
894 1246 44 188.03394625176804 125.34842055634135 114.9071192833569
2142 1243 27 133.30238393977413 133.70765370138017 99.969887076537
724 1238 51 176.83372209263578 168.29056981006332 114.87370876374543
1323 1237 27 134.37390213299872 169.69510664993726 133.20326223337514
551 1234 35 176.69992716678806 168.12745812090313 114.62563729060452
1239 1231 37 134.0323005932762 170.13974950560316 133.47725774555042
1891 1230 25 151.62200282087446 148.14668547249647 110.06770098730607
978 1228 27 180.69259723964868 132.14930991217062 102.07528230865746
393 1225 13 148.95431472081216 145.20304568527916 104.01522842639594
1862 1223 13 160.75126903553297 152.20812182741116 108.18274111675126
1022 1222 14 218.38071065989845 167.03045685279187 125.67005076142131
2011 1222 15 151.99209486166006 147.75494071146244 109.85375494071145
1785 1221 43 187.55539839698255 124.07967939651108 114.44790193305045
1433 1220 29 220.07991120976692 167.54051054384018 125.62819089900111
1487 1219 11 218.24161073825502 167.61744966442953 128.6711409395973
814 1218 27 135.65997490589712 171.64115432873274 134.27352572145546
1075 1216 29 175.76914539400667 167.66259711431744 114.50055493895671
1558 1216 43 182.83121169259783 133.47194719471946 103.23432343234323
1371 1213 21 153.47069943289225 150.39886578449907 110.80907372400756
291 1208 51 151.99466844385205 148.72409196934356 109.66511162945685
1646 1205 35 219.53313911143482 166.83175528040786 125.47778587035688
1967 1204 31 176.53675819309123 166.71656333038086 115.44818423383525
471 1204 25 153.14386459802537 150.0719322990127 110.66008462623414
1714 1200 24 189.19902120717782 125.0326264274062 115.04078303425776
637 1200 36 133.72050098879367 135.60316413974948 99.932762030323
2149 1197 16 175.2807570977918 165.34700315457414 115.6813880126183
2327 1195 3 140.84615384615387 133.0 135.46153846153848
1235 1192 10 148.68141592920352 155.52212389380531 111.93805309734513
1861 1187 21 176.71455576559546 166.8109640831758 115.765595463138
2086 1185 48 133.5891974134652 134.04754659566376 99.73754279193611
399 1183 41 177.1101478837328 167.85823559408465 115.12289648138706
1164 1182 52 134.4281906031323 136.75841386204598 100.27557480839721
940 1183 23 217.90701468189235 163.50081566068516 134.33115823817292
579 1183 15 175.4584980237154 166.9288537549407 115.10276679841897
1478 1179 27 216.55332496863235 157.10288582183185 117.57465495608531
1218 1179 10 146.61946902654867 143.5929203539823 102.56637168141593
1234 1179 15 153.97233201581025 149.92094861660078 103.51778656126481
861 1175 30 116.32507433102082 139.8414271555996 120.78196233894946
1915 1173 20 152.78684807256235 148.93197278911566 110.54648526077098
1294 1171 42 116.57011728709843 139.97399286078533 121.18001019887814
1005 1169 36 214.6104152933421 155.94462755438363 116.70995385629531
1359 1169 19 213.3713527851459 154.57294429708222 117.03183023872678
686 1165 21 175.73534971644614 167.49338374291116 114.89224952741021
140 1165 3 130.0769230769231 122.76923076923077 123.07692307692308
792 1162 31 133.92028343666962 136.35961027457927 100.58901682905226
1614 1160 16 176.90220820189273 166.7192429022082 115.27444794952682
1076 1159 20 218.546485260771 166.88662131519274 124.8639455782313
2015 1158 18 132.9946949602122 133.87002652519894 100.73209549071618
2147 1157 19 174.85941644562334 164.6180371352785 115.38461538461537
1746 1155 26 219.96110414052697 165.04391468005016 136.24341279799245
1688 1155 24 214.63295269168026 154.7504078303426 116.72267536704732
1970 1148 17 132.993690851735 133.86119873817034 101.21451104100946
730 1142 19 152.44827586206895 150.52254641909815 110.76127320954906
1651 1140 13 179.5482233502538 168.93908629441623 117.77664974619289
1419 1137 37 184.0085695451549 134.9861568885959 104.48846407382992
1815 1136 36 218.20303230059326 163.004614370468 134.55504284772576
526 1137 48 132.86040319513123 134.84176492963104 99.03879802206163
452 1135 16 134.14826498422713 135.35015772870662 101.801261829653
266 1127 29 177.42730299667036 167.90899001109878 115.65260821309656
1479 1126 14 219.26395939086294 167.1472081218274 125.94416243654821
337 1123 33 151.75178997613367 149.0755767700875 109.54494828957837
975 1122 14 218.16243654822333 165.16243654822333 135.7969543147208
913 1118 37 154.00197758734342 152.39551746868818 110.569545154911
2069 1114 16 134.6876971608833 135.14826498422713 102.09463722397476
1111 1114 25 182.31452750352608 133.9379407616361 102.85049365303244
616 1111 42 152.57164711881694 150.88577256501785 110.03212646608874
1228 1109 37 136.08635464733024 138.5411997363217 101.59789057350032
416 1109 21 135.0756143667297 136.16824196597355 101.55198487712666
840 1108 29 179.81687014428414 171.95560488346283 116.74361820199778
1559 1108 51 133.79440186604467 135.00933022325893 99.93735421526158
698 1108 26 133.85319949811793 136.4203262233375 100.72396486825595
1913 1102 42 134.22947475777664 135.17134115247325 100.72463029066803
1715 1102 18 181.59946949602121 132.946949602122 103.92572944297082
1355 1102 29 187.95671476137625 125.85571587125416 115.21309655937847
1156 1101 19 216.78514588859414 165.81697612732094 124.684350132626
1046 1091 32 181.6651904340124 134.162976085031 103.90168290522587
2132 1089 35 133.3306627822287 134.11216314639475 100.5156591405681
2000 1088 42 153.3574706782254 150.14074451810302 110.61499235084142
1763 1087 28 189.10654827968924 126.12319644839069 116.28523862375138
2069 1084 11 176.27516778523488 166.6241610738255 117.19463087248322
764 1085 38 134.17967332123413 137.05747126436782 100.53418027828192
1293 1084 28 134.9134295227525 171.69367369589347 133.71587125416204
1652 1082 37 153.97495056031642 150.96440342781804 110.72643375082399
1473 1081 17 154.53943217665613 151.6876971608833 112.05362776025237
315 1082 14 176.9492385786802 168.15736040609136 115.67512690355329
275 1070 19 133.946949602122 135.3713527851459 101.39522546419097
1429 1067 24 181.77487765089722 132.74225122349102 102.6215334420881
374 1064 25 152.7898448519041 150.01551480959097 110.23554301833568
890 1058 24 136.0163132137031 138.32463295269167 102.17292006525285
1182 1057 22 154.40264650283555 152.61814744801512 111.26843100189036
461 1050 49 179.00798782807152 170.30734119437048 115.96690756941803
1717 1049 24 179.95432300163134 170.4747145187602 116.91843393148451
972 1049 47 117.45536078271505 141.92172849571952 121.97472482674276
1900 1048 14 177.2233502538071 167.96446700507613 116.97969543147207
1828 1048 43 188.57237152286658 125.34512022630834 115.31824611032532
1609 1043 20 135.9795918367347 136.95011337868482 102.4013605442177
1247 1043 28 175.85460599334073 168.7558268590455 114.661487236404
555 1043 38 153.90199637023593 151.7761645493043 110.56261343012704
621 1042 17 176.82965299684543 169.11041009463722 115.397476340694
1052 1041 12 154.5503355704698 152.92617449664428 112.16778523489933
1946 1034 21 154.4990548204159 151.124763705104 111.58790170132326
1297 1034 17 154.9558359621451 153.17034700315457 111.76656151419559
1116 1035 41 219.24579296277412 168.5604283528812 125.95155532891383
824 1033 29 156.03218645948945 154.42175360710323 111.77025527192009
793 1032 7 169.3877551020408 166.53061224489795 123.85714285714285
1556 1031 15 180.5296442687747 171.17786561264822 117.97628458498023
778 1031 14 178.09137055837562 170.65989847715736 116.41116751269034
1362 1026 41 218.65629780724123 164.12850586435493 134.66955634880165
1495 1025 37 155.089650626236 152.116677653263 111.16348055372444
691 1022 45 178.45609436435126 171.0253385757973 115.76714722586283
1650 1021 18 178.17506631299733 168.71352785145888 116.04774535809018
2077 1017 50 176.98475717830556 167.71605813541296 115.51152073732719
1429 1016 24 213.81892332789562 154.74551386623165 116.57096247960848
2001 1015 21 134.937618147448 136.15122873345936 102.10207939508507
397 1013 19 137.2944297082228 138.70026525198938 103.9575596816976
1756 1013 23 219.68026101141925 165.19902120717782 136.59543230016314
320 1006 50 133.45763913505849 134.93158454448778 100.09606522509748
615 997 22 178.85255198487712 171.18336483931947 115.83364839319471
1889 997 35 179.55134741442097 170.23379461034233 116.7647487254188
1193 996 33 180.86475735879077 133.45425616547337 103.46618933969769
1040 994 27 136.24843161856964 173.80552070263488 135.14303638644918
903 989 38 135.8148820326679 138.76588021778585 101.67816091954023
762 987 22 180.34971644612477 133.41776937618147 103.95085066162571
1644 979 11 158.50335570469798 153.8926174496644 114.41610738255034
1705 977 35 136.33867443554263 137.28841951930082 102.57465404224327
1956 974 29 179.5227524972253 170.48168701442842 116.47391786903441
1587 975 44 179.93163602074492 170.7218293257897 116.51532296086752
950 973 12 154.88590604026845 153.96644295302013 112.08053691275167
1473 972 16 138.5552050473186 139.4006309148265 104.40378548895899
1520 971 15 139.88537549407113 140.80237154150197 105.05138339920948
1092 972 16 156.78233438485805 155.1230283911672 113.21451104100946
466 972 20 155.03854875283446 152.5668934240363 111.75283446712018
1333 968 16 215.5930599369085 165.26182965299685 136.48895899053628
1323 967 14 193.05076142131978 150.1979695431472 123.51269035532994
819 967 32 218.90876882196636 168.0487156775908 125.83702391496901
993 964 23 119.91027732463296 144.71615008156607 124.05709624796086
1277 962 45 136.15072083879423 138.7208387942333 101.96373962429008
1132 957 24 214.15823817292008 156.64600326264275 117.50244698205547
2020 957 17 158.5520504731861 155.01261829652995 114.57413249211356
1744 953 14 153.73604060913704 149.80710659898477 111.74111675126903
1754 952 11 148.23489932885906 138.38255033557047 105.46308724832214
550 951 50 135.24813895781637 137.4427507975895 101.23325062034739
399 951 38 179.6152450090744 171.12462189957654 116.46339987900788
1808 949 50 218.82913860333215 164.70542360864943 135.85997873094647
1922 937 17 137.3186119873817 138.65299684542586 104.35331230283911
641 933 35 135.55207574654042 138.4843408594319 102.35032774945375
1329 931 14 181.75634517766497 174.0 118.43147208121826
477 931 17 136.7097791798107 138.32176656151418 103.41955835962145
1058 929 34 135.72951471758154 173.71519490851233 134.98090692124106
1659 925 24 181.15334420880913 171.91190864600327 117.7699836867863
1400 925 55 189.50366676444705 127.27339395717219 116.26283367556468
1497 925 30 179.82854311199208 171.3151635282458 116.77700693756194
794 924 13 183.37563451776649 135.71573604060913 105.71065989847715
723 924 49 189.91479650057056 128.20007607455307 116.96652719665272
865 920 21 181.54631379962194 134.54631379962194 104.68620037807183
315 920 29 178.5371809100999 169.99556048834629 116.61598224195339
2082 913 43 135.5954738330976 136.98302687411598 102.34087694483733
1195 912 40 219.94534300055773 169.8940323480201 126.654210819855
1006 912 13 137.02538071065987 174.2690355329949 135.35532994923858
1617 903 12 153.71812080536913 150.7785234899329 110.71140939597315
1735 901 32 137.41364038972543 138.60761736049602 103.140832595217
1113 901 24 219.0489396411093 167.06688417618273 136.67862969004895
1988 895 46 135.9792091316755 137.55605381165918 102.23236852833266
1333 893 16 181.65615141955834 174.25867507886434 118.00630914826498
947 892 52 136.6064645118294 139.9303565478174 102.75108297234256
431 892 21 154.3289224952741 152.27410207939508 111.26654064272212
1277 882 26 179.33877038895858 172.67628607277288 116.93851944792972
1882 880 40 156.0340211935304 152.79810373675406 111.9648633575014
811 878 39 213.38717483363584 155.8257713248639 117.06836055656383
1570 877 44 137.42102781706743 138.9033474776049 102.92644978783592
1021 873 20 181.25396825396825 174.54421768707485 116.87301587301587
493 872 33 181.03579952267305 173.05887032617343 117.17899761336515
1070 870 24 122.33115823817293 147.97716150081567 126.35562805872758
881 868 14 181.00507614213197 173.9238578680203 117.6243654822335
675 853 28 155.02330743618202 153.8390677025527 111.97891231964483
2061 852 18 177.9973474801061 169.631299734748 117.36074270557029
1323 853 15 156.6086956521739 155.31225296442688 113.0395256916996
1224 850 24 181.80750407830342 134.42251223491027 103.62805872756934
1670 845 48 137.17154811715483 138.59033853176112 102.9691898060099
366 845 54 156.03926456840136 153.90775942661264 111.87036459956373
587 845 51 155.13662112629123 153.47984005331557 111.2322559146951
1791 836 49 189.96424496006085 127.67021681247623 117.22746291365539
746 837 36 219.17205009887934 166.12986156888596 136.39551746868818
1384 835 36 137.39485827290704 140.18391562294 103.43968358602504
1469 835 48 219.70787371624192 166.10422213769493 136.4336249524534
528 833 12 178.0738255033557 171.06711409395973 116.75167785234899
1944 826 25 137.7574047954866 139.32581100141044 103.70380818053596
1136 824 50 188.78199220134704 128.39985820630983 116.68060971286778
450 823 20 135.6235827664399 138.2721088435374 102.6734693877551
1064 821 18 121.51193633952253 146.59416445623341 125.76923076923076
893 815 24 137.44535073409463 175.38662316476348 136.08972267536706
1595 811 21 183.59924385633272 174.5897920604915 118.44423440453687
1539 808 19 219.3103448275862 165.18302387267903 136.10344827586206
1214 807 23 218.12398042414355 166.8809135399674 137.10114192495922
953 806 27 122.76787954830614 148.4905897114178 127.15934755332496
1879 805 30 138.1149653121903 139.65609514370664 103.98216055500495
1011 805 25 136.12976022566997 174.70239774330042 135.41748942172075
1289 803 39 156.31457955232912 155.8753781004235 112.10526315789474
1722 799 21 189.7466918714556 127.74480151228734 117.0359168241966
2026 796 44 136.47053276756247 138.1918906176332 103.42998585572843
1414 793 11 182.993288590604 175.11409395973155 120.04026845637584
669 783 38 181.07562008469452 173.76830006049607 117.32183908045978
1632 781 15 140.49407114624506 140.76284584980237 106.01581027667983
1182 779 10 217.17699115044246 167.05309734513273 137.76106194690266
742 779 13 219.29949238578678 167.7715736040609 138.38071065989845
499 777 41 180.8730239673636 173.68179500254973 117.06629270780215
818 772 55 190.4361982986213 129.19125843355823 117.68964505720153
1363 768 28 180.00887902330743 173.2142064372919 116.826859045505
906 762 23 218.97716150081567 166.84502446982057 137.06851549755302
1511 761 27 189.8155583437892 127.7728983688833 116.98996235884566
582 757 30 155.50743310208128 154.34291377601585 111.75123885034688
1746 755 28 219.2219755826859 165.8157602663707 136.70477247502774
409 754 42 134.71239163691996 137.4487506374299 101.29627740948496
1071 751 43 218.62942008486561 166.92880716643091 136.7015558698727
1830 750 36 180.91562294001318 172.2748846407383 117.70533948582728
1672 745 37 219.7673038892551 166.12261041529334 136.91562294001318
720 744 13 156.49238578680203 154.95939086294416 113.03553299492386
1583 743 37 191.2722478576137 128.58272907053393 117.63480553724455
1144 742 25 189.2228490832158 128.9802538787024 116.99294781382228
1218 740 31 121.71124889282551 147.24180690876884 126.40655447298495
1928 738 50 155.5749734136831 153.236086494151 112.29386742289968
1438 738 39 156.17906836055658 154.8820326678766 112.23895946763461
977 733 45 188.30843162953255 128.15334207077328 116.58016601135867
2011 723 19 154.81697612732094 152.70026525198938 112.88063660477452
1307 718 40 136.52537646402678 140.22364751812606 102.76742889012829
465 716 16 180.1577287066246 172.85173501577287 117.38801261829653
704 716 16 181.38485804416402 174.40694006309147 118.27129337539432
1629 713 12 186.3221476510067 127.33557046979865 115.29530201342281
918 708 15 219.35968379446638 167.16600790513831 137.07114624505928
874 708 19 219.50397877984085 167.46949602122015 137.9496021220159
757 709 29 122.48501664816871 147.65815760266372 126.62153163152054
1522 708 24 138.26753670473084 140.16965742251224 104.04241435562807
1380 700 24 137.5742251223491 140.5872756933116 103.31158238172921
1169 699 14 136.8477157360406 175.02538071065987 135.52791878172587
1793 697 21 180.4007561436673 172.1436672967864 117.58979206049149
544 694 37 135.66051417270927 138.66974291364534 102.12722478576136
1737 694 25 135.99576868829337 138.0 102.91960507757405
1247 694 11 184.86577181208054 178.92617449664428 121.81208053691275
640 693 44 136.1060820367751 139.0957095709571 102.5997171145686
1563 693 12 182.75838926174495 174.3020134228188 119.40939597315436
813 689 20 136.65532879818593 174.48979591836735 135.30158730158732
418 689 16 179.5993690851735 172.3564668769716 117.5141955835962
1119 688 27 155.65119196988707 155.37264742785445 112.23588456712672
1690 681 15 140.6798418972332 141.47430830039525 106.16600790513833
1433 680 10 179.94690265486724 173.44247787610618 119.7433628318584
1477 679 22 182.07939508506618 174.6124763705104 118.17769376181475
1988 675 19 137.21750663129973 139.3395225464191 105.08488063660477
1202 668 26 136.29861982434127 140.83312421580928 103.48682559598494
939 665 26 181.7465495608532 175.61104140526976 117.45922208281053
1859 658 47 136.76966979209132 138.9090909090909 103.25805136567469
1347 658 19 181.9442970822281 175.18037135278513 117.88859416445622
1620 655 49 181.27767211867632 173.18676302776723 117.38988208444276
1534 654 24 155.9494290375204 154.12724306688418 112.08646003262643
782 651 25 182.8956276445698 175.90691114245416 117.68124118476727
720 650 32 137.19486271036317 140.41895482728077 104.00265721877768
473 646 43 133.95945308816596 137.37057991513436 100.96086751532296
1947 642 26 136.19949811794228 138.34629861982432 103.73902132998745
1038 640 57 135.66372413793104 139.9688275862069 102.48137931034483
579 639 19 153.3527851458886 152.53050397877982 111.41644562334217
855 635 42 155.14176440591535 154.32942376338605 111.59510453850078
1776 634 32 137.63153232949514 139.837023914969 103.79450841452613
1201 632 13 179.63959390862942 174.14213197969542 118.30964467005076
1273 631 47 181.92376681614348 175.71789645332245 117.0623726049735
1698 630 27 156.25721455457966 154.31116687578418 112.45420326223336
1419 622 50 136.0620347394541 139.6767103863878 102.74193548387096
1138 617 39 181.53962492437992 175.62371445856022 116.92679975801573
1504 605 31 137.00531443755537 140.08680248007087 103.75287865367582
1344 603 16 138.45425867507885 141.56782334384857 105.21135646687696
940 597 34 182.25855210819412 176.00954653937947 117.54733492442324
641 595 42 154.7200407955125 153.80673125956145 111.47322794492607
1905 592 28 179.76248612652608 172.07658157602663 117.75804661487237
708 589 17 156.09463722397476 155.0441640378549 112.77917981072555
1208 583 26 136.20200752823087 140.28230865746548 103.19322459222082
1091 576 17 180.51104100946372 174.4794952681388 117.45425867507886
546 577 48 180.4556865728414 173.65233929250667 116.50057055914797
1740 575 22 179.70510396975425 172.02268431001892 117.57466918714556
786 572 47 181.66449245821443 174.84223399918469 117.21239298817774
1000 566 20 135.19727891156464 138.86848072562358 102.2312925170068
1568 565 42 156.29882712901582 154.9265680775115 112.11575726670067
1667 563 42 135.96991330953597 138.71953085160632 102.83885772565019
1295 558 17 139.08832807570977 142.82018927444796 105.79179810725552
877 556 29 135.98668146503886 139.6270810210877 102.65593784683685
1414 554 10 180.06194690265485 173.858407079646 120.929203539823
1503 551 9 181.98765432098764 175.11111111111111 120.38271604938271
1815 550 52 156.5538153948684 155.07164278573808 112.81906031322893
1459 547 25 182.8815232722144 176.02820874471087 118.41607898448518
1152 544 23 137.45513866231647 141.30016313213704 104.01141924959218
1352 540 37 154.78773895847064 154.69808833223465 111.75346077785102
700 540 25 181.04795486600847 174.1706629055007 117.8293370944993
626 528 22 134.31190926275994 137.87145557655955 101.96219281663517
1728 524 20 137.4308390022676 139.52607709750566 104.39002267573696
1052 519 42 181.6323304436512 175.5532891381948 117.10555838857726
1518 514 28 136.87791342952275 139.84683684794672 103.37624861265262
1420 513 19 137.26790450928382 140.6233421750663 103.76392572944296
1233 513 43 155.83074021687884 155.64922206506364 111.92503536067892
834 511 14 156.95939086294416 155.63451776649745 113.73604060913705
948 509 44 155.52098066949551 155.33239038189532 111.75813295615276
1307 507 19 137.86472148541114 141.48010610079575 104.70557029177718
1763 505 12 136.96644295302013 138.54362416107384 105.26845637583892
747 503 22 137.03969754253308 139.59924385633272 102.76937618147448
1175 503 17 137.19873817034699 140.7160883280757 104.25236593059937
582 500 21 180.7523629489603 173.78638941398867 117.87523629489603
1608 500 28 181.8312985571587 174.7291897891232 118.14983351831299
1565 499 12 137.19463087248323 139.5503355704698 104.34228187919463
1472 498 13 138.07614213197968 140.57360406091368 105.95431472081218
885 498 19 136.026525198939 139.71618037135278 103.09549071618036
1663 493 18 157.67639257294428 155.59681697612731 113.61007957559681
1123 489 22 135.06805293005672 139.31190926275994 102.77693761814746
1018 481 11 138.96644295302013 141.26845637583892 105.56375838926174
1791 480 17 183.38485804416402 176.00315457413248 120.397476340694
1372 478 21 135.06049149338375 138.91115311909263 102.20604914933838
1492 473 10 186.43362831858406 179.57522123893804 122.69026548672566
861 467 10 184.64601769911505 178.50442477876106 122.02654867256636
675 467 47 134.17040358744396 137.34366082348146 101.2221769262128
1184 463 20 180.8027210884354 174.3968253968254 117.50340136054422
744 462 11 180.88590604026845 173.5503355704698 118.8255033557047
796 459 39 155.29159104658197 154.34422262552934 111.37689050211738
1257 457 11 157.28187919463087 155.85906040268455 114.22818791946308
1726 451 45 134.30056793359546 137.0528615115771 101.87505460899956
1311 448 32 181.674047829938 175.71479185119574 117.5792736935341
1436 447 43 182.5068363979255 175.93069306930693 118.1928335690712
1061 444 22 154.8563327032136 154.62948960302458 111.91304347826087
1638 443 24 154.6704730831974 153.08972267536706 112.02120717781403
905 442 30 181.4033696729435 175.24876114965312 117.24876114965312
1370 434 17 180.02208201892745 173.74132492113563 117.49211356466877
1551 429 47 135.92743579290664 139.22339991846718 102.83734203016714
1127 426 33 181.45346062052508 175.25616547334926 117.52187748607797
851 420 16 137.9211356466877 140.97476340694007 105.06940063091483
995 415 50 135.65012406947892 139.62850053172633 102.29244948599788
739 413 31 181.86182462356066 174.92825509300266 118.08237378210806
1679 400 17 179.66561514195584 172.72555205047317 117.80441640378548
1231 394 51 135.3655448183939 139.08230589803398 102.06931022992336
1072 389 22 181.17391304347828 174.8960302457467 117.38563327032136
1484 389 18 138.27055702917772 140.68700265251988 104.80901856763926
1317 384 26 136.59222082810538 139.8030112923463 103.51693851944792
798 384 31 154.88928255093003 154.2046058458813 112.41452612931798
1622 382 35 181.90458849235253 174.56008739985435 118.49453750910416
1437 379 16 179.28706624605678 172.38485804416402 117.19242902208201
1381 376 29 135.03551609322975 138.5638179800222 102.18201997780244
1117 372 11 180.16778523489933 173.57718120805367 118.40939597315436
1578 356 9 185.09876543209876 177.4074074074074 122.98765432098764
1160 354 20 135.03174603174602 138.97052154195012 102.1859410430839
887 354 47 133.48308194048104 137.25968202201386 100.55360782715043
1032 344 18 155.50928381962865 155.0132625994695 112.54376657824933
1539 343 24 181.5742251223491 174.17455138662316 119.06362153344209
1410 338 16 180.23028391167193 173.9148264984227 117.70662460567823
1474 328 33 134.0771678599841 137.79713603818615 102.28878281622912
1263 325 21 154.48771266540643 154.06427221172024 111.97353497164461
966 316 32 181.83436669619132 175.7803365810452 118.43932683790966
1096 302 48 155.54050969950552 154.80677063522253 112.27462913655383
1340 301 47 181.60293518141052 175.12841418671016 117.53159396657155
1023 299 19 180.09283819628646 173.6445623342175 117.6604774535809
1413 295 17 154.36908517350156 153.9179810725552 111.80126182965299
1201 292 45 134.5111402359109 138.17474879860202 101.68501529051989
1271 269 24 134.02120717781403 137.7699836867863 102.28384991843393
1243 98 3 133.30769230769232 131.6923076923077 129.30769230769232
