1184 2265 2 148.4 143.4 147.8
1183 2255 3 139.30769230769232 131.3846153846154 130.84615384615384
1195 2091 38 131.07924984875984 132.13430127041744 96.90562613430127
1005 2091 30 130.05847373637263 131.35381565906837 96.26065411298315
1261 2088 25 171.96332863187587 162.42031029619181 111.66854724964739
1098 2076 50 129.8465083303793 131.14923785891528 95.75398794753633
1337 2069 46 173.01712189156135 163.10966163880963 111.60782715042805
1431 2044 40 130.50641383156722 131.24428332403792 96.28220858895706
1511 2035 29 149.88679245283018 146.25638179800222 106.91897891231964
1172 2030 19 129.9098143236074 130.9442970822281 95.90716180371352
921 2030 57 172.16275862068966 162.4256551724138 110.81489655172415
1024 2021 30 151.49653121902872 148.1684836471754 107.77799801783944
1566 2019 22 132.7618147448015 132.87712665406428 98.6257088846881
821 2014 38 130.53660012099215 131.2885662431942 96.02238354506957
1128 2012 13 173.8172588832487 163.71065989847713 113.86294416243653
760 2012 13 131.92893401015226 132.4213197969543 99.3248730964467
1379 2009 13 176.90355329949236 166.2741116751269 115.3248730964467
1471 2001 11 135.35570469798657 134.19463087248323 102.16778523489933
1256 1998 55 150.93575828688765 147.2194191845116 107.39483719565855
1344 1990 21 154.39319470699434 150.0359168241966 110.51417769376182
1080 1978 36 173.36783124588 163.80487804878047 112.15557020435068
1162 1969 33 131.72076372315036 132.6555290373906 97.04216388225935
1620 1967 44 173.46628948609145 163.37812352663838 112.2975011786893
1418 1961 37 173.8154251812788 163.4040870138431 112.49505603164138
794 1959 14 132.76142131979694 132.62944162436548 98.86802030456852
731 1952 44 150.24941065535126 146.998114097124 107.19094766619519
1521 1950 48 152.8333967287942 148.67059718524155 108.43286420692279
928 1947 14 133.7258883248731 133.5228426395939 98.90355329949237
991 1943 45 173.5565749235474 163.63958060288337 112.0
871 1941 34 152.83054892601433 148.9928400954654 108.18615751789977
1699 1940 26 152.3500627352572 148.22710163111668 108.88331242158092
644 1928 24 172.1484502446982 162.23327895595432 111.85481239804243
1067 1925 15 133.0 133.33201581027666 98.9486166007905
807 1923 14 173.76142131979694 163.80710659898475 113.4720812182741
1340 1920 44 133.80999528524282 134.46251768033946 98.41018387553041
1265 1918 19 134.49071618037135 134.9920424403183 100.14058355437665
1454 1917 14 174.22842639593907 163.53807106598984 113.13197969543147
1118 1904 30 132.3230921704658 133.3221010901883 97.81764122893954
1658 1901 24 133.41761827079935 133.85644371941274 98.97063621533442
1406 1899 14 175.20812182741116 164.2233502538071 113.99999999999999
1192 1893 38 175.0895341802783 165.27949183303087 112.96914700544465
1518 1879 18 134.75331564986737 134.57294429708222 99.88859416445622
850 1879 17 152.8328075709779 148.65299684542586 109.23343848580441
1745 1876 48 132.18904526435907 132.72384937238493 97.53518448079117
1048 1872 34 131.73826571201275 132.66428003182182 97.3365155131265
595 1873 39 131.36055656382337 131.8257713248639 96.72897761645494
1586 1870 43 133.03630363036302 133.56199905704855 98.12635549269213
776 1869 38 173.2982456140351 163.4615849969752 112.02056866303691
688 1870 38 150.84694494857837 147.08711433756807 107.21597096188749
926 1862 54 133.12059831723278 133.60891243377998 97.95169834839514
1275 1857 39 132.9479733817302 133.59588626739264 98.11252268602541
1332 1856 12 176.36912751677852 165.88590604026845 115.3489932885906
1457 1855 42 152.8108108108108 148.71392146863846 108.9020907700153
1661 1843 24 174.27079934747147 163.98858075040783 113.29200652528549
1379 1842 26 175.7590966122961 165.62735257214553 113.50941028858217
998 1840 12 153.45637583892616 148.98657718120805 110.38926174496645
640 1831 12 174.8724832214765 164.6979865771812 114.7248322147651
1520 1830 21 175.18147448015122 164.76370510396976 113.8733459357278
527 1823 30 171.9682854311199 161.74331020812684 111.64222001982161
1210 1814 29 153.71920088790233 149.834628190899 109.49167591564928
1125 1814 49 154.04982883225563 150.0798782807151 108.95587675922404
1827 1813 43 173.41537010843942 163.7223008015087 112.42715700141443
775 1813 12 175.71812080536913 165.34228187919462 115.16778523489933
1628 1810 19 133.05570291777187 133.74005305039788 99.83023872679044
1334 1810 23 135.30505709624796 135.72267536704732 101.02773246329528
726 1809 28 131.77913429522752 132.18867924528303 97.05660377358491
832 1805 37 173.52999340804217 163.5431773236651 111.88859591298615
967 1799 13 174.77664974619287 164.1472081218274 113.61421319796953
581 1798 20 133.26530612244898 133.4671201814059 98.44671201814059
1760 1798 20 152.24943310657596 148.54195011337868 109.07709750566893
1022 1792 35 176.20757465404225 165.8324836125273 113.41806263656228
1498 1787 22 134.46124763705103 134.41587901701322 99.72778827977316
1696 1782 36 152.6466710613052 149.07844429795648 109.40342781806196
783 1778 15 152.86561264822134 148.63636363636363 110.21739130434781
1898 1778 23 132.06688417618273 132.58238172920065 98.44698205546493
490 1777 27 151.99372647427853 147.9861982434128 108.53952321204517
644 1774 40 174.37255995538206 163.99107640825434 112.31176798661461
1566 1770 40 174.1600669269381 164.5259341885109 113.28220858895706
1421 1767 52 134.3038987004332 134.811062979007 99.19526824391869
1194 1764 21 132.68052930056712 133.60680529300566 98.64083175803403
1265 1760 45 176.33420707732634 166.0611620795107 113.23328964613368
1337 1757 17 176.74132492113563 166.37223974763407 114.58044164037855
1150 1754 13 175.59898477157358 165.74111675126903 114.93908629441623
921 1752 44 133.1819896275342 133.43140028288542 98.06600660066006
1804 1750 18 131.07692307692307 131.70026525198938 98.27320954907161
1750 1750 20 172.83219954648527 163.20408163265307 113.0
987 1750 13 175.73096446700507 164.8730964467005 114.8223350253807
853 1750 13 173.84771573604058 162.96446700507613 113.10152284263958
1641 1741 24 132.63458401305058 133.6916802610114 99.39641109298532
815 1739 23 152.8499184339315 148.50407830342579 108.61663947797717
1500 1726 25 175.28349788434414 164.89280677009873 113.25811001410437
1152 1723 13 176.11167512690355 165.8984771573604 114.25888324873095
734 1724 50 132.17866004962778 132.3792981212336 97.0361573909961
1933 1722 23 133.0326264274062 133.72593800978794 99.41272430668842
557 1721 50 152.9808578518256 148.52747252747253 108.5122297057781
1083 1719 47 133.91928251121075 134.71055849979618 98.78189971463514
1213 1717 18 155.09814323607426 151.18037135278513 110.05570291777188
1704 1715 25 151.70239774330042 148.26798307475318 108.77856135401974
1551 1715 13 135.58883248730965 134.70558375634516 101.03553299492386
1866 1714 38 151.94313369630976 148.29885057471265 108.63399879007865
439 1715 45 132.27260812581915 132.24901703800788 97.18610747051115
1353 1712 26 154.06524466750312 149.93350062735257 109.98117942283562
1004 1704 26 154.04516938519447 149.7728983688833 109.1944792973651
798 1699 11 175.29530201342283 164.48993288590603 115.87919463087248
858 1697 32 132.50132860938885 132.60318866253323 97.70682019486271
1298 1696 19 133.9973474801061 134.59681697612731 99.54376657824933
651 1694 34 152.8941925218775 148.47096260938744 108.51312649164679
1464 1692 23 188.37520391517128 137.47308319738988 105.97226753670473
1599 1683 34 152.63086714399364 148.95067621320607 109.11933174224345
1246 1683 22 176.24385633270322 166.28922495274102 113.60680529300568
495 1680 12 174.93288590604027 164.56375838926175 114.4496644295302
1776 1677 50 131.94647288195677 133.0428925912797 97.97022332506204
1526 1676 25 132.72355430183356 133.6516220028209 99.13258110014104
1897 1672 13 176.243654822335 166.8172588832487 116.21319796954313
1403 1670 28 220.5638179800222 163.4916759156493 134.1542730299667
1173 1660 43 132.88213107024987 134.3036303630363 98.27204148986327
1671 1657 32 174.05757307351638 164.17537643932684 113.07351638618246
939 1655 43 153.65770862800565 149.7967939651108 109.18151815181518
812 1654 17 219.38801261829653 162.0788643533123 132.8832807570978
1105 1652 18 134.83554376657824 135.45623342175065 100.15915119363395
698 1649 20 218.90249433106575 161.1746031746032 132.79591836734693
593 1648 22 133.8374291115312 134.05103969754254 99.56899810964083
1958 1645 42 151.06323304436512 147.94645588985213 108.40336562978074
394 1640 32 152.4056687333924 148.2621789193977 108.87953941541187
449 1637 18 175.0 163.9814323607427 113.01856763925728
1337 1635 40 133.96207473508088 168.73117679866147 131.8962632459565
647 1631 19 188.79310344827584 124.53580901856763 114.36870026525199
1256 1626 32 116.2577502214349 139.60318866253323 120.06377325066431
862 1627 26 220.6022584692597 162.62484316185694 133.31493099121707
1473 1624 40 187.93641940881207 123.66815393195762 113.89960959286114
517 1622 43 175.26261197548325 164.43328618576143 113.06789250353607
1859 1620 42 173.15910249872516 163.8215196328404 112.54360020397758
757 1620 37 188.24390243902437 122.94199077125906 112.73961766644693
1548 1615 29 116.71698113207547 139.73140954495005 120.14872364039955
1035 1615 49 177.1068847470521 167.02890833016357 113.48953974895397
1616 1614 32 133.5969884853853 134.3569530558016 99.41364038972543
1728 1611 21 153.03402646502835 149.24196597353497 109.87712665406427
1405 1609 22 189.01134215500946 124.9054820415879 114.12476370510397
1678 1601 19 132.22546419098143 133.16445623342173 98.46419098143235
354 1599 18 152.21750663129973 148.11140583554376 109.16710875331565
1133 1596 14 178.28426395939084 168.87817258883248 116.30964467005076
820 1597 23 188.33768352365416 124.07830342577488 113.66068515497554
688 1594 26 219.09159347553324 161.9021329987453 132.72271016311166
1304 1594 13 118.99492385786802 142.01522842639594 121.70558375634516
1366 1590 12 188.45637583892616 139.4295302013423 108.89261744966443
1108 1584 13 156.52791878172587 152.497461928934 112.50253807106598
442 1577 39 132.53115547489415 132.72353297035693 98.01028433151846
1781 1575 38 152.8300060496068 149.33756805807624 109.33030852994557
1580 1572 13 135.37563451776649 168.38578680203045 132.6954314720812
865 1571 23 220.4061990212072 163.0179445350734 133.69983686786298
1268 1566 20 134.26530612244898 169.5079365079365 132.62585034013605
613 1566 45 219.13586719091307 161.9043250327654 132.92354740061162
503 1566 11 177.6979865771812 166.40268456375838 116.16107382550335
1332 1563 23 134.70799347471453 135.74551386623165 99.82707993474715
944 1562 46 188.80065226253566 124.42152466367713 114.03954341622503
1997 1561 46 131.4374235629841 132.62046473705666 97.49612719119446
542 1560 16 176.21766561514195 165.3627760252366 114.39116719242902
1197 1559 44 134.42668552569543 169.9038189533239 132.76284771334275
1912 1559 31 131.95748449955713 133.14171833480958 97.88396811337468
1515 1558 23 221.26427406199022 164.22512234910278 135.21044045677
796 1557 22 154.4196597353497 149.72589792060492 109.52551984877127
1491 1556 12 198.3020134228188 144.83892617449663 114.08053691275167
1469 1556 24 213.0456769983687 153.6867862969005 115.44535073409462
1129 1554 14 178.73604060913704 169.16243654822333 116.1218274111675
676 1552 12 154.86577181208054 148.9731543624161 110.33557046979865
1638 1549 20 134.82539682539684 169.21768707482994 132.58049886621316
1396 1546 32 226.64393268379098 174.68113374667848 129.67316209034544
1085 1542 27 156.83939774153072 153.00376411543286 110.97616060225846
1705 1540 37 174.1825972313777 164.65458141067896 113.19578114700064
1022 1539 24 191.16965742251224 126.64274061990213 115.97553017944536
1836 1536 25 174.8984485190409 165.13258110014104 113.84203102961918
727 1534 37 132.59129861568886 133.0085695451549 97.66315095583387
355 1525 48 175.50703689615824 164.82769113731456 113.33358691517688
563 1519 18 187.88328912466844 124.52254641909813 114.33156498673739
1580 1518 41 118.33554309026007 141.556858745538 121.74910759816422
1946 1514 15 176.55335968379447 167.16996047430828 115.22529644268774
1647 1512 21 174.79017013232516 165.57466918714556 113.96975425330812
1444 1511 18 225.9549071618037 173.80106100795754 129.6498673740053
1138 1511 28 133.72586015538292 135.00554938956714 99.4661487236404
661 1509 23 186.62642740619904 122.49918433931485 112.81566068515498
435 1509 15 176.37549407114622 165.59683794466403 114.64822134387352
1218 1508 10 157.141592920354 153.9646017699115 114.40707964601769
507 1508 35 133.84268026219956 134.04588492352514 98.3729060451566
782 1506 12 135.8791946308725 134.81879194630872 101.8255033557047
841 1505 38 176.21052631578948 166.28009679370842 113.42286751361162
1358 1501 20 154.59410430839003 150.78684807256235 110.47845804988663
2045 1501 21 173.34782608695653 163.75803402646503 113.27599243856334
1498 1499 32 187.70416297608503 136.77856510186007 105.14880425155005
1282 1496 49 118.01635602890833 141.6995055154051 121.6344617725371
915 1496 21 155.15122873345936 151.05671077504726 110.20982986767486
1778 1495 36 132.569545154911 133.7435728411338 98.63941990771258
1679 1492 10 125.5929203539823 147.31858407079645 126.07964601769912
1087 1492 11 178.8791946308725 168.63758389261744 116.15436241610738
1403 1489 19 188.6180371352785 137.77984084880637 105.6790450928382
1049 1486 22 219.7618147448015 163.593572778828 133.94896030245746
984 1480 36 188.85959129861567 125.11074489123268 114.77323665128542
1893 1472 47 151.7851610273135 148.7011822258459 109.0281288218508
1192 1470 30 117.9246778989098 141.4757185332012 121.56194251734391
892 1466 10 181.56637168141592 170.929203539823 118.30973451327434
1711 1465 26 133.41907151819322 134.53199498117942 99.72020075282308
308 1465 24 134.4910277324633 134.76508972267538 100.51549755301795
1985 1463 36 175.06789716545813 165.86354647330256 113.65589980224125
1138 1463 11 182.38255033557047 171.38255033557047 118.7718120805369
1102 1458 17 176.4479495268139 166.98738170347002 114.80441640378548
1567 1453 17 177.78233438485805 167.87066246056781 115.39116719242902
601 1454 48 188.592620768353 124.15405096995056 113.93229364777483
693 1452 32 220.88396811337466 164.17626217891942 134.82462356067316
1824 1450 17 152.07570977917982 148.43217665615143 109.62776025236593
926 1449 17 178.70031545741324 168.34700315457414 115.21451104100946
1353 1448 26 178.3927227101631 168.57214554579673 114.82183186951066
768 1448 34 179.11058074781226 169.2275258552108 114.81463802704853
2062 1447 27 152.00125470514428 148.21831869510663 109.30991217063989
1640 1444 41 117.3559408465069 140.5553289138195 121.22743498215198
442 1441 45 153.05591961555265 149.02271734381827 109.15246832678025
363 1441 25 151.66995768688292 147.90550070521863 108.89139633286318
1494 1438 10 192.49557522123894 159.53097345132744 121.8141592920354
1522 1437 27 154.10037641154327 150.08531994981178 110.32371392722709
1450 1437 42 219.41356450790414 158.25650178480367 117.91228964813871
1775 1435 19 133.3819628647215 134.49867374005305 99.22811671087533
514 1436 25 177.43582510578278 166.9971791255289 114.3737658674189
1944 1433 12 133.8791946308725 133.79194630872482 100.71812080536913
1231 1427 19 134.46153846153845 168.75862068965517 132.6074270557029
1735 1420 15 175.13438735177866 165.39525691699603 115.399209486166
1143 1415 34 179.3508353221957 169.27844073190136 114.8552108194113
552 1412 12 136.0 134.7718120805369 102.68456375838926
1704 1409 17 133.41009463722398 166.77917981072554 131.85488958990535
861 1409 50 131.65260545905707 133.13257710031903 97.78270116979795
1987 1406 20 129.67120181405895 130.61451247165533 96.75056689342404
1047 1404 50 220.86600496277916 163.66004962779155 133.8383551931939
1581 1404 24 132.6721044045677 133.58564437194127 99.17292006525285
960 1403 32 153.82993799822853 150.5420726306466 110.30380868024801
1380 1397 26 134.65746549560853 135.44165621079046 99.5332496863237
307 1396 32 176.35783879539417 166.0814880425155 114.08680248007086
650 1393 20 187.0204081632653 124.07709750566893 114.66893424036282
788 1390 20 154.3968253968254 150.77551020408163 110.56689342403628
486 1388 19 134.3395225464191 134.2944297082228 99.6657824933687
381 1388 26 132.6060225846926 133.4617314930991 99.3789209535759
1294 1385 49 133.34081399771776 134.972993533663 98.69874476987448
1828 1383 45 176.77064220183487 167.15465268676277 114.16863259065094
1211 1383 24 155.1451876019576 152.15497553017946 110.38336052202284
1926 1381 36 152.04218852999338 148.704021094265 108.94858272907052
530 1378 17 152.11041009463722 148.5173501577287 109.25552050473186
1749 1372 31 132.77236492471215 133.91674047829937 98.38972542072631
719 1368 44 152.7963224893918 149.51060820367752 109.11126826968412
1440 1367 22 186.00756143667297 135.33459357277883 104.15689981096409
2058 1367 49 131.49904906808672 131.91745910992773 97.29516926588056
1982 1364 14 173.73096446700507 163.6497461928934 114.78172588832487
587 1363 38 133.1578947368421 134.1179673321234 98.40048396854205
1171 1363 15 153.82213438735178 150.38339920948616 111.45059288537549
1518 1359 44 226.75813295615276 174.84818481848185 130.0966525223951
990 1359 21 133.41398865784498 134.8015122873346 99.43856332703214
936 1357 18 131.54907161803712 132.77984084880637 98.21220159151193
1671 1356 39 132.3393829401089 166.7253478523896 131.39201451905626
651 1353 11 132.14093959731542 132.98657718120805 100.87248322147651
440 1350 28 175.70810210876803 166.2286348501665 113.85571587125416
1230 1349 15 136.2173913043478 136.9881422924901 101.63241106719367
1122 1345 25 189.31452750352608 125.79266572637518 115.29196050775741
789 1343 21 177.5406427221172 168.42533081285444 115.47826086956522
1595 1342 29 152.61154273029967 149.28856825749168 109.56714761376249
1081 1337 12 218.30872483221475 161.73825503355704 132.9798657718121
291 1333 30 153.92368681863232 150.10505450941525 110.13676907829534
840 1331 22 132.08317580340264 133.48960302457468 98.09829867674858
1385 1324 36 177.98813447593935 168.67699406723796 114.81542518127883
1043 1322 22 187.6540642722117 125.2022684310019 114.9281663516068
1454 1320 18 153.57029177718832 149.89655172413794 110.19628647214853
1729 1319 16 133.4353312302839 167.12618296529968 131.596214511041
1175 1309 32 177.08060230292296 168.43312666076173 114.4251550044287
901 1309 32 153.16829052258637 150.41098317094776 109.60761736049602
1326 1309 20 152.80952380952382 149.9546485260771 109.89342403628117
1894 1306 36 130.41595253790373 132.06855636123927 97.36717205009887
1690 1306 11 133.46979865771812 165.93288590604027 132.0268456375839
583 1306 16 133.09779179810724 133.88643533123027 99.33438485804416
371 1305 49 131.97945987067325 132.93077215671357 97.73754279193611
448 1304 13 153.37055837563452 149.46192893401013 110.46700507614213
701 1304 16 153.34384858044163 150.30914826498423 110.33753943217665
510 1304 45 176.2437745740498 167.10790738313673 114.13411970292704
1978 1303 37 151.63744232036913 148.4390243902439 108.78444297956493
636 1300 30 175.65510406342912 167.02279484638257 114.1982160555005
2105 1298 20 151.16553287981858 147.78684807256235 109.76870748299321
1259 1299 32 155.14703277236492 152.47741364038973 110.58281665190434
982 1297 32 176.66164747564216 167.71036315323295 114.70150575730736
1797 1292 48 151.95663750475467 148.9045264359072 108.76150627615063
2044 1287 21 130.75614366729678 131.63327032136107 97.79962192816636
1487 1286 24 184.1468189233279 133.83197389885808 102.85807504078304
758 1285 38 130.78100423472475 132.79854809437387 98.02540834845736
1636 1283 37 116.13711272247856 139.39090309822015 120.14963744232035
832 1282 21 154.27410207939508 151.4366729678639 110.75425330812855
1553 1278 38 183.87840290381126 133.87961282516636 103.35390199637024
1433 1275 25 153.00423131170663 149.8913963328632 109.49083215796897
1712 1273 29 115.48057713651498 138.9134295227525 119.64705882352942
1101 1272 42 187.81591024987253 124.94186639469659 114.7098419173891
1306 1268 17 178.57097791798105 169.57097791798105 115.47949526813879
1035 1267 16 188.28706624605678 126.11356466876971 116.10410094637224
1212 1264 16 133.17350157728706 134.96845425867508 100.52681388012618
872 1262 14 175.95939086294416 166.81218274111674 114.92893401015228
684 1262 16 151.70031545741324 148.7539432176656 109.96214511041009
449 1261 23 130.38499184339315 132.00815660685154 97.23001631321371
1369 1259 26 131.52446675031368 133.36888331242156 98.48180677540778
1857 1258 18 132.07427055702917 132.71352785145888 98.92307692307692
288 1257 32 176.6917626217892 166.85739592559787 114.26926483613818
1162 1256 16 178.37539432176655 169.50473186119874 116.18611987381703
506 1256 10 148.84070796460176 145.04424778761063 105.80530973451327
2015 1247 21 130.3780718336484 131.05103969754254 97.27410207939509
1270 1247 15 132.65612648221344 134.78656126482213 99.78260869565217
1749 1247 13 134.78172588832487 134.65989847715736 101.1725888324873
935 1244 38 130.22988505747128 132.82395644283122 97.16817906836056
1497 1241 21 133.3648393194707 134.2930056710775 98.86389413988658
413 1239 13 152.49238578680203 148.4263959390863 111.27411167512689
2086 1237 34 175.39220365950678 165.3659506762132 114.17183770883055
590 1231 50 152.3335696561503 149.9025168380007 109.2449485997873
504 1228 27 130.28607277289836 131.8469259723965 96.60978670012547
1595 1223 22 218.41209829867677 161.3251417769376 132.6540642722117
775 1223 14 175.2690355329949 166.78172588832487 114.70558375634516
370 1224 25 153.66431593794076 150.0197461212976 109.59802538787024
1786 1220 19 174.83023872679044 165.06100795755967 114.6445623342175
666 1221 16 152.35015772870662 149.41009463722398 109.93375394321767
1011 1218 30 218.33399405351832 162.58275520317144 133.22101090188306
720 1217 30 129.28642220019822 131.64915758176411 95.91476709613478
1547 1215 19 216.15649867374003 155.44827586206895 116.42440318302387
1938 1212 49 175.70140737923165 165.9581589958159 114.5439330543933
1151 1209 30 130.69871159563925 133.24876114965312 97.41724479682854
842 1203 49 176.91555724610117 168.57512362114872 114.39026245720807
1315 1201 41 178.79704232534422 170.1580826109128 115.19377868434474
1667 1200 41 132.11728709841918 166.19989801121878 131.1718510963794
1227 1199 40 152.7702175125488 150.930842163971 109.19799219185722
1707 1198 13 120.84263959390861 140.46192893401013 108.64974619289339
1737 1196 30 131.8493557978196 133.29038652130822 98.11496531219028
771 1196 13 130.63451776649745 132.30456852791878 99.03045685279187
1849 1195 35 131.77348871085215 132.56445739257103 97.57174071376548
1425 1195 50 177.8812477844736 168.73839064161646 114.37575327897909
442 1191 32 175.94596988485387 167.0398582816652 114.19929140832596
959 1190 13 178.5685279187817 170.21319796954313 116.12690355329948
531 1187 13 174.9695431472081 166.32994923857868 114.67005076142131
2032 1186 32 130.05225863596104 130.96988485385296 96.9406554472985
382 1181 15 176.71936758893278 167.2569169960474 114.75494071146244
1511 1181 19 152.07692307692307 149.19893899204243 109.83554376657824
1789 1178 16 132.45425867507885 133.19873817034699 99.32807570977917
1076 1176 39 219.09558378705387 163.50937689050212 133.71385359951603
2303 1175 3 145.0769230769231 139.0 138.30769230769232
924 1176 23 154.46492659053834 152.17128874388254 110.47960848287113
2312 1173 2 151.8 148.8 153.4
129 1171 2 137.6 130.8 132.8
504 1169 20 152.3356009070295 149.85487528344672 109.61678004535148
305 1170 49 129.82236591860024 131.19589197413467 96.19322936477748
2103 1167 29 151.3163152053274 147.77247502774696 109.23529411764706
1363 1158 14 117.07106598984771 139.53299492385787 120.54314720812182
656 1157 36 175.56361239288069 167.6427158866183 114.09426499670401
1164 1154 17 176.31545741324922 168.73817034700315 114.94321766561514
1590 1150 46 187.77945373012636 123.87688544639217 114.20179372197309
1280 1150 19 116.9655172413793 141.3607427055703 120.86472148541114
1126 1147 12 156.09395973154363 153.6711409395973 112.85234899328859
1700 1144 21 177.2476370510397 167.24196597353497 115.1304347826087
1756 1139 20 155.42857142857144 151.6689342403628 111.04308390022676
806 1136 16 185.25867507886434 124.80757097791798 114.72239747634069
743 1134 39 217.95402298850576 163.1578947368421 134.00604960677558
1660 1132 22 153.4593572778828 149.71266540642722 110.11153119092629
1325 1131 24 132.64926590538337 168.71451876019577 132.6068515497553
996 1129 48 187.47014073792317 125.9083301635603 115.20007607455307
568 1129 47 128.96290256828374 132.03709743171626 96.5067264573991
1915 1124 36 152.27027027027026 149.00659195781145 109.27883981542517
1986 1122 30 174.98711595639247 165.5153617443013 114.45292368681864
406 1121 44 130.8081093823668 132.51626591230553 97.1914191419142
492 1119 27 153.4918444165621 151.0 110.3387703889586
1431 1117 14 119.0964467005076 141.85279187817258 122.69543147208121
1159 1118 12 155.91946308724832 153.81208053691276 112.29530201342281
1493 1114 42 117.31922488526263 140.65017848036717 121.46761856195819
1381 1113 26 152.71016311166875 150.8582183186951 110.27227101631117
1821 1111 43 130.5101367279585 131.992927864215 97.22300801508722
1218 1110 41 154.3508414074452 153.182559918409 110.78174400815911
891 1110 39 218.89352692075016 163.3793103448276 133.58439201451907
1279 1108 12 133.6510067114094 168.01342281879195 132.8791946308725
1740 1104 12 155.16107382550337 151.48322147651007 112.56375838926174
343 1105 17 155.28391167192427 151.89905362776025 110.85804416403785
275 1098 13 179.30456852791878 169.64467005076142 116.73604060913705
818 1097 21 186.4858223062382 125.77504725897921 115.36294896030246
2069 1094 46 152.1051773338769 148.90623726049736 109.44965348552792
1696 1093 18 178.2970822281167 168.9310344827586 116.40053050397877
693 1092 21 129.13610586011342 132.0586011342155 96.44045368620039
946 1086 11 187.56375838926175 127.67114093959731 117.38255033557047
1951 1083 11 136.06040268456377 134.75838926174495 103.2214765100671
1094 1079 50 130.31123714994683 134.23714994682737 97.15632754342431
1258 1077 12 146.28187919463087 148.01342281879195 109.53691275167785
1561 1075 22 133.27410207939508 167.7618147448015 132.21361058601136
1318 1072 37 118.41067897165458 143.20566908371785 122.72445616348054
356 1073 12 177.59060402684563 168.1744966442953 115.59060402684564
641 1070 32 153.1151461470328 151.55358724534986 109.41984056687335
527 1070 9 181.19753086419752 172.69135802469134 120.32098765432099
1425 1068 23 134.43556280587276 170.29690048939642 133.56280587275694
1636 1064 42 226.7011728709842 176.35339112697605 131.90209077001532
1380 1063 19 118.53846153846153 142.6339522546419 122.6763925729443
1016 1063 14 176.6497461928934 169.4263959390863 114.80710659898476
847 1058 16 133.79179810725552 165.94321766561512 130.1514195583596
1690 1057 7 186.6530612244898 175.61224489795916 125.79591836734693
761 1058 40 182.80981595092027 134.54266592303404 103.8254322364752
1172 1057 20 180.68027210884355 173.28798185941042 116.44444444444444
1518 1047 20 154.50566893424036 151.3106575963719 110.83219954648527
1470 1046 20 133.45351473922904 168.48979591836735 132.1904761904762
904 1046 20 117.82993197278911 141.92517006802723 121.77097505668935
1747 1045 35 178.40786598689004 168.9373634377276 115.67734887108521
838 1044 17 162.0851735015773 149.68454258675078 114.2776025236593
1988 1042 36 130.74423203691495 132.2201713909031 97.94990112063282
303 1041 41 178.1718510963794 168.77052524222336 114.61805201427843
1812 1039 14 176.6751269035533 167.20812182741116 115.20304568527918
396 1037 30 155.06838453914767 152.16947472745292 110.69375619425173
567 1036 32 129.37821080602302 132.20194862710363 96.19131975199292
473 1035 45 178.14154652686764 169.53647881170818 114.73176059414591
964 1034 35 133.8667152221413 171.50691915513474 133.38601602330664
1894 1033 47 152.40073379535264 149.35466775377088 109.03668976763147
691 1033 21 175.8733459357278 168.5141776937618 114.19470699432893
1567 1029 25 134.29478138222848 135.62059238363892 100.049365303244
1037 1028 18 117.46419098143235 142.20689655172413 121.84880636604774
848 1027 15 165.71146245059288 157.24110671936756 109.72332015810277
1239 1027 40 132.585052983826 135.9643056330173 99.08867819297268
1378 1026 14 118.9746192893401 142.73096446700507 122.67512690355329
1419 1016 25 132.70239774330042 135.361071932299 99.3441466854725
641 1012 17 177.4416403785489 169.596214511041 115.21135646687696
1695 1008 22 183.54253308128546 134.62948960302458 104.5406427221172
1155 1006 27 155.31242158092846 154.1806775407779 110.89836888331241
1477 1002 27 179.95734002509408 171.47176913425344 116.6599749058971
1650 1000 19 183.78779840848804 134.3076923076923 104.35543766578249
2057 998 41 176.53391126976032 167.4487506374299 114.80520142784295
1603 992 18 179.44562334217505 170.19893899204243 116.87002652519894
1192 991 12 149.09395973154363 146.36241610738256 105.42281879194631
761 989 18 225.54641909814322 177.14854111405833 131.973474801061
888 988 32 130.29495128432242 133.94951284322408 97.74579273693534
555 987 15 132.24505928853753 134.29249011857706 99.85770750988142
1326 986 38 135.356926799758 172.81427707199035 134.6116152450091
355 985 26 179.4065244667503 170.22208281053952 115.88080301129234
816 984 31 225.2887511071745 176.43135518157663 131.44464127546502
1083 981 35 134.13401310997816 172.02112163146396 133.85579024034962
1014 981 27 118.55332496863237 143.61229611041404 122.85570890840651
1747 981 18 156.46153846153845 152.73740053050398 111.85411140583554
607 980 23 153.77487765089722 152.0505709624796 110.9004893964111
947 979 21 178.3875236294896 171.82041587901702 115.83364839319471
1814 977 40 131.86837702175126 133.8025655326269 98.4595649749024
305 972 27 132.05144291091594 133.9836888331242 99.21580928481806
422 969 34 133.14160700079555 135.69291964996023 99.65314240254575
1881 967 14 176.92893401015226 167.83248730964465 115.82741116751268
1387 966 18 135.58090185676392 171.88594164456234 134.22281167108753
1264 965 19 132.46419098143235 135.88328912466844 99.72944297082228
690 955 47 130.7162657969833 134.17121891561354 97.78230737871993
855 954 13 155.6497461928934 153.46700507614213 112.58883248730963
1958 952 49 131.52263217953595 133.402434385698 98.16127805249144
1190 952 24 178.32952691680262 172.18270799347474 115.33931484502448
573 952 14 153.58375634517765 151.46700507614213 112.06091370558374
1139 950 18 134.89124668435014 172.55968169761272 134.0106100795756
1622 950 18 155.07957559681697 151.73740053050398 111.77718832891246
770 948 17 182.66561514195584 134.96529968454257 104.82018927444794
1544 945 50 156.13753987947536 153.38284296348812 111.43353420772776
1693 944 42 214.10402855685876 154.10810810810813 115.61142274349822
1441 943 36 181.00065919578114 172.63348714568227 116.27290705339485
505 936 44 155.69024045261668 153.54549740688356 111.45214521452145
1763 936 18 156.87533156498674 153.3633952254642 112.01591511936338
1293 933 16 181.9968454258675 174.85804416403784 117.48264984227129
2046 930 24 133.815660685155 135.21859706362153 100.56769983686787
1880 929 18 177.48010610079575 169.0 115.75331564986737
1045 928 22 133.72400756143668 171.83931947069945 133.3553875236295
898 927 21 179.5803402646503 172.56899810964083 115.85633270321361
1244 926 18 153.9177718832891 153.13262599469496 111.12997347480106
807 918 22 220.22306238185257 166.46502835538752 136.16446124763706
855 914 20 187.51473922902494 126.87755102040816 115.82766439909297
756 913 17 153.57413249211356 152.5141955835962 111.38801261829653
435 910 23 133.5562805872757 136.09298531810768 100.52202283849918
1183 906 20 122.2312925170068 148.15419501133786 126.24489795918367
1359 906 44 188.95238095238096 127.0942951438001 116.10891089108911
358 904 50 154.87912087912088 152.6731655441333 111.27756114852889
975 903 50 132.0102800425381 135.83870967741936 98.50017724211273
604 901 37 178.79169413315753 171.31443638760712 115.5458141067897
1910 900 13 155.53807106598984 152.43147208121826 113.45177664974618
1110 897 43 121.62329090051863 147.86657237152286 126.01933050447902
1740 896 17 179.2776025236593 169.794952681388 116.45110410094637
1618 892 35 134.19664967225054 136.03787327021124 100.75018208302987
1283 888 27 155.04767879548305 154.24215809284817 111.168130489335
1828 887 40 131.7216954824317 133.86837702175126 99.06469604015616
1219 883 21 136.24196597353497 140.1077504725898 101.93761814744802
1425 880 18 221.23076923076923 166.54111405835542 136.50397877984085
1956 879 14 178.0710659898477 168.81218274111674 116.07106598984771
488 876 11 184.81208053691276 177.0738255033557 121.93288590604027
1549 876 17 181.58044164037855 172.69400630914825 117.06309148264984
671 875 24 179.0505709624796 171.82707993474716 115.64437194127244
1486 874 35 133.3335761107065 136.01383831026948 99.72323379461035
899 869 21 132.93383742911155 136.52173913043478 100.47637051039698
1695 865 29 227.19422863485016 177.94894561598224 133.33185349611543
1043 865 20 132.68934240362813 136.7981859410431 100.4671201814059
537 864 30 133.03270564915758 135.94053518334985 99.93855302279485
2015 858 39 178.87235329703572 169.8796128251664 115.84573502722324
829 851 40 189.12771890686003 126.85833798103738 115.5047406581149
739 851 36 133.9663810151615 171.39222148978246 133.57218193803558
583 851 10 181.76106194690266 173.7787610619469 118.90265486725663
1322 849 17 133.69716088328076 136.89274447949526 101.1577287066246
1911 844 34 178.28798727128083 169.45664280031824 115.17024661893397
1170 843 28 134.8457269700333 173.50277469478357 134.2896781354051
1761 843 30 183.67195242814668 135.05351833498514 104.99306243805748
1595 840 10 159.38053097345133 155.1858407079646 115.13274336283186
1439 841 11 221.26174496644296 167.75838926174495 138.14093959731542
691 840 12 154.85906040268455 153.36241610738256 112.51006711409396
941 831 18 183.76127320954907 136.22546419098143 105.44031830238727
446 829 46 180.0615572768039 172.46025275173258 115.8467183041174
1078 825 22 187.593572778828 127.54442344045368 116.42533081285444
366 822 23 132.95106035889071 135.58401305057097 100.54486133768353
1856 822 20 155.4263038548753 152.3922902494331 110.92290249433107
1553 821 26 220.17440401505644 164.96235884567125 135.32873274780425
1515 820 10 189.86725663716814 128.8495575221239 118.53982300884955
507 820 10 183.2566371681416 175.69026548672565 121.23008849557522
1385 819 39 219.2516636418633 164.63157894736844 134.72474289171205
1807 818 17 182.64037854889588 134.29022082018926 104.8832807570978
633 817 40 132.65532626882322 136.11935303959845 99.61851645287229
1123 810 20 218.9591836734694 166.0 135.8185941043084
1328 809 13 157.06091370558374 155.71065989847713 113.24365482233502
1250 806 50 180.14143920595532 174.0921658986175 115.93512938674229
1711 803 23 220.18760195758566 164.43719412724306 134.9347471451876
1688 803 11 190.15436241610738 137.1476510067114 117.28187919463087
1642 803 44 189.7123998114097 126.77369165487977 116.11221122112211
1007 800 44 226.15605846298917 178.6011315417256 132.56859971711458
1178 793 20 187.67346938775512 127.88888888888889 116.34693877551021
900 794 35 213.71376547705756 155.67443554260743 116.50182083029863
710 794 31 131.9627989371125 135.64924712134632 99.23383525243578
1889 793 18 134.3925729442971 136.23076923076923 101.81962864721486
1829 784 17 178.84858044164037 169.73501577287067 116.98107255520505
838 782 13 219.52791878172587 166.77664974619287 136.97969543147207
786 783 33 122.2291169451074 148.08194112967382 126.50835322195705
385 783 13 179.36548223350252 171.7208121827411 118.09137055837563
549 775 43 132.62187647336162 136.0961810466761 99.95285242809996
1473 773 47 188.78964533224624 126.35833673053403 115.65470852017937
1077 771 26 187.07904642409034 126.79924717691341 115.52823086574654
1971 769 50 154.03792981212337 152.01878766394896 110.98723856788374
947 766 16 184.11041009463722 137.19873817034699 106.4384858044164
1774 764 38 188.27949183303087 125.75922565033274 115.69207501512403
1332 763 25 180.8885754583921 174.2595204513399 116.85331452750353
481 761 13 180.3451776649746 173.20812182741116 117.76649746192892
1133 760 23 218.71125611745515 165.67862969004895 135.66231647634584
667 759 15 154.99604743083003 153.67588932806322 112.09090909090908
1562 756 31 220.62976085031002 164.98405668733392 135.37112488928256
1021 753 7 220.32653061224488 171.95918367346937 140.40816326530611
1022 749 7 182.99999999999997 144.20408163265304 117.83673469387755
821 748 13 188.4467005076142 129.23857868020303 118.07614213197968
1835 746 17 186.397476340694 125.38170347003154 115.27444794952682
1402 744 22 189.66918714555766 128.33081285444234 116.96597353497165
1188 743 27 184.64742785445418 137.16311166875784 105.69510664993726
920 741 12 217.78523489932886 164.79194630872482 135.08053691275168
988 738 18 122.75066312997347 148.66843501326258 126.80106100795756
1881 736 31 133.50575730735164 135.77502214348982 100.51195748449956
1694 737 31 218.91142604074403 163.45792736935343 134.24180690876884
1243 737 17 211.51104100946372 154.71293375394322 116.01892744479495
1641 735 20 188.58049886621316 126.54875283446712 116.19954648526077
1258 734 12 168.7248322147651 134.5771812080537 101.90604026845638
1284 733 25 131.0267983074753 135.53737658674189 98.6558533145275
427 730 44 131.93257897218294 135.24139556812824 99.37199434229137
619 724 30 179.50247770069376 172.22200198216055 116.02477700693755
1109 723 22 122.27788279773158 148.67296786389414 126.61814744801512
866 724 34 186.94510739856804 126.1686555290374 115.32299124900557
792 713 23 179.1109298531811 172.31647634584013 115.91517128874389
1038 709 36 135.18655240606458 174.50362557679628 134.71720500988792
564 708 16 181.09463722397476 173.87066246056781 117.40694006309148
711 704 50 154.85466146756468 153.74406238922367 110.68415455512229
510 702 31 154.0327723649247 153.3153232949513 110.63861824623561
1828 700 23 153.99347471451875 151.79608482871126 110.57911908646004
1939 698 21 132.97353497164463 135.04725897920605 100.74480151228734
944 698 35 122.51347414420977 148.83466860888566 126.93226511289149
1216 696 15 157.3675889328063 156.43478260869563 112.42687747035572
1521 694 30 155.26560951437065 153.33994053518336 111.23092170465807
1247 694 15 182.67588932806322 176.2094861660079 117.92490118577075
1350 691 39 133.45009074410166 137.38959467634604 100.36781609195403
1664 687 22 181.93005671077506 173.1890359168242 117.2570888468809
1595 684 38 134.2268602540835 136.69993950393226 100.40471869328495
996 681 14 122.248730964467 148.7969543147208 126.00507614213197
1438 675 41 180.5313615502295 173.62264150943398 116.464048954615
1083 674 15 155.94466403162053 155.54545454545453 112.00790513833991
1282 671 18 181.42175066312996 175.0212201591512 117.10875331564986
641 672 19 179.77718832891244 172.40318302387266 116.16976127320955
589 669 22 134.05103969754254 137.60491493383742 101.41776937618148
1750 665 50 153.77844735909252 151.95887982984758 110.59659695143566
817 666 18 134.03713527851457 137.06100795755967 101.18567639257294
773 664 16 181.47318611987382 174.76971608832807 117.28391167192429
1151 663 47 133.3750509580106 137.78719934773747 99.75295556461475
460 662 23 133.29853181076672 136.58564437194127 101.01957585644372
1819 657 19 133.78779840848804 136.3342175066313 100.44031830238727
1836 656 11 132.4496644295302 131.96644295302013 95.4496644295302
1879 654 41 179.11473737888832 171.209586945436 116.34727180010199
1027 651 22 133.17769376181474 138.06427221172024 100.95274102079395
1236 649 23 182.46329526916804 176.2479608482871 116.72267536704732
873 650 36 133.1054713249835 137.02966381015162 100.23203691496374
1498 637 21 134.09262759924385 137.12287334593574 100.87523629489603
1075 635 19 181.57824933687002 175.69496021220158 117.03183023872678
695 631 18 134.3660477453581 137.42705570291776 100.92838196286472
1547 629 19 182.3819628647215 174.9071618037135 118.32891246684349
1656 617 40 178.55883993307307 171.09871723368656 115.79029559397658
819 618 16 182.42271293375393 175.7665615141956 118.4416403785489
1389 612 31 133.24800708591675 137.17980513728963 100.5792736935341
521 610 49 181.05363255990872 174.0912894636744 116.75922403955877
1594 609 21 155.78827977315692 154.17202268431004 111.89792060491494
955 608 48 181.4062381133511 175.62457208063904 116.4366679345759
1616 603 19 158.42970822281166 154.79045092838194 112.13793103448275
753 604 41 180.51606323304438 173.8572157062723 116.29525752167262
1033 602 21 132.4725897920605 136.94328922495274 100.04725897920605
631 599 45 131.91000436871997 135.69331585845347 98.77894276976846
1209 596 30 132.9266600594648 137.2021803766105 100.28741328047572
1301 592 48 154.94218333967288 154.91441612780525 111.06618486116395
1806 592 39 132.4107683000605 135.5759225650333 99.27949183303086
1881 588 23 154.45513866231647 153.0456769983687 111.72756933115825
1155 588 13 181.6497461928934 175.71573604060913 118.01522842639594
1615 586 11 152.82550335570468 148.3020134228188 105.18120805369128
696 585 12 179.40268456375838 172.1744966442953 116.67785234899328
1729 579 28 180.15871254162042 172.2896781354051 116.74916759156493
1543 574 26 181.14429109159346 174.1555834378921 116.97992471769133
1464 573 44 133.14144271570015 136.79773691654879 100.00990099009901
1098 572 41 155.8332483426823 155.63131055583887 111.2320244773075
1663 563 9 180.82716049382714 173.49382716049382 120.62962962962962
797 560 11 137.28859060402684 139.86577181208054 104.83221476510067
1365 559 10 184.0 177.68141592920352 121.51327433628319
863 557 47 132.73420301671422 136.79046066041582 99.45373012637586
715 552 18 154.48010610079575 153.10875331564986 110.946949602122
1242 549 15 156.29644268774703 156.08695652173913 112.89723320158102
947 541 14 155.80710659898475 155.46192893401013 111.92385786802029
1403 541 16 153.92429022082018 153.30914826498423 112.1955835962145
576 538 26 131.5746549560853 135.58845671267252 99.92095357590965
1694 533 24 154.33605220228387 152.9200652528548 111.62479608482872
1015 531 39 131.53962492437992 136.46400483968543 99.17483363581368
1614 525 44 131.94389438943895 135.6105610561056 99.11881188118812
1175 522 39 180.7392619479734 175.0181488203267 116.66787658802178
1534 514 30 155.21902874132803 154.1962338949455 111.78295341922696
1769 513 39 131.49425287356323 134.77918935269207 98.88324258923171
1111 511 18 179.15649867374003 173.48541114058355 115.79045092838196
1443 502 25 133.57404795486602 137.4132581100141 101.04231311706629
1261 501 30 132.17740336967293 136.6769078295342 99.81764122893954
1341 500 41 182.3217746047935 176.27638959714432 117.02345741968384
659 497 48 154.7261316089768 153.6040319513123 110.94332445796881
1075 496 15 155.5810276679842 155.31225296442688 112.2292490118577
762 493 48 181.83567896538608 175.00114111829595 116.76987447698745
929 485 36 181.91562294001318 175.99670402109425 116.86947923533289
1692 476 28 179.04772475027747 171.75693673695895 116.71254162042176
857 475 28 155.00998890122088 154.42175360710323 111.07658157602664
981 471 14 134.1725888324873 138.20304568527916 101.88832487309644
1571 465 21 133.6219281663516 136.65973534971644 100.37618147448015
1300 462 13 156.36548223350252 155.7258883248731 113.07614213197968
1202 460 17 156.79179810725552 156.09463722397476 112.49211356466877
1736 459 14 181.7005076142132 174.23857868020303 118.72588832487308
1031 457 30 132.33201189296332 136.75520317145688 99.96828543111992
1639 446 30 130.3171456888008 133.95341922695738 98.12586719524282
1409 442 38 154.4603750756201 154.0689655172414 111.0744101633394
1494 437 44 180.57142857142858 173.8948609146629 116.58745874587459
1120 437 49 132.73488018257893 136.89159376188664 99.27881323697224
711 433 25 131.08039492242594 134.56558533145275 98.58110014104372
1333 429 27 131.55081555834377 136.1254705144291 99.6198243412798
1187 426 8 187.23456790123456 181.59259259259258 125.1604938271605
1689 423 19 131.56763925729442 134.6339522546419 99.53315649867373
891 421 21 182.43856332703214 176.14177693761815 117.87145557655955
754 418 15 180.60079051383397 173.71146245059288 117.65217391304347
1255 414 44 153.46723243752947 153.35502121640735 110.86185761433286
965 400 45 154.2957623416339 154.23066841415465 111.12407164700743
822 400 43 130.993399339934 135.015087223008 98.88260254596888
1183 396 20 132.2154195011338 136.24716553287982 99.43990929705215
1049 392 22 180.30245746691872 173.9508506616257 117.179584120983
1585 392 42 154.14533401325855 153.17032126466088 111.42937276899542
1446 390 18 154.0106100795756 153.3076923076923 111.45888594164455
1306 379 12 180.90604026845637 174.04026845637583 119.53020134228187
1157 367 13 181.2690355329949 174.74111675126903 118.65482233502537
1514 364 25 131.93229901269393 135.51198871650212 100.07616361071932
892 355 28 181.18867924528303 174.677025527192 117.26970033296338
1373 348 51 131.33322225924692 135.24458513828725 98.72409196934356
1455 344 24 180.13866231647634 173.29037520391518 116.35725938009789
1106 343 39 131.3284936479129 135.44827586206898 98.7912885662432
1285 337 24 181.1451876019576 174.38662316476348 116.85318107667212
1021 332 36 180.88991430454843 174.6453526697429 117.05800922874093
955 327 22 152.15879017013233 152.50094517958414 110.56710775047259
1206 322 45 181.83486238532112 175.32721712538228 117.09960681520315
1285 312 10 139.0796460176991 138.36283185840708 97.84070796460176
1285 295 17 128.00946372239747 131.82965299684543 96.88643533123027
1066 293 17 131.8328075709779 135.66246056782333 100.28391167192429
1144 289 19 132.44562334217505 135.77453580901857 99.6870026525199
1186 109 2 132.8 131.8 130.6
1188 98 2 142.8 143.0 143.4
