1188 2073 27 228.00125470514428 168.80803011292346 119.58218318695106
1059 2071 12 229.01342281879195 155.09395973154363 112.53691275167785
1321 2066 17 228.9179810725552 170.09463722397476 120.9558359621451
1265 2047 42 189.95665476797552 119.34574196838348 90.57164711881694
1116 2048 42 229.93421723610405 152.59561448240694 107.43957164711883
1187 2044 10 208.93805309734512 152.16814159292036 112.10619469026548
1440 2041 21 228.73913043478262 151.16824196597355 107.86200378071834
970 2041 28 228.48612652608213 151.50832408435073 107.56270810210877
1041 2030 31 189.18157661647476 119.93888396811337 91.46412754650133
916 2025 17 227.39432176656152 151.2776025236593 108.03785488958991
1186 2021 22 229.48393194706995 151.7788279773157 107.8374291115312
1506 2018 26 228.5759096612296 169.21580928481805 120.05897114178167
1369 2008 50 191.2414037575328 120.23183268344559 91.26692662176534
873 1996 31 190.28697962798938 120.68644818423384 92.37201062887512
1569 1990 26 190.72521957340024 120.44165621079046 92.21455457967377
1223 1986 19 229.631299734748 153.0 108.57294429708222
810 1980 19 227.22281167108753 168.3846153846154 119.46949602122015
1145 1978 23 192.19086460032628 121.89559543230017 92.86296900489397
1605 1976 12 226.8724832214765 168.38255033557047 121.76510067114094
1457 1972 38 190.01693889897157 119.30066545674532 91.33998790078645
1022 1973 20 189.48072562358277 120.17687074829932 92.03628117913833
1076 1968 30 228.37462834489594 169.09613478691773 119.32903865213082
948 1969 38 227.76467029643075 168.28675136116155 118.77858439201452
1279 1966 32 229.44375553587247 170.0947741364039 119.95039858281666
873 1962 10 181.56637168141592 122.93805309734513 98.19469026548673
1517 1950 24 229.8694942903752 151.7047308319739 107.93148450244699
767 1951 21 228.2476370510397 151.9508506616257 108.05482041587902
1185 1944 17 228.99053627760253 170.04731861198738 120.4384858044164
809 1940 17 227.82334384858044 151.0725552050473 107.94952681388013
1562 1936 16 229.94637223974763 153.18611987381703 109.8769716088328
1236 1930 24 193.2920065252855 122.18760195758566 92.87928221859707
1317 1922 18 229.48541114058355 170.25464190981432 120.50928381962864
875 1921 38 190.8094373865699 120.63399879007865 91.87356321839081
1385 1914 38 231.46098003629766 153.134906231095 107.75741076830008
1638 1912 49 228.41270445036136 169.0224419931533 119.88436667934576
1472 1909 16 228.19873817034699 168.794952681388 120.11041009463722
1131 1909 42 193.58745537990822 122.4278429372769 92.511983681795
775 1907 10 226.20353982300884 169.8849557522124 123.71681415929203
954 1907 20 192.2902494331066 122.20408163265306 93.11111111111111
720 1905 40 189.99386503067487 120.16397099832683 91.4696040156163
1198 1901 15 193.14229249011856 123.69169960474308 94.97628458498023
1029 1894 46 227.83856502242153 168.51773338768854 118.69710558499796
1735 1882 42 229.092809790923 151.6802651708312 107.70474247832739
1524 1880 37 228.63546473302569 168.69083717864206 119.37903757415951
807 1880 26 228.18193224592218 169.14178168130488 119.63613550815558
1289 1877 31 190.9893711248893 120.61293179805138 92.03277236492471
1230 1873 13 229.82741116751268 172.5177664974619 123.55329949238578
1452 1867 30 190.21902874132803 119.400396432111 91.54608523290386
647 1867 21 226.00567107750473 167.14933837429112 118.95085066162571
1346 1862 21 194.99810964083176 123.5085066162571 93.56710775047259
919 1857 32 229.0310008857396 151.15500442869796 107.12400354295838
972 1853 15 228.56916996047428 151.6679841897233 109.12252964426877
859 1853 21 190.48960302457468 120.93950850661626 92.75047258979207
1605 1851 20 192.45578231292518 121.82312925170068 93.47845804988663
1402 1851 18 192.54111405835542 121.6710875331565 92.9920424403183
1146 1850 14 194.19289340101523 124.54314720812182 95.11167512690355
1797 1847 20 226.7687074829932 168.0702947845805 119.48979591836735
1192 1843 24 230.53833605220228 153.33115823817292 108.41761827079935
773 1843 26 189.61104140526976 119.72898368883311 91.6060225846926
610 1841 17 226.86435331230282 168.29337539432177 120.18927444794953
1702 1839 12 194.5503355704698 127.9261744966443 100.99328859060402
1087 1837 29 231.2364039955605 153.8534961154273 108.4772475027747
1649 1828 25 225.6586741889986 166.59802538787022 118.83638928067701
1322 1825 18 194.41114058355436 124.45623342175065 95.77984084880636
1033 1822 15 228.699604743083 169.45454545454544 120.35177865612647
697 1822 37 227.6677653263019 150.67040210942648 106.88727752142385
1491 1821 20 229.21768707482994 169.80498866213154 120.33333333333334
1561 1811 34 191.56085918854416 121.11614956245029 92.24980111376293
1363 1810 22 229.1663516068053 169.6843100189036 120.58979206049149
1691 1801 15 228.77075098814228 153.17391304347825 110.53754940711461
1838 1800 38 225.55595886267395 166.59346642468242 118.15003024803389
1757 1800 33 189.4415274463007 119.37788385043756 91.08035003977726
1429 1796 35 231.42825928623455 153.04442825928624 107.95702840495267
979 1794 38 192.27465214761042 121.43859649122808 92.34361766485179
907 1793 19 228.2758620689655 169.15384615384613 119.88063660477452
1145 1787 36 229.35992089650625 169.9063941990771 119.76334871456822
828 1786 43 229.85667138142387 151.8019801980198 107.23196605374824
1251 1786 49 230.93267402054013 152.94712818562192 108.0338531761126
751 1785 19 228.68965517241378 170.03978779840847 120.52254641909813
906 1772 8 192.7037037037037 141.17283950617283 108.88888888888889
612 1766 49 227.07417268923547 167.33891213389123 118.40395587675923
560 1766 10 213.35398230088495 159.98230088495575 123.01769911504425
534 1765 25 227.39915373765868 150.54442877291962 107.26093088857546
1621 1764 36 229.97165458141066 153.07646671061303 108.20171390903097
1065 1763 37 192.92353328938694 121.61700725115358 92.14106789716546
1504 1760 32 191.8857395925598 121.24269264836138 92.3658104517272
1793 1759 16 189.52996845425866 121.07255520504731 94.2776025236593
1556 1755 9 228.18518518518516 171.4320987654321 124.39506172839505
907 1755 16 191.6782334384858 122.92113564668769 94.25867507886436
706 1752 26 191.3889585947302 121.03387703889585 92.35257214554579
1747 1749 7 227.0612244897959 176.28571428571428 134.6530612244898
1346 1749 36 192.7013843111404 121.74357284113381 92.47725774555042
1695 1748 29 227.01997780244173 167.58712541620423 118.90233074361821
1557 1747 9 199.9753086419753 149.9506172839506 108.61728395061728
1906 1746 37 188.05537244561634 118.74752801582069 91.11140408701384
1196 1736 22 139.43856332703214 139.60680529300566 101.46124763705104
1407 1736 19 192.0079575596817 121.59681697612731 92.81962864721486
997 1734 17 230.4826498422713 153.21451104100947 108.87381703470031
767 1728 34 191.27366746221162 120.824184566428 91.97692919649961
943 1725 27 230.00878293601002 170.55207026348808 120.27979924717691
1827 1724 26 229.21204516938516 153.04140526976158 108.64993726474277
1447 1724 18 230.47745358090185 153.54111405835542 109.23076923076923
1294 1723 15 179.8181818181818 172.88537549407113 120.4901185770751
501 1722 14 226.23857868020303 167.76142131979694 120.49238578680202
1130 1717 37 179.435069215557 172.8642056690837 119.86486486486486
1562 1710 33 228.10342084327766 168.5115354017502 119.5123309466985
1526 1709 13 187.6243654822335 126.89340101522842 95.81725888324873
1517 1708 14 173.10152284263958 115.44670050761421 87.97969543147208
1746 1702 32 226.52258635961027 167.5314437555359 118.85651018600532
556 1698 37 192.82465392221488 122.67435728411337 93.08174027686222
1375 1695 18 179.9655172413793 172.9867374005305 121.29708222811671
670 1695 33 228.4192521877486 150.8703261734288 107.19968178202069
1415 1692 12 229.53020134228188 171.94630872483222 122.6510067114094
866 1693 50 192.08365827720667 120.82665721375399 91.44239631336406
722 1690 10 226.79646017699116 170.01769911504425 124.02654867256636
1242 1689 37 139.6328279499011 140.2907053394858 101.44693473961766
615 1690 16 190.06309148264984 121.4416403785489 94.3154574132492
1043 1688 41 138.52626211116777 139.0275369709332 100.49770525242224
1321 1685 28 153.89123196448392 152.5416204217536 107.3873473917869
931 1679 11 228.57718120805367 172.48993288590603 126.0469798657718
974 1678 19 139.15384615384616 139.27851458885942 101.49867374005305
723 1678 6 207.99999999999997 167.0408163265306 133.77551020408163
1947 1677 37 225.99340804218852 149.82531311799605 107.08833223467369
482 1676 25 226.70944992947813 167.71932299012693 119.6361071932299
1179 1675 18 154.3527851458886 152.9363395225464 107.76127320954906
1808 1674 19 189.80106100795754 121.04774535809018 93.37400530503979
1527 1671 12 229.45637583892616 154.46308724832215 111.39597315436241
1666 1668 52 191.55081639453516 120.63378873708764 91.54448517160947
932 1668 7 182.7142857142857 151.79591836734693 117.24489795918366
787 1667 21 228.0170132325142 169.12287334593574 120.00189035916824
1870 1664 36 189.2972972972973 119.9413315754779 91.74291364535266
1466 1664 37 230.42649967040208 153.7013843111404 108.47330257086354
1402 1661 18 139.25994694960212 139.6206896551724 101.53846153846153
1283 1653 9 182.44444444444443 176.64197530864197 125.04938271604938
723 1653 19 227.342175066313 167.315649867374 118.84880636604774
1579 1641 31 191.19220549158547 121.27635075287866 93.01417183348096
1361 1641 17 120.29968454258675 161.61198738170347 138.88958990536278
524 1642 21 192.9640831758034 123.2835538752363 94.3062381852552
764 1637 15 228.4308300395257 151.60079051383397 108.76284584980236
568 1636 17 228.37223974763407 152.30914826498423 108.16719242902208
1747 1636 29 228.65149833518313 152.63596004439512 107.86348501664817
1518 1633 12 227.69127516778522 170.4496644295302 123.2214765100671
1121 1634 35 193.06190823015297 122.35833940276767 92.63146394756009
932 1632 32 153.5420726306466 152.27192205491585 106.48981399468556
1427 1631 12 140.91946308724832 178.39597315436242 130.64429530201343
1178 1632 15 212.11067193675888 143.0079051383399 121.70750988142292
999 1629 21 179.61814744801512 173.00567107750473 119.87901701323251
627 1623 32 228.53232949512844 169.35429583702393 119.85385296722764
695 1622 23 190.35073409461666 119.82381729200652 91.85318107667212
1808 1621 22 228.44045368620039 152.6351606805293 108.33459357277883
1311 1620 27 136.6863237139272 177.59598494353827 128.24090338770387
875 1619 14 226.4670050761421 169.43654822335023 121.65482233502537
1912 1617 16 226.54889589905363 169.7539432176656 121.75394321766561
461 1613 39 229.64367816091956 152.82335148215367 108.37870538415004
824 1608 39 191.35571687840292 114.7199032062916 105.52147610405325
740 1604 21 190.22873345935727 120.3289224952741 92.04725897920605
1236 1602 39 192.76890502117365 116.56684815486994 107.00362976406534
1473 1600 19 119.33952254641909 159.09814323607426 137.46419098143235
535 1600 14 227.0203045685279 153.38071065989845 111.47715736040608
890 1599 13 140.23857868020303 175.36040609137055 128.20304568527916
973 1597 11 141.86577181208054 141.26845637583892 106.23489932885906
1085 1593 9 214.2469135802469 147.23456790123456 126.58024691358024
1030 1590 16 192.2776025236593 124.58990536277602 95.97476340694006
1990 1589 50 188.2938674228997 119.4781992201347 91.62743707904998
1864 1586 32 225.9185119574845 167.89548272807795 119.45527015057573
1169 1585 24 193.87765089722677 118.03915171288745 108.31973898858075
1700 1583 33 189.7350835322196 119.85998408910103 91.85839299920445
1533 1584 30 191.0406342913776 122.18334985133795 93.75619425173439
670 1582 8 226.8395061728395 172.77777777777777 129.4320987654321
1473 1580 11 118.64429530201342 154.6711409395973 123.76510067114094
1763 1578 20 195.02267573696145 124.65986394557824 94.2562358276644
587 1578 30 192.17443012884044 122.56590683845391 93.6412289395441
1115 1576 16 213.62145110410094 144.61198738170347 123.08201892744479
1388 1574 48 118.42829973373907 159.51502472422976 137.41460631418792
1798 1572 14 226.82233502538068 151.50761421319797 109.15228426395939
1612 1572 38 228.670296430732 169.7846339987901 120.35692679975803
1002 1568 20 137.0249433106576 176.99773242630386 128.00226757369614
705 1569 17 227.2018927444795 168.42586750788644 119.85488958990535
404 1567 25 191.0296191819464 121.67418899858956 93.57122708039492
1913 1561 17 226.09148264984228 169.1514195583596 121.36593059936908
1063 1562 21 192.68241965973536 117.95652173913044 108.23251417769376
870 1561 20 117.59410430839003 156.68934240362813 135.25396825396825
934 1549 40 117.74177356385945 158.50752928053544 136.53206915783605
1474 1545 35 136.53678077203205 176.92279679533868 128.10706482155865
1294 1544 37 213.7745550428477 143.94726433750822 122.04548450889914
1912 1543 8 204.87654320987653 155.60493827160494 119.72839506172839
762 1544 35 229.6504005826657 152.25054624908958 107.74654042243263
511 1539 34 228.09626093874306 169.2680986475736 119.78918058870326
1215 1539 21 213.21739130434784 143.25330812854443 121.87145557655955
823 1539 14 228.248730964467 169.41624365482232 120.5736040609137
1875 1537 11 194.10738255033556 125.91275167785234 97.56375838926175
1560 1534 17 228.7665615141956 170.52365930599368 121.46056782334385
654 1534 42 191.2009178990311 120.73125956144825 92.17644059153494
1089 1531 13 214.4213197969543 145.73604060913704 124.28426395939086
1829 1529 26 189.86323713927226 120.7302383939774 92.5483061480552
1692 1523 11 228.46979865771812 154.8724832214765 113.87919463087248
1150 1523 38 195.32123411978222 119.09739866908652 108.78463399879008
2036 1522 29 226.16648168701443 168.93118756936738 120.8645948945616
446 1522 25 227.93653032440056 169.43582510578278 120.70662905500706
1426 1519 13 122.61421319796953 163.20304568527916 140.64467005076142
1648 1518 21 228.46691871455576 169.57844990548205 120.40642722117202
579 1516 22 228.98865784499054 153.0756143667297 108.40831758034027
1974 1513 19 226.72148541114058 152.25198938992042 108.9840848806366
1351 1511 17 196.52365930599368 121.66876971608832 111.45741324921136
1751 1510 39 228.08469449485784 170.01633393829403 120.51058681185724
877 1509 22 118.66918714555766 158.937618147448 136.94328922495274
1532 1508 19 119.48806366047745 158.89389920424404 137.3183023872679
931 1507 10 126.03539823008849 161.61946902654867 130.79646017699116
1248 1502 18 195.47480106100795 120.315649867374 110.39787798408487
1909 1500 40 227.21360847741218 151.68321249302846 107.74121583937536
714 1497 23 190.57748776508973 120.83849918433933 92.50407830342579
818 1495 19 228.51724137931032 170.3315649867374 121.19363395225463
384 1493 40 191.0563301728946 121.55883993307307 93.29336307863916
1098 1490 18 196.03713527851457 120.07427055702917 109.49071618037135
1022 1488 50 117.81956752924495 158.82311237149946 136.6267281105991
1851 1488 16 227.22712933753942 170.16719242902207 121.84858044164038
1695 1485 15 228.18577075098813 152.68774703557312 110.10276679841897
542 1485 20 192.6485260770975 122.95238095238095 93.9546485260771
497 1484 13 228.03553299492384 171.5482233502538 123.89340101522842
1272 1483 9 228.9506172839506 173.37037037037035 126.69135802469135
1201 1483 24 197.13213703099512 121.0326264274062 110.6215334420881
1459 1480 18 179.3713527851459 173.44031830238725 120.54111405835543
1398 1477 34 140.8098647573588 141.72155926809864 103.80031821797932
1596 1477 42 190.53340132585416 120.6960734319225 92.25599184089751
611 1476 13 226.35532994923855 168.74111675126903 121.32994923857868
1639 1473 11 194.83892617449663 138.6241610738255 103.79194630872483
1999 1471 22 226.3780718336484 151.55009451795843 107.5765595463138
1655 1472 17 214.6372239747634 158.87381703470032 113.91798107255521
454 1469 27 193.38143036386447 123.25721455457966 94.29861982434127
1806 1465 26 228.40903387703887 152.72020075282308 108.08908406524466
1320 1465 31 193.74313551815766 123.8193091231178 94.19663418954828
1138 1465 21 214.24385633270322 144.42911153119093 122.51228733459358
927 1465 38 135.45553539019966 176.28614640048397 127.34664246823958
1512 1465 25 139.13681241184767 139.89280677009873 101.78279266572638
2057 1459 31 225.98405668733392 150.18334809565988 107.62621789193977
769 1459 34 229.15751789976136 170.17422434367543 120.22593476531425
1086 1454 12 212.36241610738256 144.5234899328859 123.55704697986577
850 1453 28 191.94561598224195 122.19422863485016 93.21642619311876
582 1447 26 192.65370138017565 122.60727728983687 93.98243412797991
1767 1443 20 191.4625850340136 122.68480725623583 93.86848072562358
1249 1442 29 231.14872364039957 154.8490566037736 109.63817980022198
1880 1438 21 190.1304347826087 121.3062381852552 93.26275992438563
1547 1436 15 140.1304347826087 139.71541501976284 103.08300395256916
1644 1433 18 193.23076923076923 123.54907161803713 94.41909814323607
511 1431 33 229.75178997613367 152.96022275258554 108.4964200477327
663 1429 51 229.97000999666778 152.88937020993004 107.8707097634122
1355 1428 11 230.03355704697987 175.63758389261744 128.49664429530202
1949 1424 37 226.04152933421224 168.61964403427817 120.12195121951218
353 1423 23 227.46003262642742 169.61827079934747 121.24796084828712
1698 1422 36 229.81872116018457 153.37112722478574 108.4264996704021
1061 1421 12 228.94630872483222 171.96644295302013 123.67114093959731
1452 1419 36 179.80883322346736 173.7237969676994 120.45550428477257
1185 1415 37 195.19841793012523 124.39419907712589 94.24983520105471
1109 1414 25 230.93511988716503 153.94922425952043 108.78843441466854
1024 1412 18 136.78514588859414 177.76657824933687 128.631299734748
1572 1408 17 226.86750788643533 152.05047318611986 108.82018927444794
808 1408 23 229.9021207177814 153.53017944535074 109.2120717781403
1827 1407 26 226.5884567126725 168.92220828105394 120.12170639899622
976 1407 23 118.05383360522023 157.7520391517129 136.2414355628059
1388 1404 22 192.42911153119093 123.52551984877127 94.30245746691871
1751 1400 13 227.10152284263958 170.58375634517765 122.7715736040609
923 1397 14 229.12690355329948 154.1522842639594 110.28934010152284
2088 1395 14 227.23857868020303 152.9035532994924 110.83248730964466
1310 1393 31 230.207263064659 172.0637732506643 121.8281665190434
751 1392 25 229.09026798307474 170.6361071932299 120.83074753173483
874 1389 34 192.3150357995227 122.27764518695307 93.2513922036595
2027 1388 38 226.69872958257716 151.33030852994557 107.8572292800968
1896 1387 24 189.82707993474716 121.20717781402936 93.06362153344209
1245 1388 18 194.20424403183023 124.69230769230768 95.26790450928381
428 1386 49 193.0753138075314 122.847850893876 93.87599847850895
1528 1382 38 154.3974591651543 153.22444041137328 107.43254688445252
1074 1381 19 196.09283819628646 120.82758620689654 110.50928381962864
575 1381 28 228.43729189789124 170.62597114317424 121.42064372918979
1785 1377 20 228.50113378684807 152.62131519274377 108.36734693877551
1417 1372 17 139.85488958990535 140.50157728706625 103.07255520504731
333 1371 28 228.98668146503886 153.5449500554939 109.165371809101
1472 1366 14 154.30964467005074 153.01015228426394 108.6243654822335
1136 1364 23 195.0326264274062 125.74225122349104 96.29853181076673
1359 1361 13 229.65989847715736 155.16751269035532 111.44670050761421
1627 1359 48 228.62913655382275 170.4819322936478 120.73259794598707
513 1358 25 228.0761636107193 169.85049365303243 121.1184767277856
708 1352 27 190.67001254705144 121.43789209535758 93.267252195734
1017 1348 32 215.73073516386182 146.08414526129317 123.50752878653677
1732 1347 37 191.60250494396834 121.48516809492418 92.4614370468029
1190 1347 20 229.73242630385488 172.42403628117916 122.46031746031747
1328 1346 8 229.69135802469134 178.14814814814815 132.71604938271605
938 1344 34 230.64996022275258 154.26332537788386 109.17661097852029
1840 1339 35 227.9388201019665 152.1522214129643 107.80626365622724
1567 1337 15 153.35177865612647 151.8300395256917 107.80237154150197
1392 1337 10 227.71681415929203 172.3362831858407 125.42477876106194
381 1333 8 226.9506172839506 173.60493827160494 130.03703703703704
798 1332 42 192.74961754207038 123.03263640999491 93.81693013768486
2012 1330 9 224.320987654321 171.19753086419752 128.2716049382716
862 1330 10 228.67256637168143 173.929203539823 125.84955752212389
632 1331 40 228.97880646960402 153.21249302844396 108.64919129949806
2082 1328 30 225.0891972249752 167.77304261645193 120.03468780971258
1944 1327 47 227.7370566653078 151.99633102323685 107.7431716265797
1504 1324 15 177.8181818181818 172.30434782608694 120.56521739130434
1268 1322 45 193.41240716470074 123.51944080384447 93.5386631716907
1787 1321 19 191.66312997347478 122.39787798408487 93.20689655172413
1090 1321 36 195.3843111404087 119.75873434410019 109.340804218853
1155 1317 23 214.84013050570962 146.00815660685154 123.52691680261012
1448 1315 37 139.32102834541857 140.66578773895847 102.1067897165458
553 1310 29 192.9400665926748 123.60710321864595 94.4472807991121
1196 1309 12 231.4228187919463 158.37583892617448 113.0469798657718
412 1308 22 192.95274102079395 124.04914933837429 94.74669187145558
984 1302 12 192.95302013422818 128.19463087248323 100.95302013422818
474 1301 37 229.28411338167433 153.5009887936717 108.8892551087673
1357 1299 38 193.7555958862674 124.10102843315185 94.35934664246825
1565 1298 17 138.2018927444795 139.33438485804416 101.90851735015772
1681 1296 18 227.18567639257293 169.77453580901854 121.43766578249337
2030 1293 21 189.03969754253308 120.74669187145558 93.36672967863895
344 1292 36 227.24390243902437 169.26697429136453 120.46802900461437
1515 1288 18 137.89389920424404 139.2944297082228 102.52785145888593
1748 1285 21 195.2930056710775 125.95085066162571 95.82230623818526
723 1285 30 229.39544103072348 172.53419226957382 122.52725470763131
1800 1277 21 191.39886578449907 121.74480151228734 93.65595463137997
2067 1275 17 225.88958990536278 150.58044164037855 108.2397476340694
1403 1269 8 229.02469135802468 179.01234567901233 135.20987654320987
873 1267 48 229.37048307341195 171.84138455686573 121.50855838721948
1625 1265 37 193.9228740936058 123.8134475939354 94.20566908371785
1136 1264 27 197.5897114178168 122.32371392722709 111.35759096612296
1194 1263 26 215.3638644918444 146.633626097867 123.79422835633625
1024 1264 37 194.435069215557 125.06196440342781 94.9017798286091
2109 1262 15 225.50592885375494 152.50197628458497 110.35573122529644
1298 1261 17 230.0788643533123 154.8328075709779 110.22082018927445
1861 1259 40 228.55326268823202 152.87730061349694 108.36475181260458
1246 1259 12 198.1006711409396 125.65771812080537 114.36912751677852
660 1260 27 228.45294855708906 153.03262233375156 108.9435382685069
950 1255 24 229.768352365416 154.6541598694943 109.89396411092986
594 1255 31 192.25686448184234 123.3392382639504 94.3941541186891
794 1253 30 191.85232903865213 122.80475718533201 93.98909811694747
1082 1251 16 228.3186119873817 172.70347003154575 122.96214511041009
345 1251 9 228.23456790123456 161.16049382716048 118.24691358024691
413 1250 25 228.53173483779972 171.197461212976 121.93229901269393
1477 1249 29 152.93451720310767 152.65926748057714 106.85127635960045
304 1250 12 227.06040268456374 170.92617449664428 123.63758389261744
1937 1248 21 191.9640831758034 123.14933837429112 94.69943289224953
1426 1248 17 154.30914826498423 153.596214511041 108.39432176656152
1956 1245 14 186.83248730964465 126.92385786802029 95.8477157360406
1690 1244 26 230.1668757841907 154.21957340025094 109.3387703889586
530 1244 26 191.37013801756586 123.28732747804266 94.4228356336261
345 1243 10 205.49557522123894 144.43362831858406 107.98230088495575
2051 1241 8 224.0 171.4320987654321 128.8148148148148
739 1240 13 228.14213197969542 154.08629441624365 110.91878172588832
1992 1238 37 226.28279499011205 168.47791694133156 120.34146341463413
1745 1237 20 228.67346938775512 152.92063492063494 109.1156462585034
1548 1235 35 177.87545520757467 172.86453022578297 119.75746540422433
1330 1233 15 229.92094861660078 154.35573122529644 110.39130434782608
1383 1232 20 192.63945578231292 124.82993197278913 95.68707482993197
470 1231 25 229.22425952045134 153.3935119887165 108.72496473906911
1794 1229 17 225.50157728706623 167.88012618296528 121.03785488958991
825 1225 11 228.45637583892616 157.76510067114094 115.40268456375838
374 1223 19 228.17241379310343 152.59681697612731 109.03448275862068
704 1222 19 191.59946949602121 123.29177718832891 94.56233421750663
1192 1212 17 213.07570977917982 145.52681388012618 123.50473186119874
1644 1210 11 227.93959731543623 172.2281879194631 125.10738255033557
920 1207 19 193.74801061007958 125.41379310344827 95.01061007957559
1268 1204 41 197.40336562978072 122.66190719020908 111.35186129525754
639 1204 25 229.14527503526094 154.24541607898448 109.36812411847673
1600 1202 20 229.51700680272108 154.2108843537415 109.81859410430839
1937 1201 19 190.9575596816976 122.77188328912466 94.74801061007958
1888 1200 11 226.93959731543623 171.74496644295303 125.18120805369128
1048 1198 28 230.44839067702554 155.9134295227525 110.05327413984462
317 1198 38 190.15366001209924 121.72050816696915 93.47912885662433
580 1197 18 226.22015915119363 169.6419098143236 121.29708222811671
875 1194 15 228.39525691699603 172.26482213438734 122.92490118577074
1429 1194 29 180.12985571587126 174.90788013318536 120.87569367369589
2093 1191 43 190.6171617161716 121.97265440829797 93.38708156529938
759 1191 23 227.8336052202284 170.96084828711258 121.72430668841763
1128 1190 39 194.16454930429524 125.20387174833637 94.81306715063522
1349 1187 26 214.20451693851942 145.2810539523212 123.59974905897113
976 1186 36 228.67106130520762 171.92089650626235 121.47593935398812
1689 1181 27 191.17816813048933 122.0276035131744 93.69636135508155
1971 1176 15 227.15019762845847 170.2885375494071 122.4901185770751
1836 1176 36 190.50758075148318 121.54119973632167 93.295978905735
378 1175 13 226.40609137055836 170.3451776649746 123.28426395939086
1988 1174 6 208.18367346938774 166.46938775510202 136.6938775510204
1503 1174 37 138.4812129202373 140.0692155570204 101.64864864864865
1539 1172 14 155.994923857868 133.6243654822335 97.85786802030456
1560 1171 21 216.9319470699433 148.5671077504726 105.88846880907373
437 1171 37 192.65589980224124 124.05669083717864 95.02504943968358
2016 1170 25 226.28631875881524 151.30042313117065 108.36671368124118
1748 1169 33 228.65632458233893 171.00318217979316 121.52585521081942
1048 1169 12 177.0201342281879 142.66442953020135 106.32885906040268
521 1169 36 228.44561634805535 171.63876071193144 121.7027027027027
825 1167 36 191.77257745550426 123.0184574818721 93.73236651285431
698 1154 36 227.76994067237968 170.72907053394857 121.26895187870797
1903 1150 31 228.325952170062 153.21966341895484 109.45969884853854
897 1147 33 229.37231503579955 154.92203659506762 109.7716785998409
1196 1145 36 228.3441001977587 172.04416611733683 121.72116018457481
1452 1144 10 123.00884955752213 162.06194690265485 140.41592920353983
767 1144 17 192.1230283911672 125.18611987381703 96.01577287066246
1319 1138 19 195.19628647214853 122.02652519893898 111.29973474801061
1269 1136 18 192.14323607427056 125.83289124668434 95.92572944297082
606 1136 39 193.53841500302482 124.82335148215367 94.8173018753781
1679 1133 15 229.31225296442688 154.0079051383399 110.97233201581027
1618 1132 36 229.46671061305204 171.6229400131839 121.77323665128542
316 1132 21 227.3459357277883 152.55576559546313 108.98487712665407
378 1129 26 191.5759096612296 123.44667503136762 94.96737766624842
2101 1128 15 224.67588932806322 168.399209486166 121.58893280632411
1127 1123 23 152.36378466557912 153.95432300163134 107.08809135399675
2049 1119 28 226.97336293007768 152.2441731409545 108.34850166481687
1049 1119 49 137.9193609737543 141.36591860022824 101.37923164701408
964 1120 26 192.76537013801754 125.15934755332496 95.0276035131744
1793 1118 23 228.53670473083199 171.03752039151715 121.56933115823819
1558 1118 21 195.05293005671078 125.43856332703214 95.65406427221173
2019 1117 9 194.64197530864197 141.33333333333331 113.79012345679011
1471 1117 17 134.7097791798107 175.09779179810724 127.73501577287065
1981 1114 35 190.72614712308814 122.09832483612529 93.6409322651129
738 1110 16 228.74763406940062 155.397476340694 110.79495268138801
1394 1108 50 116.86919532080823 158.4228996809642 136.1010280042538
857 1102 16 227.16403785488959 153.52681388012618 110.08832807570978
539 1101 25 229.65021156558532 154.7108603667137 109.55007052186177
1912 1098 11 226.1476510067114 171.37583892617448 125.09395973154362
1233 1099 14 142.85279187817258 144.48730964467003 105.98984771573603
668 1095 26 190.45671267252195 123.20451693851943 94.22710163111668
797 1093 35 228.99126001456665 154.3335761107065 109.08739985433358
1850 1087 36 229.3915622940013 154.23533289386947 109.45550428477257
2104 1083 20 189.84580498866214 122.92290249433107 95.72789115646259
389 1083 14 227.46192893401013 153.41116751269035 110.31979695431471
1289 1081 41 153.3590005099439 154.70219275879654 106.96685364609894
1654 1077 16 191.43217665615143 123.70347003154573 95.36277602523658
460 1077 48 228.28033472803347 171.54089007227083 121.67516165842527
1110 1076 18 153.21220159151193 155.48541114058355 107.92838196286472
1730 1074 50 191.5136476426799 122.11697979439914 93.28571428571429
1520 1074 31 197.5943312666076 122.4472984942427 111.87865367581931
1171 1070 37 179.8516809492419 176.99274884640738 120.38365194462754
1459 1069 18 214.41379310344826 146.21485411140583 124.41114058355437
1595 1068 26 192.28230865746548 123.24843161856963 94.39021329987452
986 1068 18 192.57824933687002 126.27851458885941 96.43766578249337
333 1068 41 228.67006629270782 153.43753187149414 109.1667516573177
1795 1062 15 227.77470355731225 153.4189723320158 110.39130434782608
928 1059 36 191.84508899143043 124.71984179301252 95.12392880685563
868 1054 19 191.3633952254642 124.34748010610079 95.60212201591511
598 1055 35 228.81209031318284 154.47997086671523 109.37363437727605
1976 1052 12 225.9731543624161 171.53020134228188 125.73154362416108
533 1049 21 194.16824196597355 126.06616257088847 96.4234404536862
654 1048 12 227.25503355704697 155.28859060402684 112.46979865771812
1234 1047 18 140.67904509283818 143.40848806366046 104.3103448275862
1013 1047 14 134.71573604060913 177.0710659898477 128.06091370558374
1918 1046 34 227.0103420843278 169.93635640413683 121.04375497215594
1349 1045 18 142.87798408488064 144.83023872679044 105.29177718832891
1557 1043 9 216.41975308641975 150.679012345679 128.72839506172838
394 1039 19 228.86206896551724 154.66047745358088 109.80901856763926
726 1037 50 192.6323998582063 124.56611130804679 94.42431761786601
1427 1035 19 213.8912466843501 145.89920424403184 123.684350132626
1065 1031 36 134.98483849703362 179.14963744232034 128.57284113381672
2041 1029 49 225.05933815138837 168.1365538227463 120.11335108406239
1489 1026 19 197.23872679045093 122.39257294429707 111.90981432360742
1133 1025 14 197.29949238578678 125.94416243654821 113.92893401015228
974 1025 12 228.36912751677852 173.9731543624161 124.15436241610738
1532 1021 14 196.23857868020303 123.48223350253807 112.78680203045684
1286 1020 13 180.78172588832487 177.5685279187817 122.60913705583755
1641 1016 38 230.6515426497278 154.7846339987901 109.16938898971567
1967 1013 15 226.30039525691697 152.54150197628456 109.59683794466403
310 1011 10 227.2920353982301 156.76106194690266 115.48672566371681
561 1011 10 226.31858407079645 173.24778761061947 126.23893805309734
1760 1009 14 228.12690355329948 154.3197969543147 111.39086294416242
818 1007 36 228.21292023731047 172.72841133816743 122.25181278839814
475 1007 12 227.85906040268455 172.5704697986577 124.03355704697987
884 1005 19 229.08488063660477 173.87267904509284 123.24668435013263
1826 1004 36 189.49044166117335 121.24917600527355 93.11008569545155
1178 1005 14 193.9746192893401 128.77664974619287 99.47715736040608
649 1004 17 227.08832807570977 171.6782334384858 122.25867507886434
427 1003 20 190.77777777777777 123.67573696145125 95.29705215419501
1574 1001 23 229.25285481239806 171.57911908646005 121.91190864600327
1001 1000 21 212.2835538752363 146.3421550094518 123.70888468809073
1880 999 14 227.44162436548223 171.30964467005074 122.497461928934
518 995 23 229.96247960848288 155.54975530179445 110.49755301794454
1119 993 14 117.746192893401 158.95939086294416 136.45685279187816
1118 991 14 117.99999999999999 159.0 136.0
944 990 27 229.58469259723964 155.72772898368882 109.7867001254705
1381 988 40 193.8025655326269 125.42721695482433 95.29113218070273
1719 985 30 193.02279484638257 124.62338949454906 95.41922695738354
1310 985 21 228.93005671077506 173.2608695652174 122.88090737240076
1449 983 19 228.11405835543766 171.20424403183023 122.15384615384615
1035 978 12 213.9798657718121 149.81208053691276 127.16778523489933
359 978 36 226.9960448253131 170.3295978905735 121.53328938694791
1928 977 22 191.5179584120983 123.75614366729678 95.13232514177695
1153 975 16 214.51104100946372 150.1577287066246 126.55520504731861
2098 974 17 192.26182965299685 125.76971608832807 97.69400630914826
765 973 20 228.2562358276644 172.92063492063494 122.34920634920636
1508 969 32 216.06465899025687 147.78742249778566 125.13728963684677
1768 968 18 226.9893899204244 152.48541114058355 109.06100795755968
1232 967 49 229.70406998858883 156.01939901103083 110.04260174971472
599 967 38 191.80278281911677 123.94615849969753 94.64851784634
901 965 16 194.2397476340694 128.37539432176655 98.801261829653
1670 958 14 193.88324873096445 126.08121827411166 97.33502538071065
411 958 15 227.35177865612647 154.29644268774703 111.04347826086956
1979 956 35 227.64603058994902 153.45010924981793 108.74726875455208
1570 956 15 197.83399209486166 123.14229249011856 112.45454545454545
465 956 32 228.93534100974315 154.5527015057573 109.39681133746679
1134 954 6 216.53061224489795 162.28571428571428 140.6122448979592
681 954 38 190.8638838475499 123.67695099818513 94.38415003024804
1877 951 25 190.7602256699577 123.08039492242595 94.51763046544428
853 951 21 228.87901701323253 155.31568998109643 109.84499054820417
1618 949 25 215.46262341325811 146.51057827926658 124.38928067700986
532 945 12 227.50335570469798 172.5503355704698 124.41610738255034
1087 943 37 115.77323665128542 159.16413974950558 135.8582729070534
1746 943 14 191.7005076142132 125.16243654822334 96.91370558375634
737 938 15 228.0395256916996 155.37154150197628 110.34387351778655
1928 935 12 225.92617449664428 171.51006711409394 124.24832214765101
1006 934 36 193.7996044825313 121.20303230059326 110.16941331575477
1169 933 21 194.85822306238185 123.4593572778828 111.30812854442344
1811 925 34 230.04057279236278 155.412092283214 109.59268098647574
1681 924 21 231.08317580340264 155.6578449905482 110.48582230623819
1427 924 30 230.5569871159564 155.86223984142714 110.12983151635282
1322 924 35 193.88346686088857 126.83976693372179 95.92134013109978
422 923 13 227.0659898477157 155.08629441624365 113.02538071065989
2064 920 41 190.47883732789396 123.15247322794494 94.1443141254462
799 921 33 193.10501193317424 125.98170246618935 95.46221161495625
381 918 21 195.82230623818526 128.24385633270322 98.2570888468809
930 918 34 193.27844073190136 126.31742243436754 96.00159108989658
624 915 13 230.15736040609136 158.96446700507613 114.28426395939086
502 915 13 229.3451776649746 156.6700507614213 111.85279187817258
1376 914 13 228.14213197969542 174.20812182741116 124.80203045685278
1492 908 20 194.28571428571428 126.42857142857143 96.51927437641723
1204 904 8 227.29629629629628 177.48148148148147 130.58024691358023
559 904 30 193.9147670961348 126.0852329038652 96.1219028741328
1130 902 17 133.3596214511041 176.89589905362774 127.32807570977917
1641 895 24 197.0309951060359 122.37846655791192 111.8026101141925
666 891 18 192.6286472148541 126.38461538461537 96.89124668435012
1098 887 12 119.65771812080537 161.90604026845637 137.93959731543623
864 887 32 192.3569530558016 125.48272807794508 95.2754650132861
1564 886 49 196.13845568657285 121.11487257512363 110.4678585013313
1966 884 27 225.7854454203262 169.83814303638644 120.69887076537013
1937 884 11 193.1476510067114 139.71140939597316 106.59731543624162
1898 884 38 190.53962492437992 122.78886872353299 93.77737447065941
374 884 10 194.41592920353983 130.8849557522124 103.47787610619469
1737 881 37 228.18852999340803 171.13447593935396 121.39419907712589
1463 880 14 194.36548223350252 128.08121827411168 98.40609137055837
726 879 38 228.53236539624928 154.46460980036298 109.49062310949789
460 876 37 193.2946605141727 125.59195781147 95.58536585365853
1355 875 19 192.67904509283818 125.90981432360742 96.15915119363395
986 874 18 214.24403183023873 147.78779840848804 124.6631299734748
814 874 9 228.320987654321 160.20987654320987 117.66666666666666
1254 870 36 228.1938035596572 173.24126565589978 122.50823994726433
1183 869 29 192.65926748057714 126.64150943396227 95.83795782463929
1839 868 9 226.62962962962962 174.44444444444443 128.53086419753086
1048 866 33 194.7565632458234 122.0469371519491 110.63484486873509
1673 860 18 229.9840848806366 155.9814323607427 110.6737400530504
784 860 11 228.46308724832215 176.08724832214764 127.79865771812081
1807 859 17 191.0 123.30283911671924 94.65930599369085
612 857 32 228.32949512843226 172.718334809566 122.39681133746679
1408 852 34 193.44630071599047 125.74622116149563 95.59188544152745
673 849 15 192.29644268774703 125.9090909090909 96.99604743083003
1313 847 19 229.07957559681697 155.73740053050398 110.01856763925728
398 847 23 227.8825448613377 172.30505709624796 122.48287112561175
2022 844 37 226.4897824653922 153.25313117996043 109.13381674357284
1118 835 38 177.9437386569873 176.7900786448881 119.78100423472475
1350 833 8 221.72839506172838 175.5679012345679 128.59259259259258
529 833 40 229.32682654768547 155.61795872838817 109.62297824874513
1972 831 13 189.7208121827411 124.03045685279187 96.497461928934
1349 829 9 189.4074074074074 152.3827160493827 111.45679012345678
1217 830 14 193.01522842639594 128.68020304568526 98.5736040609137
1177 829 12 156.04697986577182 157.08724832214764 109.87248322147651
1005 826 18 195.07161803713527 122.83023872679044 111.48010610079575
1483 824 32 228.185119574845 171.82639503985828 122.03454384410983
926 823 49 228.40167364016736 173.23012552301256 122.07835678965387
1632 821 34 216.8106603023071 149.18854415274464 125.85839299920445
1849 819 26 226.87327478042658 170.435382685069 121.26725219573399
822 815 41 230.4538500764916 156.82049974502806 110.2218255991841
1575 811 17 195.06624605678232 121.30599369085174 111.09148264984226
1784 809 33 191.80906921241052 123.5505171042164 94.12490055688147
749 809 26 192.43161856963613 124.96361355081555 95.0276035131744
1275 808 23 139.77814029363785 143.93148450244698 103.30831973898859
1922 807 34 191.62927605409706 124.20206841686556 94.90214797136039
592 805 16 228.8769716088328 156.33438485804416 111.41009463722398
1708 803 34 192.20445505171043 123.74383452665076 94.20047732696898
1437 804 16 155.69085173501577 156.26498422712933 108.70977917981072
1399 799 13 179.23857868020303 176.27918781725887 121.94416243654821
1531 795 17 217.2776025236593 150.5930599369085 127.23343848580441
1340 789 37 155.03164139749504 156.96835860250494 107.55636123928807
1047 787 36 215.7336849044166 150.63810151615027 125.78576137112721
1279 784 10 136.69911504424778 139.61946902654867 99.070796460177
2005 778 20 192.2154195011338 125.99319727891157 97.29478458049887
663 777 50 228.9291031549096 154.86884083658276 109.20560085076214
449 776 50 192.90428925912798 125.72811059907833 95.16660758596242
1127 771 19 138.41644562334216 142.6472148541114 102.6684350132626
1480 770 24 135.34910277324633 177.7373572593801 128.2300163132137
884 768 13 195.14213197969542 130.93908629441623 100.90355329949237
1207 767 48 139.1513883605934 143.9885888170407 102.92963103841765
1666 765 13 228.4010152284264 155.90862944162436 112.37563451776649
1282 764 21 150.79017013232516 153.30056710775048 105.52551984877127
1952 763 17 226.7665615141956 153.97476340694007 109.61829652996845
1588 760 29 193.71587125416204 119.42730299667036 109.28301886792453
585 760 24 193.21696574225123 126.71778140293638 96.51549755301795
1639 758 12 195.06711409395973 123.28187919463087 113.24161073825503
1424 754 27 139.07904642409034 142.65370138017565 102.8870765370138
1532 751 16 119.49211356466877 160.62460567823342 138.0441640378549
530 751 23 227.56769983686786 172.42903752039152 122.22349102773246
1911 749 13 227.43654822335023 173.41624365482232 124.8730964467005
1760 749 20 228.1655328798186 172.71428571428572 123.23356009070295
980 748 33 193.43118536197295 127.07000795544948 96.19649960222753
759 746 29 228.29411764705884 173.10654827968924 122.37291897891232
1710 743 22 228.08695652173913 171.85822306238185 122.51984877126654
1837 737 49 228.41270445036136 154.6496766831495 109.6580448839863
1983 732 19 228.53315649867372 156.368700265252 111.9708222811671
1110 730 17 213.24921135646687 148.94637223974763 125.05362776025237
907 727 28 230.8601553829079 157.88013318534962 110.90233074361821
838 727 39 191.58318209316397 125.00000000000001 95.15970961887479
718 721 11 228.751677852349 176.64429530201343 128.0201342281879
1066 718 24 191.6704730831974 121.2120717781403 110.08482871125612
616 717 17 192.9179810725552 126.9968454258675 97.24290220820188
1350 715 23 139.61500815660685 143.8874388254486 103.88580750407831
765 715 11 213.6442953020134 157.18120805369128 113.97986577181207
1147 711 19 133.27586206896552 177.9761273209549 127.72679045092838
1391 708 15 179.2292490118577 177.16996047430828 121.56521739130434
1745 705 19 192.06366047745357 125.01591511936338 96.08222811671087
1572 705 23 135.49755301794454 177.38825448613377 128.3409461663948
1507 703 34 116.18695306284806 158.01591089896579 135.68575974542563
1010 703 21 229.43856332703214 156.8922495274102 110.78260869565217
654 704 11 225.95973154362414 173.27516778523488 125.84563758389261
565 703 26 192.79548306148052 126.02885821831869 96.08155583437892
1695 701 12 228.58389261744966 156.5503355704698 113.51006711409396
1637 701 36 230.1628213579433 156.06789716545813 110.80685563612391
1447 701 21 116.48960302457468 158.65217391304347 136.00945179584122
1932 699 35 226.03641660597233 170.66205389657685 121.78878368536053
1280 699 34 178.71280827366746 177.32458233890216 120.0540970564837
769 694 21 226.13610586011342 154.648393194707 109.23818525519849
1213 683 26 115.21706398996236 159.2107904642409 135.68255959849435
1883 681 9 226.04938271604937 173.679012345679 127.66666666666666
488 680 43 227.83781235266383 173.35596416784534 122.73314474304573
1782 679 18 195.76657824933687 128.9124668435013 98.61273209549071
1108 678 23 192.26916802610114 121.11092985318108 109.82871125611746
899 673 13 226.3451776649746 173.4213197969543 123.36040609137055
865 673 13 228.75634517766497 175.60406091370558 126.0964467005076
705 669 38 191.50090744101635 124.64609800362977 95.14095583787055
1401 665 19 191.64986737400528 119.74535809018568 109.50132625994695
1809 664 9 228.92592592592592 179.86419753086417 132.9753086419753
624 662 29 227.5416204217536 172.49278579356272 122.54605993340732
957 661 38 228.45977011494256 174.14398064125834 122.72837265577738
1718 659 28 229.2364039955605 156.0033296337403 110.5449500554939
1554 657 16 140.82018927444796 143.50788643533122 105.80126182965299
1159 656 23 115.91027732463296 159.07014681892335 135.69657422512236
1602 649 24 141.52691680261012 144.0978792822186 105.30342577487765
1338 648 34 216.41686555290374 151.4821002386635 126.81543357199682
1039 648 31 194.4340124003543 128.4340124003543 97.17006200177148
818 649 31 194.19220549158547 127.15500442869796 96.0992028343667
765 647 16 192.9179810725552 126.53627760252365 96.8769716088328
1511 645 14 193.21319796954313 121.53807106598984 111.03045685279187
1452 640 32 216.5509300265722 151.07794508414526 126.7821080602303
1912 638 22 226.71455576559546 154.28922495274102 110.39319470699434
554 638 33 229.07000795544948 156.27128082736675 110.3062848050915
1858 637 34 192.57517899761336 125.93953858393 96.24105011933175
1196 634 14 216.46192893401013 152.94416243654823 128.0659898477157
1254 629 33 191.1766109785203 119.46062052505967 108.63325377883851
881 625 32 230.94419840566874 157.9291408325952 111.0460584588131
1662 623 33 191.76133651551314 124.83611774065236 95.72315035799524
730 618 12 228.13422818791946 176.28859060402684 126.496644295302
654 617 22 229.90170132325142 156.69943289224952 110.57466918714556
501 617 18 228.9840848806366 157.73209549071618 112.21485411140583
1005 616 8 228.23456790123456 179.8148148148148 132.1851851851852
1396 613 22 191.21739130434784 119.11531190926276 108.61436672967864
1096 610 37 230.7363216875412 158.5332893869479 111.16677653263018
612 610 18 191.9549071618037 126.50928381962864 96.75066312997347
1777 608 37 227.15227422544493 171.9835201054713 122.33816743572841
1300 604 14 219.20304568527916 155.43147208121826 129.88324873096445
836 597 14 228.71573604060913 175.68527918781726 125.1979695431472
774 594 31 193.44198405668735 126.34100974313552 96.07883082373782
1038 592 13 228.14213197969542 176.5685279187817 126.27918781725887
1715 591 18 229.15915119363393 175.14588859416446 125.16445623342175
1538 583 48 227.97109166983645 173.64815519208824 122.94180296690757
1170 582 29 227.8756936736959 174.23196448390678 123.46836847946726
1614 581 18 228.25729442970822 173.79045092838194 123.9522546419098
1873 579 19 191.02387267904507 125.93899204244032 97.62068965517241
705 572 32 228.96102745792737 174.2666076173605 123.25509300265722
1665 567 22 229.10964083175804 156.1701323251418 110.83931947069944
1231 567 21 194.68052930056712 129.2930056710775 98.44234404536863
1617 563 11 207.3221476510067 152.5234899328859 110.0
1276 564 18 230.3236074270557 159.3289124668435 112.74535809018568
963 563 49 194.13160897679728 127.58273107645493 96.1898060098897
883 563 20 195.54421768707485 129.03854875283446 97.7641723356009
641 563 23 193.68189233278957 127.71451876019576 97.44535073409462
575 562 35 194.72469045884924 128.62782228696287 97.64603058994902
1820 558 21 226.74102079395087 155.0812854442344 111.22117202268431
1444 558 42 194.4263131055584 127.46659867414586 96.67720550739419
1341 555 40 229.90462911321808 157.5398773006135 111.09704406023425
1036 554 18 194.6021220159151 128.9177718832891 97.73474801061008
1621 539 23 228.41761827079935 156.30505709624796 110.92985318107668
1146 536 16 195.54258675078864 131.95268138801262 100.51104100946372
822 534 36 195.04614370468028 128.3520105471325 96.98022412656559
757 535 22 194.36483931947072 128.1852551984877 97.47069943289225
1086 531 30 229.91179385530228 157.77700693756194 110.88800792864222
1500 527 12 228.26174496644296 175.91946308724832 126.3758389261745
1576 523 16 229.7665615141956 158.0347003154574 112.36593059936908
886 522 19 230.2785145888594 158.04244031830237 111.75862068965516
605 515 10 227.46902654867256 177.50442477876106 130.6283185840708
1754 513 50 193.9932647997164 126.89932647997163 96.3970223325062
721 511 9 229.14814814814812 178.5432098765432 130.17283950617283
1400 509 17 194.4384858044164 129.1167192429022 98.76340694006309
1196 509 36 193.65985497692813 127.85827290705339 96.9861568885959
1672 507 23 226.66231647634586 172.7357259380098 123.51060358890702
1470 501 17 229.06309148264984 157.52681388012618 111.9968454258675
660 493 44 229.86798679867988 157.04526166902406 110.7048561999057
1021 488 38 228.8947368421053 175.13551119177254 123.64549304295222
1534 487 33 194.9172633253779 128.31901352426414 97.27048528241846
1279 482 50 229.9666784828075 157.60085076214108 110.77064870613258
1129 479 24 230.66884176182708 158.57748776508973 112.31810766721044
930 477 36 231.0758075148319 158.96901779828607 111.83256427158865
1607 471 37 230.48450889914304 158.28675016479895 111.45088991430454
1435 467 21 228.80529300567107 175.22873345935727 124.38563327032136
857 466 32 229.37998228520814 175.7050487156776 124.13286093888397
1374 464 30 193.3627353815659 127.40931615460852 96.93161546085233
1212 457 12 230.1006711409396 160.24161073825502 114.86577181208054
1083 455 20 194.3151927437642 129.02947845804988 97.94331065759637
765 453 50 228.73200992555832 174.1527827011698 123.19532080822404
1484 448 20 196.15192743764172 129.93197278911566 97.96598639455783
1554 440 14 230.88324873096445 159.35532994923858 113.12690355329948
1695 437 39 192.77737447065942 126.65638233514822 97.09981851179674
1172 431 21 229.30056710775048 175.74102079395087 124.65973534971646
1327 426 17 230.4353312302839 158.9211356466877 112.55205047318611
843 414 16 196.0378548895899 130.31545741324922 99.03785488958991
1049 413 20 231.13151927437642 159.61904761904762 113.01587301587301
905 412 22 193.95841209829868 128.64083175803404 97.86578449905483
1028 411 10 196.76991150442478 137.91150442477877 102.88495575221239
1518 409 26 195.07528230865745 128.4767879548306 97.28858218318695
988 408 39 196.33333333333334 130.01693889897157 98.1663641863279
1376 406 18 194.53846153846152 129.72148541114058 99.18832891246684
1289 406 12 229.05369127516778 178.23489932885906 128.4228187919463
1639 403 20 196.2358276643991 130.97732426303855 101.06349206349206
1120 402 32 229.70859167404782 176.7803365810452 125.51372896368468
1437 397 38 228.83303085299457 175.42528735632186 124.41258318209317
1231 390 39 195.670296430732 129.16273442226256 97.8366606170599
810 385 17 228.62460567823342 176.28706624605678 125.70977917981072
828 381 9 203.58024691358023 155.45679012345678 116.28395061728395
1577 379 38 228.51421657592257 175.07683000604962 125.11978221415609
852 378 22 230.54631379962194 158.63327032136107 112.21928166351607
1030 373 16 231.05993690851733 160.71293375394322 114.54258675078864
1319 372 25 197.55853314527502 131.5966149506347 100.18335684062059
1382 357 21 228.83553875236296 176.25519848771268 125.44990548204159
980 356 7 228.22448979591834 182.0408163265306 136.77551020408163
1496 349 33 229.52346857597456 157.60143198090694 111.62450278440733
1072 347 27 231.7590966122961 159.90715181932245 112.72396486825595
927 347 42 196.11269760326365 129.49770525242224 97.90005099439063
1433 327 27 196.18193224592218 130.41530740276033 99.03764115432872
1164 320 50 197.57320099255583 130.8110599078341 98.69868840836583
1008 317 38 229.26920750151243 176.36902601330914 125.19419237749547
1379 315 13 230.36040609137055 160.70558375634516 114.97969543147207
1268 313 35 228.83612527312457 176.4435542607429 125.53605243991261
1332 310 27 230.7176913425345 159.66750313676286 113.07528230865746
1094 289 20 196.12698412698413 130.63945578231292 99.73696145124717
1223 280 11 228.46979865771812 179.88590604026845 131.71812080536913
