1281 2068 24 233.1615008156607 154.85644371941274 109.80587275693313
1239 2068 12 234.04026845637583 158.04697986577182 112.70469798657717
1115 2056 26 193.14303638644918 122.80928481806775 93.52697616060225
1185 2049 36 234.071852340145 155.9228740936058 108.88068556361239
1441 2031 31 193.8990256864482 122.86536758193091 93.4162976085031
1355 2023 44 193.1136256482791 121.93587930221594 92.96133899104196
983 2018 43 232.1018387553041 172.56011315417257 120.67751060820368
1067 2012 35 193.96285506190824 123.10560815731975 93.21048798252004
913 2011 17 231.60883280757096 172.01577287066246 121.28706624605678
1136 2010 20 234.26303854875283 156.41950113378687 109.62585034013605
1520 2007 34 233.75338106603024 154.20206841686556 108.68655529037392
1256 1993 48 232.81513883605933 172.62571319893496 120.8626854317231
1470 1991 13 234.53299492385784 156.60913705583755 111.31472081218273
1181 1979 19 232.262599469496 172.12732095490716 121.02387267904508
870 1976 30 232.5203171456888 153.99306243805748 108.57978196233894
1420 1965 36 233.66578773895844 154.64930784442979 108.95319709953856
1599 1963 49 232.68847470521112 172.5431723088627 121.4899201217193
1532 1960 10 232.7787610619469 158.78761061946904 116.30088495575221
808 1957 22 195.20982986767487 124.81285444234405 94.84877126654065
1485 1957 16 232.6309148264984 172.84542586750788 122.41009463722398
1356 1950 18 196.44562334217505 125.92838196286472 96.70822281167108
1683 1947 25 232.8265162200282 172.97179125528913 122.11001410437235
939 1944 36 232.63480553724455 172.61766644693472 121.20435069215556
1206 1940 12 197.4228187919463 127.26845637583892 97.2751677852349
1114 1937 44 194.44790193305045 123.09146628948609 92.54832626119754
768 1935 15 193.8181818181818 123.91699604743083 95.18577075098814
1023 1927 38 195.3974591651543 123.68300060496068 93.3901996370236
1460 1923 10 195.13274336283186 126.42477876106194 98.46902654867256
1245 1922 11 234.34228187919462 159.69127516778522 115.08053691275167
874 1920 16 196.71293375394322 126.1577287066246 96.0
1729 1917 13 194.25888324873094 125.41624365482232 97.42639593908629
1313 1915 30 232.95936570862239 172.77106045589693 121.21902874132805
1431 1912 12 232.39597315436242 155.06711409395973 110.97986577181207
1648 1909 13 195.16751269035532 126.35532994923857 97.91878172588832
1525 1906 30 196.08820614469772 124.76610505450941 95.0455896927651
726 1894 36 197.16611733684903 126.52274225444957 95.75939353988133
1198 1888 31 232.3418954827281 171.83613817537645 120.41895482728079
1381 1887 32 195.3897254207263 123.95305580159433 94.3941541186891
1768 1886 31 232.58458813108948 154.74490699734278 109.26040744021257
1621 1887 20 233.87301587301587 155.24489795918367 109.78004535147393
666 1886 15 232.09090909090907 174.03557312252963 122.52173913043478
1262 1884 21 194.97164461247638 124.1625708884688 94.33270321361059
813 1882 46 195.9025682837342 124.110884631064 93.29963310232368
902 1880 24 233.58238172920068 154.9151712887439 108.5399673735726
953 1879 19 197.9257294429708 126.42175066312997 95.79840848806366
1464 1877 27 233.00250941028855 172.80552070263488 121.72772898368882
1068 1877 20 233.57596371882087 173.92063492063494 122.04308390022676
1142 1872 19 234.82228116710874 156.49071618037135 109.61007957559681
1693 1868 40 195.63524818739543 124.06469604015616 94.33240379252649
1505 1863 11 231.65771812080536 174.86577181208054 126.88590604026845
1004 1846 35 233.26875455207576 172.74799708667152 120.98761835396941
874 1848 14 233.0152284263959 155.98984771573603 110.58883248730963
1749 1841 12 230.01342281879195 154.248322147651 111.51006711409396
1565 1838 40 194.8025655326269 123.83491355270498 94.07250418293364
1169 1831 15 232.98418972332016 172.94466403162053 121.54150197628458
712 1831 18 232.69496021220158 154.65782493368698 109.41909814323607
1309 1828 45 235.00567933595457 155.7903014416776 109.48492791612058
1495 1822 25 233.70239774330042 154.86036671368123 108.99576868829337
635 1820 49 233.07873716241917 154.64891593761888 108.31685051350324
1223 1819 31 196.5907883082374 124.53852967227635 94.15943312666076
765 1818 28 232.0832408435072 172.03440621531632 120.43729189789123
1640 1814 31 231.91231178033658 154.0903454384411 108.7732506643047
1812 1809 49 195.34271586154432 124.17344998098136 93.9090909090909
1104 1803 50 234.56504785537044 155.55086848635236 109.11095356256646
1411 1802 48 196.16165842525675 124.28337771015596 94.3761886648916
923 1802 47 197.7289033836119 125.42030167142275 94.33020790868325
829 1800 32 233.02745792736937 172.977856510186 121.0903454384411
1725 1796 30 232.17244796828544 173.10802775024777 122.1982160555005
561 1785 18 193.79310344827584 123.89920424403182 95.29708222811671
1487 1775 11 196.73154362416108 128.40268456375838 100.71140939597315
1538 1771 28 233.22641509433961 173.95005549389566 122.41065482796893
1187 1769 27 234.55081555834377 155.91718946047678 109.7164366373902
775 1765 14 195.54822335025378 127.05076142131979 97.5228426395939
1596 1763 18 196.6339522546419 125.89389920424402 95.93633952254642
714 1763 35 197.72760378732704 126.00291332847779 94.75309541150766
1008 1762 38 197.01512401693893 125.1857229280097 94.68239564428313
1895 1760 34 231.0326173428799 172.68575974542563 122.39459029435163
874 1756 12 197.4496644295302 127.42953020134227 97.88590604026845
1256 1755 33 196.42322991249006 124.90214797136039 94.66348448687351
655 1749 14 232.14213197969542 172.9695431472081 122.20812182741116
1332 1740 38 233.9739866908651 173.90199637023593 122.29885057471266
1835 1740 20 232.36281179138322 154.90702947845804 109.94331065759637
605 1737 27 232.04767879548305 172.36637390213298 121.60727728983687
959 1735 11 198.40939597315435 128.993288590604 99.53020134228187
536 1733 38 232.91046581972174 154.77374470659407 109.0647307924985
1663 1731 49 232.13084823126664 173.255230125523 122.22746291365539
1140 1731 20 118.23809523809524 157.80498866213154 136.54648526077096
1767 1727 41 232.9433962264151 155.01682814890364 109.13156552779195
911 1721 28 234.00554938956716 174.09544950055493 122.23196448390678
1404 1721 26 233.46549560853197 173.39523212045168 122.13299874529484
1481 1719 41 235.01070882202959 156.73482916879144 110.05609382967874
1067 1718 31 138.97431355181578 180.66607617360498 129.81133746678478
823 1714 48 233.3499429440852 173.03461392164323 121.37428680106505
1280 1704 16 119.86750788643533 158.2397476340694 137.49842271293375
747 1702 18 234.0026525198939 156.48806366047745 110.12201591511936
1951 1693 46 230.35018344883815 171.84141867101508 121.64818589482266
1568 1692 39 196.47912885662433 124.96793708408954 94.75801572897763
614 1690 14 232.61928934010152 156.0 110.94416243654821
572 1688 15 197.86166007905138 127.60474308300394 97.45454545454545
1206 1687 46 138.65430085609458 180.78638401956786 129.61475743986955
1367 1685 12 123.19463087248322 161.74496644295303 140.36912751677852
678 1683 45 234.20270860637834 155.4604630843163 109.02271734381826
1862 1681 31 195.5155004428698 125.13197519929142 95.34720992028343
987 1681 41 139.85262621111679 181.20550739418664 130.06782253952065
1131 1673 26 118.11668757841906 158.28481806775406 136.74905897114178
1809 1670 17 194.9116719242902 125.61514195583595 96.61829652996845
1721 1669 18 194.77984084880634 125.03448275862068 95.34482758620689
1389 1666 14 140.5228426395939 180.55837563451774 131.03045685279187
1436 1664 17 197.21451104100944 126.89274447949526 96.74763406940063
493 1661 37 231.27158866183254 171.4113381674357 120.72577455504283
1625 1660 14 195.39086294416242 125.41624365482232 96.248730964467
1065 1658 18 118.07427055702917 158.49071618037135 136.57294429708222
1672 1656 16 232.6309148264984 155.57097791798105 111.04100946372239
906 1649 34 117.4884645982498 157.59347653142405 136.08671439936356
1902 1646 18 230.40053050397876 154.6153846153846 109.36604774535809
1770 1645 26 231.06148055207024 172.10163111668757 121.77540777917189
435 1645 10 229.67256637168143 172.2920353982301 124.5929203539823
1315 1637 51 117.71176274575141 159.18293902032656 137.15261579473508
765 1636 36 197.63150955833882 125.9314436387607 94.8220171390903
1504 1631 41 233.6185619581846 155.60071392146864 109.74655787863335
835 1631 23 139.41272430668843 180.44045676998368 129.9820554649266
2007 1629 24 192.5220228384992 123.34094616639479 94.83034257748777
1576 1625 19 195.70557029177718 125.44297082228115 96.14588859416445
1100 1623 24 235.42088091353997 157.3931484502447 110.21044045676999
708 1623 14 234.17766497461926 176.57868020304568 126.05583756345176
960 1620 14 118.78172588832486 157.73096446700507 136.43654822335023
1154 1618 21 196.18336483931947 126.10964083175804 96.02079395085066
589 1618 49 196.8927348801826 125.13807531380753 94.33891213389121
1636 1618 30 233.70763131813678 174.69871159563925 123.1962338949455
669 1613 17 232.47318611987382 172.38170347003154 121.55205047318611
1709 1610 32 195.64836138175377 124.74933569530559 95.32506643046945
511 1605 11 229.43624161073825 172.8926174496644 125.39597315436241
1414 1601 43 118.17161716171617 159.56671381423857 137.6199905704856
1943 1598 41 230.81081081081084 154.27740948495668 108.92044875063743
1217 1597 36 233.50692155570204 174.1292023731048 122.0632827949901
1843 1595 49 231.10422213769496 172.7980220616204 122.03347280334728
881 1589 20 118.11337868480726 157.6984126984127 136.52154195011337
944 1578 18 234.3580901856764 175.3368700265252 123.78514588859416
1026 1575 50 197.26302729528535 125.85643388869195 94.86600496277916
436 1574 49 196.41536705971853 124.56979840243439 94.12362114872576
1760 1570 25 197.49788434414668 126.52609308885755 95.78561354019746
726 1571 30 234.28047571853318 156.6402378592666 110.19127849355797
2024 1564 37 193.54383651944627 123.9525379037574 94.82860909690177
804 1562 43 137.86185761433285 179.04526166902406 128.77557755775578
658 1563 29 232.76026637069924 154.6947835738069 109.35183129855716
1348 1560 20 139.21768707482994 181.0498866213152 130.22902494331066
1182 1558 8 234.1111111111111 180.62962962962962 131.93827160493825
1662 1556 21 197.24574669187146 126.22873345935729 95.94706994328922
1125 1556 41 235.07190209077004 157.04232534421214 109.78480367159614
526 1555 32 197.0947741364039 125.78742249778566 95.29052258635961
905 1554 17 234.61514195583595 157.66876971608832 111.15141955835962
1485 1551 32 118.7139061116032 159.46589902568644 137.7139061116032
1715 1551 24 233.3115823817292 155.836867862969 110.00326264274062
1575 1549 50 196.42963488124778 125.22616093583835 94.90535271180433
1764 1546 13 194.994923857868 129.2944162436548 95.30964467005076
1804 1544 9 231.45679012345678 159.3827160493827 115.61728395061728
1287 1543 37 234.57745550428476 156.28543177323664 109.8991430454845
1432 1542 10 143.08849557522123 180.72566371681415 132.91150442477877
1963 1531 22 230.82608695652175 173.25519848771268 122.58979206049149
1394 1529 23 118.41924959216966 159.768352365416 137.61011419249593
958 1526 24 235.72430668841764 158.15660685154975 110.77487765089724
1906 1521 26 195.19322459222082 125.37766624843161 95.96486825595984
595 1522 34 231.60859188544154 172.31583134447098 121.64200477326969
757 1520 15 119.44268774703556 157.50197628458497 136.85375494071144
2070 1513 25 229.90409026798307 154.0070521861777 109.94358251057828
390 1513 19 231.3209549071618 171.9893899204244 122.28647214854111
1843 1513 27 231.90715181932245 174.0840652446675 123.05646173149309
651 1512 11 233.3288590604027 160.8993288590604 116.83892617449663
1345 1510 19 235.6127320954907 157.77984084880634 111.26525198938991
1510 1507 16 140.9495268138801 181.75078864353313 131.20504731861197
1076 1505 19 199.68965517241378 128.72148541114058 97.10875331564986
2009 1503 17 229.74447949526814 154.62145110410094 110.43533123028391
1769 1504 43 232.7166430928807 155.7048561999057 109.89014615747288
486 1502 28 232.15538290788012 172.66592674805773 121.47613762486127
539 1500 17 197.0347003154574 126.35331230283911 96.09463722397476
1205 1500 43 198.04950495049505 126.64120697784064 95.14992927864215
700 1499 33 233.5433571996818 174.66268894192524 123.21718377088305
1141 1494 14 198.6497461928934 128.08629441624365 97.4720812182741
888 1488 44 117.92880716643093 159.37718057520038 137.36633663366337
1662 1487 43 232.25789721829327 172.68741159830267 121.78830740216878
1015 1482 40 233.85666480758508 174.70719464584496 122.70552147239265
1595 1481 16 231.62776025236593 155.66561514195584 111.8832807570978
956 1474 15 120.71146245059288 160.27667984189722 138.66007905138338
2089 1473 12 229.58389261744966 173.1006711409396 125.06711409395973
1446 1471 47 138.0562576437016 180.26131267835305 129.56543008560945
1371 1470 20 234.12698412698413 175.2607709750567 123.63265306122449
359 1469 19 193.920424403183 124.45623342175065 95.60212201591511
638 1466 23 196.74388254486135 126.32137030995106 96.28221859706363
1886 1464 23 195.9347471451876 125.95758564437195 96.19086460032626
595 1463 17 233.65615141955834 157.46372239747635 111.42271293375394
1950 1463 34 194.3747016706444 124.64836913285602 94.91169451073986
1544 1458 31 118.72187776793623 159.19929140832596 137.71567759078832
792 1456 48 117.67896538607836 159.11601369341955 137.16926588056296
433 1457 39 233.76769509981852 156.0290381125227 109.47791893526922
1722 1450 10 200.64601769911505 133.2566371681416 103.76991150442478
1295 1448 47 234.89319200978395 175.55034651447207 123.06726457399103
2030 1442 42 229.61550229474759 171.88271290158085 121.87098419173891
1106 1443 43 234.68081093823668 175.83686940122584 123.31683168316832
1827 1438 31 196.42161204605847 126.18777679362267 95.84499557130204
2101 1435 15 230.17786561264822 155.07509881422925 111.67588932806323
1606 1434 22 234.60491493383745 157.531190926276 111.06805293005671
1363 1432 10 235.1150442477876 160.9203539823009 115.35398230088495
1752 1431 23 231.66557911908646 173.67536704730833 123.09298531810768
1237 1431 9 234.25925925925924 179.02469135802468 129.88888888888889
703 1430 26 198.70012547051442 127.63111668757841 96.82559598494353
528 1430 48 232.57550399391405 173.08824648155192 121.86839102320275
860 1429 12 140.3221476510067 180.06040268456374 130.8791946308725
1399 1427 12 199.1208053691275 130.93959731543623 100.32885906040268
997 1420 17 234.13249211356467 157.20820189274448 111.00946372239747
1190 1420 34 236.02545743834528 158.33810660302308 110.80747812251393
358 1416 34 232.8798727128083 155.16547334924425 109.74701670644392
1038 1415 16 201.20504731861197 130.3123028391167 98.6403785488959
1904 1413 21 231.1852551984877 173.75047258979205 123.24007561436673
926 1412 38 138.02964307320025 180.72353297035693 129.62976406533576
1491 1408 21 139.7069943289225 182.1039697542533 130.91682419659736
617 1407 32 196.02745792736937 125.19043401240036 95.18689105403011
1240 1398 11 202.83892617449663 133.5704697986577 101.79865771812081
460 1397 18 197.23607427055703 126.22015915119363 96.23076923076923
419 1397 13 197.13197969543145 127.49238578680202 98.36040609137055
1687 1395 40 197.10652537646405 126.4807585052984 96.03123257110988
1859 1393 16 198.39432176656152 128.48895899053628 98.29968454258675
1966 1392 33 231.44630071599047 155.50198886237072 110.17740652346858
1448 1392 20 119.45578231292518 161.03401360544217 138.79138321995464
675 1392 16 233.22082018927443 157.45110410094637 112.11041009463722
1621 1384 18 197.6021220159151 127.77984084880636 97.83289124668434
1004 1382 17 235.22397476340694 157.84227129337538 111.0788643533123
1550 1381 37 138.21951219512195 179.85893210283453 129.5306526038233
1141 1378 23 236.92169657422514 159.82544861337684 112.34420880913541
791 1375 12 141.8523489932886 180.33557046979865 132.2214765100671
852 1375 36 117.35464733025708 158.28609096901778 136.64139749505603
1273 1374 22 235.85444234404537 158.64461247637053 111.531190926276
394 1374 14 233.23350253807104 156.51269035532994 111.44162436548223
1314 1372 12 198.8993288590604 130.50335570469798 99.79194630872483
2017 1371 13 196.14213197969542 128.12690355329948 99.43147208121826
1377 1369 44 197.51909476661953 126.65535124941066 95.75813295615276
1793 1360 51 232.93268910363213 156.34955014995003 109.95968010663113
730 1359 42 234.3131055583886 157.32381438041816 110.71800101988782
503 1359 17 197.98422712933754 127.48264984227129 97.33438485804416
910 1355 13 120.8223350253807 160.87817258883248 138.88324873096445
2085 1350 51 194.82272575808065 124.47184271909364 95.1526157947351
1067 1347 49 235.1932293647775 158.19208824648155 110.86496766831495
654 1346 25 232.81241184767276 174.950634696756 123.50211565585332
1893 1343 37 232.67172050098878 156.5609756097561 110.31773236651284
444 1341 36 231.9663810151615 173.2359920896506 122.3071852340145
1710 1340 16 232.65615141955834 174.62145110410094 124.29022082018928
1139 1337 11 234.23489932885906 177.95302013422818 127.71140939597315
965 1335 33 234.39459029435164 176.03341288782818 123.88305489260144
2000 1332 24 230.88580750407831 173.55301794453507 123.36215334420882
576 1330 49 232.53328261696464 155.83567896538608 110.00152149106124
1952 1328 16 195.5867507886435 126.75078864353311 97.94006309148264
1206 1327 45 197.34381826124945 126.88466579292268 95.58934032328528
1480 1321 49 117.79041460631419 159.3651578546976 137.3381513883606
1631 1320 42 233.02498725140237 174.51249362570118 123.02396736359002
343 1317 50 197.76852180077987 127.25771003190358 96.4849344204183
1561 1314 23 119.15008156606852 160.40783034257748 138.42903752039152
1302 1314 36 234.16479894528672 175.59723137771917 123.46275543836518
802 1312 31 233.3941541186891 175.79007971656333 124.0814880425155
499 1307 20 231.88662131519274 172.75283446712018 122.0952380952381
637 1302 11 231.78523489932886 176.5704697986577 127.51677852348993
750 1291 18 234.50928381962862 158.55172413793102 112.11671087533156
1389 1289 35 234.30662782228697 176.1988346686089 124.02913328477787
1256 1290 9 232.06172839506172 177.72839506172838 129.82716049382717
1018 1287 17 235.02523659305993 178.13249211356467 125.97160883280756
2134 1285 21 229.9092627599244 172.25708884688092 123.15689981096409
2097 1282 12 230.38926174496643 174.59731543624162 125.88590604026845
884 1281 49 198.7675922403956 127.83073411943705 96.46633701027007
1132 1279 35 198.5010924981792 128.23452294246178 96.6190823015295
1776 1276 21 198.02268431001892 127.76937618147448 97.13421550094519
684 1277 36 199.24917600527354 128.89518787079763 97.16150296638101
1707 1270 41 197.9265680775115 127.3697093319735 96.31361550229475
973 1270 22 234.55009451795843 158.35160680529302 111.18336483931948
1847 1265 42 232.1065782763896 174.01427842937278 122.95104538500766
2037 1264 41 195.6068332483427 125.53595104538502 95.62876083630802
1192 1264 15 233.22529644268772 176.49407114624503 125.13043478260869
1945 1263 44 195.86044318717586 125.92786421499292 95.78830740216878
448 1259 38 197.1318814277072 126.63762855414399 96.1415607985481
1273 1254 13 197.54822335025378 130.18781725888323 100.59390862944161
1230 1254 19 197.16710875331563 128.6127320954907 97.6498673740053
1488 1253 12 138.80536912751677 179.14093959731542 130.33557046979865
1612 1253 20 234.42857142857144 158.24716553287982 111.68480725623583
820 1251 19 234.85676392572944 158.342175066313 111.83554376657824
386 1249 19 197.25994694960212 127.31564986737399 97.62864721485411
531 1244 35 196.65914056809908 126.98179169701385 96.18936635105608
1542 1243 34 138.93953858393 181.24741447891807 130.7573587907717
614 1241 37 231.72050098879365 174.0349373764008 123.04614370468028
940 1239 12 233.28859060402684 159.6711409395973 114.53020134228187
1437 1239 33 137.27844073190136 179.82259347653144 129.51630867143993
678 1226 10 232.52212389380531 178.4513274336283 128.61061946902655
1130 1225 14 233.6700507614213 176.85279187817258 125.12690355329948
1060 1225 45 197.6592398427261 128.2083879423329 96.7308868501529
864 1224 12 234.6979865771812 161.19463087248323 114.39597315436241
1655 1224 26 233.72647427854452 156.85319949811793 110.73902132998745
1332 1223 43 234.97784064120697 158.38708156529938 111.3993399339934
2115 1222 37 229.2748846407383 171.75675675675674 122.56163480553724
1285 1221 9 229.12345679012344 157.96296296296296 113.18518518518518
752 1221 40 198.20356943669827 128.02732849972114 96.77914110429448
1267 1219 17 232.78548895899053 157.8832807570978 111.198738170347
1394 1218 12 233.18120805369128 161.11409395973155 115.75838926174497
1494 1216 16 117.70977917981072 157.62460567823342 136.08201892744478
1715 1213 14 233.0406091370558 156.41116751269035 111.31472081218273
1777 1211 42 233.44263131055584 156.75012748597655 110.46557878633351
975 1209 31 233.14437555358725 176.0947741364039 123.8281665190434
2057 1208 14 230.15736040609136 155.07614213197968 111.0203045685279
418 1207 16 230.65930599369085 154.67192429022083 110.08201892744479
1841 1204 12 232.3288590604027 176.56375838926175 127.00671140939598
331 1203 47 232.88503872808806 175.18385650224215 123.96208724011414
905 1199 24 199.85318107667212 130.05220228384994 97.85318107667212
1954 1196 10 229.86725663716814 175.61061946902655 128.46902654867256
2001 1195 30 195.26263627353816 125.44697720515362 96.06640237859267
1193 1190 49 233.72917459109928 176.7074933434766 124.36744009128947
490 1187 30 234.03072348860258 157.88999008919723 110.81268582755203
1900 1186 34 196.22275258552108 126.02625298329356 96.52983293556086
1392 1186 12 121.67114093959731 161.37583892617448 139.38255033557047
1117 1183 19 234.48010610079575 159.19628647214853 111.91246684350132
1512 1180 20 136.67120181405895 178.53968253968253 129.08843537414967
689 1179 28 233.30743618201998 157.6126526082131 111.21642619311876
633 1179 14 197.9746192893401 129.91878172588832 99.53807106598984
1274 1171 24 234.23164763458402 177.20554649265907 124.68189233278956
1019 1171 16 232.90536277602524 176.62145110410094 124.81072555205047
832 1166 44 234.22913719943423 177.44271570014143 124.75907590759076
573 1165 45 233.82961992136305 158.00174748798602 110.96068152031455
1318 1159 14 197.18781725888323 129.6497461928934 98.82233502538071
1446 1158 40 117.83547127718907 159.83100948131624 137.55660903513666
975 1158 11 231.98657718120805 178.46979865771812 128.60402684563758
1362 1158 20 118.32879818594104 159.6984126984127 137.687074829932
1841 1155 27 233.19949811794226 157.0552070263488 111.05771643663738
1695 1154 42 233.1529831718511 174.40795512493628 123.19683834778175
1594 1152 51 199.25691436187938 128.03132289236922 96.31189603465512
2142 1152 22 194.5141776937618 126.02079395085066 96.83175803402646
1072 1147 30 116.73240832507433 159.97522299306243 136.81565906838455
751 1147 25 196.58533145275035 127.9181946403385 96.95204513399153
418 1147 34 232.1161495624503 173.86793953858393 123.0461416070008
925 1142 29 198.67813540510545 129.29078801331855 97.2330743618202
2072 1141 43 232.07449316360209 156.57944365865157 110.70721357850071
1126 1140 19 136.55968169761272 180.3474801061008 129.23872679045093
472 1137 10 194.61946902654867 130.5486725663717 102.94690265486726
1779 1135 19 198.54641909814322 129.3289124668435 99.03183023872678
306 1136 20 231.61904761904762 155.97052154195012 110.84580498866214
642 1134 19 231.40583554376656 174.9920424403183 123.87267904509284
1890 1131 20 233.9637188208617 158.4625850340136 111.87528344671202
1242 1127 20 137.12244897959184 181.42403628117916 129.73696145124717
1967 1121 47 230.82022013860578 172.98328577252343 122.66449245821443
2141 1114 13 229.09644670050758 173.83756345177665 126.27918781725887
1381 1113 25 137.9774330042313 181.30042313117065 130.34273624823695
1514 1110 31 198.3790965456156 128.33658104517272 96.74224977856511
1096 1111 11 139.08724832214764 182.40268456375838 131.43624161073825
878 1107 21 198.49338374291116 129.99432892249527 98.26275992438563
1004 1106 38 235.08045977011497 160.0883242589232 111.79189352692076
1307 1105 38 137.38959467634604 181.53357531760437 129.98124621899578
505 1101 30 196.96927651139742 127.64717542120911 96.91674925668978
699 1101 40 198.67094255437814 129.40769659788066 97.39375348577803
353 1100 35 197.2083029861617 127.13692643845594 96.52949745083758
1780 1099 10 197.90265486725664 131.36283185840708 102.39823008849558
1192 1098 32 116.86448184233835 160.33215234720993 137.0
1431 1097 14 120.43147208121826 161.9492385786802 139.35025380710658
553 1096 10 230.9646017699115 176.53982300884957 127.58407079646018
1467 1095 14 234.4670050761421 160.13197969543145 114.31979695431471
1138 1093 13 119.58883248730963 162.3197969543147 139.2741116751269
1902 1090 13 231.35025380710658 175.59390862944161 126.23857868020303
937 1088 24 233.54649265905385 158.60195758564439 111.56933115823817
1064 1086 20 214.32199546485262 146.65532879818593 123.6575963718821
303 1078 14 231.39086294416242 174.87817258883248 124.83248730964466
1254 1077 23 117.70146818923328 161.0146818923328 137.79282218597064
1837 1075 44 232.52616690240453 156.11504007543613 110.14191419141915
797 1070 48 234.45910992772917 159.30886268543173 111.2354507417269
1734 1068 39 198.81125226860254 128.4258923169994 97.15728977616456
1648 1068 42 233.83069862315148 156.96328403875575 110.54563997960226
2042 1063 25 196.05077574047954 126.86459802538786 96.92947813822285
1565 1062 29 233.4173140954495 175.47946725860155 123.77025527192009
1366 1061 26 154.79297365119197 155.63613550815558 108.22584692597239
608 1059 50 196.74902516838 127.60864941510103 96.5246366536689
2115 1059 36 194.7422544495715 125.8417930125247 96.31509558338826
439 1056 46 232.66163880962088 156.63514064410924 110.29025682837342
1422 1054 19 232.84084880636604 175.72148541114058 124.14323607427055
887 1050 34 234.02545743834528 158.92840095465394 111.33492442322992
1209 1047 18 146.53050397877982 149.26790450928382 108.77984084880636
685 1044 15 231.197628458498 175.8814229249012 124.37154150197628
1918 1043 32 232.02834366696192 175.14437555358725 124.24357838795395
1494 1037 43 233.53182461103253 157.3121169259783 110.66478076379066
520 1036 31 232.61116031886627 175.4295837023915 123.49424269264837
1986 1033 28 193.49056603773585 124.73806881243064 95.42175360710323
727 1032 18 233.3474801061008 177.48275862068965 125.03448275862068
1253 1031 14 154.21827411167513 155.0456852791878 108.44670050761421
1777 1028 14 233.20304568527916 177.35025380710658 126.80710659898476
1396 1027 8 147.93827160493825 147.82716049382717 111.1358024691358
1043 1026 33 198.44152744630074 130.6555290373906 98.47096260938744
1131 1025 45 191.61904761904762 117.90694626474443 107.80690257754478
1304 1024 33 181.72076372315036 178.618138424821 121.98886237072395
967 1024 36 233.5108767303889 177.91166776532629 125.02241265655898
329 1021 41 196.39673635900053 126.5155532891382 96.00407955124936
1559 1012 10 233.3362831858407 161.89380530973452 117.49557522123894
1428 1006 16 184.2365930599369 179.60883280757096 123.13880126182966
2054 1006 34 229.69291964996023 172.9777247414479 122.74940334128878
1201 996 17 196.50157728706623 130.50157728706625 99.60567823343848
2119 995 23 195.87928221859707 128.17292006525287 97.98531810766721
1876 995 17 196.13880126182966 127.6372239747634 98.18296529968454
1615 993 33 233.31821797931585 175.4136833731106 123.82657120127288
1994 988 17 231.46372239747635 157.2365930599369 111.35015772870662
762 987 29 233.08435072142063 158.66259711431744 111.40066592674806
805 984 10 231.47787610619469 178.80530973451326 128.99115044247787
683 984 33 232.60143198090694 177.170246618934 124.84884645982498
623 983 15 231.96047430830038 176.33201581027666 124.77075098814228
1369 983 37 143.39156229400132 145.98945286750163 105.40738299274884
401 982 28 198.15649278579357 129.28634850166483 98.59156492785793
1709 977 49 232.29821224800304 174.73411943704832 123.42373526055535
569 978 31 233.35163861824626 157.9078830823738 111.22409211691763
855 976 31 197.01860053144375 128.69973427812224 96.87511071744908
1074 974 19 232.946949602122 177.84084880636604 125.41909814323607
1021 974 20 233.859410430839 179.3106575963719 126.85034013605443
917 972 24 197.63458401305058 129.74551386623165 97.8515497553018
1812 971 41 196.55940846506886 127.02090770015299 96.47832738398776
482 970 40 231.79587283881764 174.41773563859454 122.84551031790296
1546 966 25 198.53737658674189 128.93935119887163 97.9802538787024
1175 966 18 214.9336870026525 147.19893899204243 124.13262599469495
1936 961 39 232.39261947973384 157.66303690260133 111.13974591651544
1320 960 9 232.23456790123456 179.41975308641975 129.03703703703704
1470 951 50 155.27862460120525 155.67954626019142 108.01878766394896
1253 950 45 196.6518130187855 128.6867627785059 96.69986893840105
1124 949 25 215.83215796897036 147.8660084626234 124.35684062059238
725 943 14 198.20812182741116 130.0456852791878 98.77664974619289
2097 942 33 230.08750994431188 155.9474940334129 110.84884645982498
1582 938 12 234.63087248322148 180.13422818791946 129.6711409395973
2022 938 31 230.68467670504873 174.71213463241807 124.21877767936228
1869 935 18 230.6286472148541 174.16710875331563 124.02122015915118
964 936 33 197.4359586316627 129.618138424821 97.43754972155928
349 936 38 233.25529340592863 157.85904416212946 111.26436781609196
1393 927 12 183.46979865771812 179.50335570469798 124.24161073825503
418 923 28 196.6992230854606 127.819089900111 97.57602663706993
1541 918 21 182.0586011342155 176.7296786389414 121.9054820415879
1973 917 14 231.59898477157358 157.48730964467003 112.21827411167511
1631 916 33 199.4343675417661 129.9769291964996 98.06284805091488
1762 914 19 196.06631299734747 127.62334217506631 97.48806366047745
618 914 42 197.6053034166242 128.74859765425805 97.54411014788374
1341 912 30 233.74231912784936 159.10901883052526 111.86620416253716
1180 910 33 191.71280827366746 118.51153540175021 108.33810660302308
795 910 44 232.7190004714757 176.9104196133899 124.13295615275813
534 910 32 198.25066430469442 128.87068201948628 97.71567759078832
888 907 40 198.4037925264919 129.86670384829895 97.25878416062466
1693 903 17 232.85173501577287 158.44479495268138 112.06309148264984
711 900 27 233.51191969887074 158.8431618569636 111.82308657465495
1051 899 49 233.83111449220237 159.4366679345759 111.64701407379232
2058 898 17 232.5930599369085 159.596214511041 113.52365930599369
1818 897 31 233.05403011514616 157.99734278122233 111.52170062001773
1290 893 12 232.6241610738255 178.70469798657717 127.38255033557047
1512 891 16 154.53627760252365 154.9116719242902 108.85173501577287
1123 886 17 187.41324921135646 116.30599369085174 106.78548895899053
1447 884 9 150.06172839506172 150.33333333333331 113.91358024691357
476 884 27 232.74027603513173 157.6461731493099 111.35633626097867
572 874 11 232.1744966442953 161.04697986577182 116.28859060402684
1250 872 29 234.02663706992232 160.01664816870144 111.86015538290788
1398 864 33 198.673031026253 129.69371519490852 97.63882259347653
1579 864 38 144.0883242589232 145.9274047186933 106.13248638838476
1904 862 51 197.28123958680442 128.05764745084971 97.08430523158947
967 862 31 231.93976970770595 176.83613817537645 124.23294951284323
2001 860 37 195.80883322346736 126.86288727752141 96.86552406064601
1659 857 22 197.69376181474482 128.99054820415878 98.14933837429112
1192 857 14 136.0659898477157 180.82741116751268 129.1776649746193
1738 854 44 233.03111739745404 176.45497406883544 124.75058934464874
1522 854 12 148.70469798657717 150.18120805369128 110.64429530201342
920 854 11 232.2013422818792 161.6711409395973 116.51677852348993
1160 852 15 117.1699604743083 160.90118577075097 137.11067193675888
657 850 27 197.57214554579673 129.7578419071518 98.68632371392722
381 848 47 231.99877700774562 175.75540154912352 124.0770485120261
1474 846 24 182.96084828711258 179.06688417618273 122.61663947797717
2073 844 25 193.72496473906912 126.10014104372355 97.21015514809591
1322 838 39 233.59830611010287 178.53539019963705 125.42831215970963
805 837 17 198.70031545741324 131.35015772870662 99.52365930599369
525 837 32 233.54561558901685 158.87865367581932 111.6058458813109
1823 831 29 231.93007769145393 176.14206437291898 124.89234184239734
729 828 42 198.2376338602754 129.81387047424784 97.97960224375319
593 828 32 196.44641275465014 128.3852967227635 97.29849424269266
1256 826 18 155.52254641909815 157.3023872679045 108.6604774535809
1022 827 21 233.3780718336484 179.49716446124765 126.40642722117202
871 826 33 233.4749403341289 178.51392203659506 125.25536992840097
1444 823 13 233.3705583756345 160.65989847715736 113.81725888324873
453 822 20 195.09750566893425 128.0997732426304 97.8639455782313
1095 819 42 181.85262621111679 180.40948495665478 121.44059153493116
1636 818 16 195.53312302839117 128.06309148264984 98.5141955835962
1677 817 11 233.1208053691275 179.01342281879195 128.65771812080536
1968 809 19 197.04244031830237 129.04244031830237 98.06366047745358
975 809 14 197.37563451776649 131.5482233502538 100.19289340101523
936 802 24 233.09461663947798 158.76019575856444 111.28058727569332
1529 801 37 154.84047462096242 155.6789716545814 108.83256427158865
648 798 20 232.26984126984127 177.3922902494331 125.48526077097506
553 797 11 232.58389261744966 179.93288590604027 129.16107382550337
1396 792 36 234.96110744891232 160.49967040210942 112.524719841793
1909 791 17 231.43217665615143 158.5993690851735 112.84542586750788
1194 792 42 115.89393166751658 160.59306476287608 136.63895971443142
1045 789 16 232.0725552050473 159.72555205047317 112.78864353312302
2035 781 44 230.06364922206507 175.2098066949552 124.6006600660066
1463 779 20 233.1156462585034 177.89342403628117 125.99092970521542
1602 777 33 183.64757358790771 179.18695306284806 122.43834526650757
1273 774 20 232.86167800453515 179.13378684807256 126.140589569161
1774 774 28 196.37513873473918 128.00110987791342 97.44062153163152
809 773 38 234.6346037507562 160.04779189352692 111.70840895341804
511 772 21 194.72211720226844 127.62192816635161 97.25330812854443
385 768 21 196.23062381852552 129.31947069943288 99.0850661625709
1326 768 21 197.0302457466919 129.703213610586 98.14744801512288
452 762 31 230.81399468556245 175.14171833480958 123.6563330380868
1956 760 29 231.05771365149835 176.3163152053274 125.01886792452831
1127 756 23 144.71615008156607 149.1109298531811 106.82707993474715
739 755 20 232.72562358276645 177.24263038548753 125.34467120181407
1846 753 40 196.22532069157836 127.4026770775237 96.62242052426102
898 751 32 234.46147032772365 160.60407440212578 112.27812223206378
1694 749 50 234.25735554767812 159.10953562566465 111.51683800070897
683 748 29 233.82796892341844 159.55715871254162 111.93673695893452
1558 748 13 149.9035532994924 150.87817258883248 111.87817258883248
980 745 42 196.39469658337583 129.07343192248854 97.01274859765427
591 743 47 232.512841418671 177.1871178149205 124.65103954341622
1491 739 14 138.0456852791878 180.58883248730962 130.13197969543145
1066 737 35 144.85360524399127 149.35979606700656 107.34595775673708
1226 737 15 136.17391304347825 180.9407114624506 129.67193675889328
1366 734 19 190.87533156498674 118.13793103448275 108.10875331564986
1326 732 13 233.57868020304568 161.20304568527916 114.01522842639594
1187 729 17 135.28706624605678 181.58359621451103 128.81703470031545
1790 726 22 231.86200378071834 176.20982986767487 125.0226843100189
514 724 23 234.28711256117455 160.50081566068516 112.77977161500816
418 719 18 231.0053050397878 158.17506631299733 112.33421750663129
1277 719 25 215.51057827926658 148.89280677009873 124.88152327221438
1438 716 41 217.35441101478838 149.1601223865375 125.30239673635901
1617 709 28 117.35738068812431 158.99778024417316 136.72031076581575
1999 706 32 231.392382639504 158.80690876882198 112.68910540301152
860 699 17 197.50473186119874 131.4353312302839 99.99369085173501
805 697 29 198.59711431742508 130.8568257491676 98.86348501664817
1139 691 39 154.26013309134908 157.61343012704177 108.09921355111919
1916 690 45 232.47182175622544 158.6771515945828 111.93184796854521
658 688 25 233.60084626234132 159.7700987306065 112.53878702397743
684 687 11 202.1744966442953 139.6979865771812 103.3758389261745
1538 685 42 116.4125446200918 158.56552779194288 136.16471188169302
1830 684 28 230.89012208657047 175.65704772475027 124.84905660377359
728 683 43 197.3946251768034 129.68081093823668 97.83262611975483
1076 680 17 154.62776025236593 157.38170347003154 108.83280757097792
1749 679 32 233.37112488928256 158.79716563330382 111.67139061116032
534 675 22 197.12665406427223 130.40642722117204 99.0132325141777
1343 671 44 189.27109853842526 116.2918434700613 106.6897689768977
927 668 45 233.173001310616 178.98907820008736 125.89951944080384
456 668 44 197.41537010843942 129.8095238095238 98.46016030174447
1282 668 9 215.19753086419752 151.37037037037035 128.1851851851852
1011 666 34 196.72951471758157 129.68496420047734 97.763723150358
1227 664 39 215.84875983061102 149.56382335148217 125.11615245009075
1669 657 35 188.99126001456665 115.59941733430445 106.88929351784414
1417 650 19 214.86206896551724 148.73209549071618 125.02122015915118
1438 649 8 158.86419753086417 151.72839506172838 119.02469135802468
1463 649 23 139.8352365415987 184.8221859706362 131.96247960848288
844 644 26 199.97365119196988 132.6775407779172 99.7603513174404
671 642 20 233.28798185941045 159.45578231292518 112.24716553287982
1588 639 20 137.6984126984127 181.6235827664399 130.80725623582768
1974 637 21 196.72400756143668 129.69376181474482 99.34782608695653
602 637 42 233.40030596634372 159.60887302396736 111.9296277409485
1719 635 11 216.51677852348993 150.4429530201342 127.496644295302
1284 629 18 189.11936339522546 117.42970822281167 107.79575596816976
1794 628 19 196.75066312997347 129.47214854111405 98.89389920424402
791 625 29 234.3906770255272 160.13651498335184 112.14095449500554
1170 620 25 182.93370944992947 181.61777150916785 122.31734837799718
1852 617 27 196.40150564617315 129.52823086574654 98.29736511919698
1107 616 24 183.19086460032628 182.0130505709625 122.605220228385
1626 615 10 232.53982300884957 162.97345132743362 118.90265486725663
1395 612 26 154.21329987452947 156.64868255959848 108.17063989962358
1051 612 26 232.96361355081555 179.69510664993726 126.47553324968631
1540 610 27 182.97867001254704 180.38268506900877 123.01631116687578
712 609 24 233.1778140293638 178.78955954323 125.90538336052202
986 603 25 199.63751763046545 132.3906911142454 99.42454160789845
1925 599 37 230.92353328938694 176.93671720500987 126.00329597890573
517 592 41 231.8041815400306 177.72412034676188 125.4589495155533
906 589 21 199.19470699432893 132.0945179584121 100.26275992438563
1323 586 35 145.35032774945375 149.52367079388202 107.61981063364895
1143 587 11 147.3489932885906 150.61073825503357 111.53691275167785
1246 585 37 154.08239947264337 157.10019775873434 108.17864205669083
1751 581 42 231.6119326874044 176.71596124426316 125.16114227434983
1819 580 16 197.4416403785489 130.99053627760253 100.65299684542586
1594 578 20 232.0385487528345 178.0907029478458 126.60544217687075
1860 576 13 230.41116751269033 178.16751269035532 128.43147208121826
1462 574 44 144.90287600188591 148.3969825553984 107.28099952852428
847 570 40 233.5147796988288 179.2844394868935 126.1829336307864
1659 570 36 196.88332234673697 129.23335530652602 98.29795649307843
645 569 30 197.94152626362734 130.53518334985134 99.0009910802775
587 566 22 232.1077504725898 178.53686200378073 126.43856332703214
1029 562 19 232.75331564986737 179.51458885941645 126.60212201591511
1541 559 13 231.1725888324873 177.96446700507613 127.1472081218274
1179 559 23 145.7194127243067 149.8825448613377 107.7536704730832
1387 545 28 182.39955604883463 180.7480577136515 122.04439511653719
757 544 45 234.4429882044561 160.45478374836173 112.34469200524246
1889 542 24 232.6068515497553 160.42903752039152 113.71615008156607
1612 538 14 233.01015228426394 160.80710659898475 114.16751269035532
959 536 44 233.57567185289957 159.97359735973598 111.76661951909476
1339 531 15 185.61264822134387 183.9288537549407 124.0197628458498
1107 530 49 234.56104982883227 161.32331685051352 112.5507797641689
1293 529 17 146.07570977917982 150.1608832807571 108.89905362776025
547 528 18 196.67639257294428 130.18302387267903 99.57294429708222
1826 527 34 232.01352426412095 159.2752585521082 112.34844868735084
685 523 19 233.14588859416443 160.06100795755967 112.9920424403183
1712 521 18 231.44562334217505 179.0 128.06100795755967
1436 519 10 231.28318584070797 162.0 117.13274336283186
1760 517 12 230.75838926174495 160.58389261744966 115.59731543624162
1030 515 22 234.15122873345936 161.33081285444234 113.45557655954632
816 510 18 200.02387267904507 132.24403183023873 99.38726790450927
1248 504 20 197.46485260770976 131.43310657596373 99.843537414966
1186 497 26 233.26850690087826 179.92848180677538 127.0138017565872
1653 497 38 232.94615849969753 159.61222020568664 112.45311554748942
1469 495 18 199.04509283819627 132.3183023872679 100.47480106100795
610 493 43 199.22772277227722 131.52899575671853 99.5030645921735
878 491 32 198.80690876882198 131.20903454384413 99.05403011514615
1552 487 47 197.24011414594375 129.78312270688951 98.08968609865471
1244 482 10 180.93805309734512 121.30973451327434 92.4424778761062
1832 473 16 230.48580441640377 159.12933753943219 113.0788643533123
1702 472 11 196.46308724832215 132.248322147651 102.60402684563758
1406 471 29 197.35183129855716 130.6237513873474 98.40177580466148
1332 469 35 232.35833940276768 179.47705753823743 126.70721048798252
795 467 32 235.33658104517272 161.81222320637733 113.3303808680248
1045 465 18 199.64456233421748 132.80371352785144 100.9575596816976
936 464 21 233.90737240075615 180.89035916824196 127.9187145557656
989 458 29 199.84794672586017 132.82574916759157 99.73362930077691
1760 446 48 196.93267402054013 129.55192088246483 98.51578546976037
701 446 47 233.18956379942927 179.2503057480636 126.63554830819405
1478 440 30 233.1219028741328 180.51337958374629 127.49256689791873
852 440 18 234.6180371352785 182.11140583554376 129.05570291777187
1167 437 17 233.8832807570978 181.4416403785489 129.05047318611986
1106 437 35 232.93954843408596 179.70575382374363 126.88419519300801
1616 430 27 231.44040150564615 159.36762860727728 113.02634880803011
1237 431 50 198.65934065934067 131.11449840482098 98.59872385678837
894 428 16 198.08832807570977 132.50157728706625 100.26182965299684
1684 426 24 197.74877650897227 131.13213703099512 99.47145187601959
1526 422 11 198.31543624161074 134.04697986577182 103.63758389261744
1034 418 18 199.3846153846154 132.9522546419098 100.9867374005305
772 414 17 233.64984227129338 181.006309148265 128.37539432176655
812 411 16 200.57728706624604 134.0 101.5615141955836
1313 409 14 232.41624365482232 179.9238578680203 127.89847715736039
1493 391 15 232.99604743083003 161.3794466403162 114.9288537549407
1390 390 49 233.68581209585395 160.79345758843667 112.72461011791556
961 390 45 234.8361730013106 161.63040629095676 113.11402359108781
1716 384 19 198.74005305039788 131.9681697612732 100.11671087533156
862 378 37 200.19841793012523 132.61371127224785 99.88859591298615
739 377 19 198.3342175066313 131.9496021220159 100.57294429708222
1165 373 38 235.03387779794315 161.96370235934666 113.39322444041139
1557 372 42 232.21060683324836 178.9454360020398 126.83477817440082
1098 371 22 234.36105860113423 161.29111531190927 113.4820415879017
1033 369 23 198.8809135399674 131.84013050570962 99.80424143556282
1654 364 41 231.3166751657318 178.13309535951046 126.60122386537482
1297 361 27 234.31367628607276 161.37264742785445 113.52572145545795
797 358 31 234.06820194862712 181.12311780336583 128.31000885739593
1231 342 28 234.00887902330743 181.330743618202 128.20754716981133
1334 328 16 199.5552050473186 133.6782334384858 102.22397476340694
1460 324 39 198.92075015124018 131.8118572292801 99.49546279491834
1124 323 23 235.68841761827082 163.1778140293638 114.43230016313214
1607 322 16 233.14826498422713 162.42586750788644 115.55205047318611
849 322 20 234.79138321995467 162.35374149659864 114.60090702947846
975 321 18 233.71352785145888 160.946949602122 113.28647214854111
1574 310 10 231.7787610619469 162.4867256637168 117.50442477876106
913 309 36 233.708635464733 181.24653922214895 128.33091628213577
1384 305 28 232.669256381798 180.40288568257492 127.85571587125416
1524 295 22 198.37618147448015 131.81285444234405 100.47637051039698
1038 290 50 200.08543069833394 132.78730946472882 99.8840836582772
1114 281 12 232.01342281879195 181.55704697986576 130.30872483221475
969 277 16 233.77602523659306 182.2365930599369 130.50473186119874
1484 271 11 231.6241610738255 180.9798657718121 130.83221476510067
1284 269 48 200.2434385697984 132.847850893876 100.24800304298212
1427 268 18 232.67108753315648 180.43501326259945 128.77984084880637
1184 268 48 233.41308482312667 180.68695321414987 127.96576645112211
1355 247 21 199.75425330812854 133.58601134215502 101.55576559546314
1112 245 16 233.71293375394322 182.08832807570977 129.85804416403786
