1177 2322 3 157.84615384615387 154.15384615384616 152.76923076923077
1239 2114 18 226.9283819628647 167.02917771883287 118.05039787798408
1187 2109 24 230.15334420880916 153.3393148450245 108.18270799347472
1117 2107 34 226.75417661097853 166.1622911694511 116.98806682577566
1048 2098 28 230.1798002219756 153.8723640399556 108.41176470588236
1361 2096 21 230.09262759924385 153.19281663516068 108.3875236294896
1296 2095 33 226.54097056483693 165.44391408114558 116.73985680190931
1417 2095 28 230.47946725860155 153.26082130965594 108.30188679245283
972 2078 39 189.23956442831218 119.68602540834847 90.82093163944344
1079 2050 22 230.69187145557657 153.88846880907371 108.40831758034027
1559 2049 19 226.67904509283818 165.86472148541114 117.52519893899203
1408 2047 15 225.32015810276678 164.5889328063241 117.59288537549406
1363 2044 23 230.77814029363785 153.56769983686786 108.61500815660686
883 2044 49 230.56751616584253 154.20616203879803 108.22860403195132
1482 2041 48 225.82236591860024 164.5439330543933 116.20007607455307
1024 2040 21 225.07750472589794 164.18336483931947 115.50094517958412
809 2039 16 228.32807570977917 153.21766561514195 109.50788643533123
1222 2035 48 190.68999619627235 120.47318372004565 91.40205401293268
1136 2030 28 231.12430632630412 154.1687014428413 108.49389567147614
1303 2018 29 226.0865704772475 165.2253052164262 117.33185349611543
1584 2007 16 229.73501577287067 152.62460567823342 109.15457413249212
763 2007 27 225.1392722710163 164.7590966122961 116.29109159347553
1643 2004 35 230.33430444282595 152.88929351784415 108.21121631463949
1407 1996 25 194.0098730606488 122.99153737658673 93.52045133991537
971 1992 44 225.63696369636963 164.55351249410654 115.83828382838284
817 1992 19 192.65782493368698 122.6445623342175 93.76127320954906
1357 1991 18 193.3395225464191 123.84350132625994 95.91511936339522
1539 1989 15 191.15019762845847 121.58893280632411 94.26086956521739
1063 1980 39 191.95039322444043 121.62250453720509 92.2831215970962
1710 1976 18 189.9177718832891 120.36339522546419 93.16180371352785
901 1975 13 226.56345177664974 167.1218274111675 119.03045685279187
703 1976 32 228.17626217891942 152.08237378210808 107.74047829937999
1132 1972 24 194.38499184339315 123.70146818923328 93.92985318107668
1446 1967 18 192.21485411140583 121.6737400530504 93.39522546419097
1264 1968 19 230.51458885941642 153.6419098143236 108.45623342175065
1322 1954 24 192.10114192495922 121.60848287112562 92.88743882544861
1196 1950 37 228.09624258404745 167.3829927488464 117.39881344759392
1640 1948 13 226.62944162436546 167.1979695431472 119.497461928934
1581 1948 38 227.65456745311556 166.3629764065336 117.2474289171204
849 1945 32 191.10008857395925 120.84233835252437 91.98228520814881
1385 1944 24 228.9200652528548 167.79934747145188 118.78466557911909
1756 1934 26 193.0426599749059 122.4228356336261 93.58720200752822
768 1934 37 224.86750164798943 164.0520764667106 115.58932102834541
1499 1932 38 192.87598306110104 121.80580762250455 92.8076225045372
640 1930 29 223.6836847946726 163.19422863485016 115.63485016648168
1018 1929 18 193.2705570291777 123.48275862068965 94.57294429708222
917 1929 23 231.1141924959217 153.92169657422514 108.4584013050571
1690 1922 34 227.1296738265712 166.2068416865553 117.40970564836914
1110 1922 23 226.2920065252855 165.41272430668843 116.24306688417619
972 1916 17 191.97476340694007 121.94321766561514 93.54574132492114
1435 1914 19 233.3315649867374 156.43501326259945 110.38461538461537
1636 1908 16 191.48895899053628 122.47634069400631 94.1198738170347
1058 1906 20 192.1609977324263 122.55328798185941 93.30839002267574
702 1904 24 229.30342577487767 151.8694942903752 107.45513866231649
1274 1903 39 231.8971566848155 154.61101028433154 108.7350272232305
1384 1896 17 227.7539432176656 166.7160883280757 118.09779179810725
877 1893 17 190.57097791798105 120.89274447949526 92.28706624605678
1342 1892 21 232.67863894139887 156.13232514177693 109.6124763705104
1155 1892 18 231.84615384615384 155.06631299734747 110.03448275862068
828 1889 21 225.6578449905482 164.41209829867677 115.78638941398866
1803 1886 31 225.06465899025687 164.43224092116918 116.41364038972543
1209 1885 17 195.50157728706623 124.93375394321767 95.07255520504732
1739 1881 21 193.69943289224952 123.59546313799622 93.92438563327032
1007 1881 23 226.0652528548124 164.9200652528548 116.74877650897227
1468 1879 15 192.8577075098814 122.90513833992094 94.91304347826086
742 1878 12 230.06040268456374 155.49664429530202 111.45637583892618
1535 1876 23 231.89559543230018 154.89559543230018 109.58401305057097
934 1876 23 226.33278955954324 166.49429037520392 117.56443719412725
1664 1868 14 227.26395939086294 167.0203045685279 118.746192893401
666 1866 16 193.4353312302839 124.28075709779179 95.4794952681388
1706 1864 14 230.35532994923855 154.82741116751268 111.28426395939086
1601 1863 34 231.4884645982498 154.22991249005568 108.527446300716
595 1863 44 225.04431871758604 164.6133899104196 116.32814710042433
1424 1861 26 193.69636135508154 122.80426599749057 93.38644918444164
1376 1852 15 227.699604743083 167.62055335968378 119.15019762845849
1212 1850 10 194.99115044247787 126.94690265486726 97.929203539823
1174 1850 23 193.75856443719414 122.8515497553018 92.84013050570962
710 1849 22 190.31758034026467 121.08128544423441 92.33837429111531
532 1846 11 226.248322147651 167.73154362416108 120.85906040268456
1092 1841 48 233.15024724229747 155.42487637885128 108.51388360593381
784 1842 36 230.86156888595912 153.7646671061305 108.04482531311798
1028 1838 13 192.4720812182741 123.81725888324873 95.41116751269035
1485 1837 25 227.74612129760226 166.85472496473906 118.09449929478139
532 1835 8 205.0864197530864 153.320987654321 114.35802469135803
1245 1829 21 227.82608695652175 167.13610586011342 117.88657844990549
1688 1825 19 192.85411140583554 123.25198938992042 94.27055702917771
1643 1826 16 190.40694006309147 121.8801261829653 94.53312302839116
1852 1824 35 229.2818645302258 153.25637290604516 108.3510560815732
1315 1824 40 193.79308421639712 122.42833240379254 92.98884551031792
878 1823 44 193.66478076379067 122.18576143328619 92.22347949080623
1549 1816 26 192.6449184441656 122.39899623588455 93.26976160602258
973 1817 36 192.80290046143702 121.70204350692154 92.29070533948583
1767 1814 47 226.07501019160213 165.7231960864248 117.09376273950265
729 1810 11 228.18791946308724 153.80536912751677 111.59060402684564
674 1807 33 190.6953062848051 121.02704852824185 92.02943516308672
1031 1800 17 231.82965299684543 154.6813880126183 109.05678233438485
1607 1798 23 226.89396411092986 166.5889070146819 118.23491027732464
530 1793 39 229.95583787053843 153.28614640048397 108.05807622504538
1509 1793 13 230.02538071065987 154.4213197969543 110.58883248730963
1414 1789 41 192.98878123406428 121.92095869454361 92.86537480877104
816 1785 19 191.84084880636604 121.46684350132625 92.48275862068965
1263 1776 21 195.06427221172024 124.18525519848771 94.29867674858224
1672 1776 22 229.55576559546316 153.29489603024575 108.79584120982987
1173 1775 43 228.3111739745403 167.53983969825555 117.86138613861387
1303 1770 10 230.30973451327432 171.83185840707964 124.60176991150442
1901 1768 34 225.3444709626094 166.2219570405728 118.16706443914082
1353 1769 16 184.5930599369085 110.98738170347004 103.30599369085174
1476 1767 17 226.94321766561512 166.37539432176655 118.1167192429022
476 1759 18 189.9177718832891 122.16976127320955 94.70557029177718
1714 1757 15 226.04347826086956 166.45454545454544 118.60474308300394
1072 1756 34 193.23945902943518 122.50039777247414 92.91487669053302
1005 1756 18 228.23342175066313 167.16180371352783 117.9920424403183
753 1757 44 226.2781706742103 165.46157472890147 116.91796322489392
682 1756 14 190.55837563451774 121.53299492385786 93.35532994923857
610 1755 42 229.9816420193779 152.4742478327384 107.69199388067314
1829 1751 30 192.78295341922694 122.31318136769077 92.94053518334985
943 1749 33 232.98329355608593 155.3731105807478 109.18217979315831
828 1748 18 227.79840848806364 167.18037135278513 118.12997347480105
881 1747 23 191.67862969004895 121.557911908646 93.06035889070147
1614 1746 17 230.05678233438485 153.25236593059935 109.13564668769716
1958 1737 15 225.45454545454544 166.88537549407113 119.68379446640316
1543 1735 47 230.94170403587444 153.4023644516918 108.48145128414187
1779 1734 15 225.03557312252963 166.3794466403162 119.15415019762845
1384 1728 16 129.71293375394322 167.90536277602524 123.2776025236593
1238 1725 26 179.90464240903387 173.50690087829358 120.900878293601
1475 1725 15 192.7075098814229 124.00790513833991 95.40316205533597
1930 1722 12 225.69127516778522 167.35570469798657 120.03355704697987
530 1722 26 227.70012547051442 167.84818067754077 118.55207026348808
435 1722 27 225.10915934755332 165.534504391468 117.61480552070263
1425 1719 23 143.5742251223491 143.1827079934747 104.77161500815662
687 1717 17 230.62776025236593 154.7539432176656 110.23343848580441
1125 1714 23 231.87275693311582 155.11908646003263 108.88580750407831
1739 1711 23 228.96247960848288 152.47308319738988 107.91353996737358
1665 1709 41 192.577766445691 122.0224375318715 92.47475777664458
1315 1705 42 117.05711371749108 156.62111167771545 135.41866394696584
865 1698 13 119.20812182741116 156.88832487309642 136.0710659898477
1599 1694 17 226.4794952681388 166.5552050473186 118.5205047318612
482 1695 16 192.5930599369085 122.84858044164038 94.40378548895899
992 1691 40 228.3430005577245 167.56887897378695 118.02565532626883
817 1690 29 129.11764705882354 168.02441731409544 122.43396226415095
1124 1689 7 184.97959183673467 155.22448979591834 119.97959183673468
1072 1689 27 193.3638644918444 122.93977415307401 93.11668757841906
655 1688 17 129.26498422712933 166.84227129337538 122.85488958990535
1796 1686 25 192.94358251057827 122.53032440056417 93.11424541607899
916 1683 29 129.75804661487237 168.80910099889013 123.09544950055493
1964 1683 33 228.75099443118538 153.4518695306285 109.15035799522674
1872 1682 46 192.2556053811659 122.11169995923359 92.99510803098246
1179 1681 32 145.85651018600532 145.6014171833481 105.64570416297609
1387 1675 28 117.0865704772475 156.36293007769146 135.25971143174252
1250 1672 21 164.19470699432893 160.84877126654064 113.39697542533082
590 1672 36 116.46407382992749 154.56031641397493 133.9578114700066
1123 1669 19 163.75066312997347 160.48275862068965 112.72413793103448
1464 1663 37 180.45286750164797 173.82003955174685 120.9301252471984
859 1661 17 118.80126182965299 156.84858044164037 136.13564668769715
514 1661 25 193.14950634696757 122.6755994358251 93.56981664315938
1586 1654 12 191.38926174496643 123.60402684563758 95.53691275167785
719 1654 46 116.38931920097839 153.9645332246229 133.8071748878924
1535 1650 29 145.44173140954496 144.97003329633742 106.26193118756937
1740 1648 30 225.6868186323092 165.86719524281466 117.48959365708622
1050 1643 12 195.5436241610738 126.28187919463087 96.54362416107382
651 1642 16 128.40694006309147 164.77602523659306 121.98738170347002
1681 1641 18 192.69496021220158 122.79840848806366 93.70026525198938
429 1641 48 191.782807151008 121.37010270064664 92.42031190566756
792 1639 20 117.18820861678005 154.75736961451247 134.59410430839003
928 1635 17 227.42902208201892 167.2334384858044 118.08201892744479
1086 1632 19 146.18302387267903 145.71087533156498 105.9602122015915
1934 1631 19 227.9681697612732 153.0185676392573 108.9787798408488
1625 1629 28 230.79134295227524 154.0144284128746 109.01220865704772
1155 1629 21 181.53497164461248 174.74480151228735 121.31379962192817
1269 1627 16 193.3123028391167 124.09463722397476 94.4416403785489
1327 1626 29 188.42730299667036 113.24861265260822 104.47391786903441
547 1625 17 225.9148264984227 166.16403785488959 117.89274447949526
971 1624 18 231.72679045092838 155.44297082228115 109.76923076923076
1215 1622 31 232.58990256864482 156.34366696191321 109.61824623560673
1812 1617 33 229.25059665871123 153.1686555290374 108.54892601431982
1581 1616 12 178.29530201342283 170.66442953020135 121.85234899328859
1021 1612 25 194.7898448519041 123.9605077574048 93.81100141043723
616 1612 17 190.6813880126183 121.5205047318612 93.19242902208201
2005 1611 43 224.72324375294673 166.06506364922205 118.07119283356907
368 1609 15 191.43478260869563 122.54545454545453 94.52173913043478
872 1607 29 192.8457269700333 122.16204217536071 92.96337402885683
1492 1600 24 164.94616639477977 161.56443719412724 114.13376835236542
500 1600 27 230.6587202007528 154.11292346298617 109.2810539523212
1398 1599 44 210.75200377180576 140.49552098066948 119.57708628005658
1116 1597 12 148.35570469798657 147.50335570469798 108.67114093959731
1889 1595 30 226.17740336967293 167.38949454905847 118.77106045589693
1757 1595 17 229.78548895899053 154.1514195583596 109.47003154574132
1944 1592 16 193.33123028391168 124.48264984227129 95.59621451104101
922 1590 17 192.6782334384858 122.91482649842271 94.53943217665615
341 1585 10 225.69026548672565 168.1946902654867 122.39823008849558
667 1585 33 192.34208432776452 121.53142402545744 92.83770883054893
1272 1583 20 228.27891156462584 168.60997732426304 119.6281179138322
731 1584 17 129.06940063091483 167.87381703470032 123.34069400630915
1548 1575 29 163.86348501664818 160.72586015538292 113.16315205327415
1687 1573 45 226.48492791612057 166.695500218436 117.89078200087374
1609 1572 21 144.3251417769376 143.82041587901702 105.33270321361059
1077 1572 37 181.81147000659195 175.45220830586683 121.38233355306525
808 1571 38 128.24682395644285 167.26315789473685 122.6140350877193
568 1570 36 226.89716545814105 166.7897165458141 118.23467369808833
387 1569 21 225.9092627599244 166.75425330812854 118.75236294896031
1842 1565 16 192.57728706624604 123.36277602523658 94.96845425867508
1814 1564 9 229.62962962962962 158.7037037037037 116.17283950617283
1335 1563 25 189.05077574047954 114.59520451339915 105.38928067700986
1465 1563 13 229.2893401015228 171.03045685279187 123.11167512690355
2056 1556 20 188.46938775510205 120.58503401360545 93.09750566893425
1170 1555 46 164.889115368936 162.1810028536486 112.83571137382796
1238 1553 13 192.91878172588832 125.8223350253807 97.47715736040608
449 1550 36 228.16018457481871 168.58075148319048 119.41331575477916
984 1547 47 232.57317570322056 155.51528740317977 109.10232368528332
1770 1545 28 191.26526082130965 121.62708102108768 93.157602663707
893 1543 29 227.89900110987793 167.33629300776914 118.05771365149833
2013 1540 19 224.76127320954907 166.44827586206895 118.6498673740053
741 1540 21 117.7069943289225 156.63327032136107 135.7069943289225
634 1538 14 231.01015228426394 155.25380710659897 110.66497461928932
1869 1538 14 226.65989847715736 168.4010152284264 120.20304568527918
336 1537 30 191.7205153617443 122.09712586719525 93.74430128840436
1638 1534 10 190.90265486725664 125.00884955752213 97.7433628318584
1375 1530 20 229.61904761904762 170.2562358276644 120.31292517006803
1825 1529 20 193.46938775510205 124.16780045351474 94.91609977324264
1503 1525 27 193.48055207026349 123.65872020075281 94.33500627352572
1940 1520 49 228.93153290224421 154.049068086725 109.04754659566376
1436 1520 26 187.8143036386449 112.46925972396485 104.10790464240903
2073 1519 16 223.85488958990535 165.52681388012618 118.87381703470031
1104 1519 18 181.78249336870024 175.25464190981432 121.81962864721484
514 1518 24 192.605220228385 122.94616639477978 93.83034257748777
1281 1516 38 192.99576527525713 123.06231094978827 93.51300665456746
1046 1517 18 164.3474801061008 161.16976127320953 113.6684350132626
689 1514 28 191.2286348501665 120.89012208657049 92.59267480577137
1222 1514 12 147.8926174496644 146.61744966442953 109.31543624161074
838 1512 20 118.09297052154196 157.96825396825398 136.2925170068027
555 1511 14 227.45177664974617 169.30964467005074 121.05583756345176
396 1507 27 231.168130489335 154.96361355081555 109.09033877038895
1585 1502 41 180.72259051504335 173.90719020907702 121.34727180010199
2034 1500 17 191.5205047318612 123.0757097791798 94.801261829653
1339 1497 15 212.20948616600788 143.03557312252963 121.50988142292489
1873 1492 18 228.82493368700264 153.9389920424403 109.78779840848806
928 1488 26 229.05269761606021 169.03136762860726 119.46047678795482
1664 1486 28 162.53496115427302 159.4839067702553 112.73473917869035
1136 1485 21 145.28733459357278 145.51606805293005 106.1625708884688
880 1485 18 192.14058355437666 123.05039787798408 94.15649867374005
782 1485 33 128.44948289578363 167.71996817820207 123.13524264120923
1737 1484 37 192.1404087013843 122.11865524060644 93.09756097560975
1464 1478 18 229.78779840848804 169.66312997347478 120.35809018567639
1019 1478 20 229.33333333333334 169.9183673469388 120.28571428571429
723 1477 15 229.50988142292488 153.6798418972332 109.58102766798419
619 1477 47 230.50468813697512 153.94048104362005 108.78760701182226
332 1476 27 230.1530740276035 154.24592220828103 109.25846925972395
465 1474 30 231.39544103072348 155.65807730426164 109.91278493557978
1198 1473 29 181.72253052164262 175.17092119866814 121.39289678135405
976 1467 15 194.32411067193675 125.05928853754939 96.11462450592884
1519 1467 24 231.90375203915173 154.82055464926592 109.70799347471453
1247 1466 13 193.20304568527916 125.44670050761421 97.0203045685279
1815 1465 36 227.01054713249835 168.07712590639417 119.05405405405405
1077 1465 30 144.5550049554014 144.9187314172448 105.50644202180376
833 1465 13 119.50761421319795 158.87817258883248 137.26395939086294
2005 1463 19 223.80106100795754 165.42705570291776 118.17241379310344
2078 1462 33 191.4821002386635 122.23627684964201 93.5648369132856
686 1461 15 229.34387351778653 152.5296442687747 109.02371541501975
532 1457 35 192.06117989803352 121.93736343772761 92.83976693372178
1394 1453 45 189.23066841415465 113.49104412407165 104.55176933158585
1142 1452 11 148.4496644295302 148.04697986577182 109.97986577181207
1959 1449 18 228.87533156498674 154.44297082228115 109.13793103448275
898 1450 12 192.41610738255034 123.99328859060402 95.26174496644295
864 1445 13 232.0710659898477 157.50761421319797 112.43654822335024
1565 1442 15 147.71936758893278 147.15415019762844 108.9288537549407
1295 1433 42 229.6323304436512 169.80622131565528 119.40132585415606
393 1433 42 226.7751147373789 167.27383987761348 118.44467108618052
1684 1432 21 144.3459357277883 144.30434782608697 106.30812854442344
308 1432 15 227.31225296442688 169.41106719367588 120.6284584980237
1003 1432 19 194.3554376657825 124.10875331564986 93.78514588859416
730 1429 28 229.00554938956716 170.37069922308547 120.58934517203107
1893 1428 40 192.4913552704964 122.52203011712214 93.03680981595093
1723 1428 11 189.74496644295303 123.02013422818791 96.8255033557047
1161 1426 15 144.90118577075097 144.4308300395257 106.16205533596838
1122 1427 15 181.11067193675888 174.498023715415 121.81818181818181
1619 1426 37 144.2274225444957 144.21687541199736 105.7224785761371
1046 1425 14 192.63451776649745 124.15228426395939 95.14213197969542
676 1423 16 228.00315457413248 168.98422712933754 120.06624605678233
1765 1420 17 226.5993690851735 168.14195583596214 119.49211356466877
1471 1414 30 210.6798810703667 141.10505450941525 120.1565906838454
2026 1411 24 227.92495921696576 153.3458401305057 108.6394779771615
1081 1409 19 232.22811671087533 156.2864721485411 110.12466843501326
574 1409 20 228.1746031746032 169.24036281179139 120.00453514739229
940 1407 42 192.59000509943908 122.71086180520143 92.96685364609894
871 1407 19 119.20954907161803 160.16445623342173 138.18037135278513
2092 1405 21 225.43100189035917 166.31379962192818 118.85066162570888
1796 1404 9 193.45679012345678 127.22222222222221 99.41975308641975
808 1402 39 128.63097398669086 168.25105868118573 123.51361161524503
1218 1401 35 231.88492352512748 155.2301529497451 109.15877640203934
536 1400 12 226.81879194630872 168.93959731543623 121.03355704697987
482 1399 36 192.36321687541198 121.99538562953197 93.0085695451549
1731 1394 13 229.9238578680203 155.7208121827411 110.77664974619289
1962 1391 32 190.6324180690877 121.25863596102747 92.72542072630647
1833 1388 27 230.07779171894603 154.40401505646173 109.25094102885821
1543 1388 40 229.1712214166202 169.87618516452872 119.68544339096486
693 1385 15 190.16996047430828 121.45454545454545 93.71146245059288
742 1379 15 190.86956521739128 122.33201581027667 94.098814229249
1685 1375 30 180.5153617443013 174.07829534192268 121.61744301288404
1020 1374 34 231.83054892601433 155.02704852824186 109.16706443914082
1352 1373 30 229.33300297324084 169.40535183349851 119.27651139742319
633 1372 37 189.99736321687539 120.65853658536584 92.34739617666446
394 1370 13 190.37563451776649 121.94416243654821 94.47715736040608
1422 1368 27 229.13048933500625 169.21957340025094 119.42785445420326
1077 1367 15 195.14624505928853 125.05138339920948 94.67984189723319
2116 1366 11 185.73825503355704 120.0738255033557 96.46979865771812
2081 1366 12 225.35570469798657 151.8791946308725 110.51006711409396
434 1365 16 226.08832807570977 167.21766561514195 118.8832807570978
1140 1361 43 191.4846770391325 121.34134842055634 92.22960867515323
1615 1361 21 178.76370510396976 172.29111531190927 121.0453686200378
1479 1358 19 207.71352785145888 138.9177718832891 118.70822281167108
319 1358 49 190.2506656523393 120.29516926588056 91.70254849752757
1274 1355 29 193.82130965593785 123.47946725860156 93.56825749167592
1900 1351 32 225.73870682019486 166.83790965456157 118.23914968999115
976 1350 10 231.47787610619469 158.0 114.34513274336283
875 1345 36 117.03691496374422 158.42320369149635 136.40342781806194
1320 1344 11 229.90604026845637 171.81879194630872 122.46979865771812
543 1344 35 227.7676620538966 168.69337217771306 119.24544792425347
1763 1344 44 229.62847713342762 153.47619047619048 108.17350306459217
2028 1342 37 225.10942649967038 166.23796967699406 118.07053394858272
766 1342 19 193.47480106100795 124.03713527851458 94.9522546419098
937 1341 14 227.6497461928934 168.96446700507613 119.80203045685278
707 1340 28 227.0599334073252 167.2441731409545 118.52053274139845
1216 1338 20 229.58956916099774 170.4421768707483 119.9092970521542
1650 1336 13 138.18274111675126 138.59898477157358 101.26395939086294
1576 1335 11 193.08053691275168 126.5503355704698 98.31543624161074
1960 1332 19 188.78249336870024 120.23076923076923 92.75596816976127
813 1330 21 117.36862003780719 157.78638941398867 136.33648393194707
1837 1329 21 191.01512287334594 122.26465028355388 93.8374291115312
474 1329 28 188.51165371809103 119.42064372918979 91.7402885682575
663 1325 11 226.6442953020134 170.08053691275168 122.7248322147651
2103 1323 28 187.6992230854606 119.17980022197558 92.21198668146504
1077 1322 24 192.38662316476348 122.74225122349104 93.57748776508973
404 1320 30 229.18235877106045 153.07234886025768 108.80574826560951
606 1319 17 190.94637223974763 122.84858044164038 94.12618296529968
1519 1317 26 186.3086574654956 112.25721455457966 104.10664993726473
1030 1316 13 191.74111675126903 123.2233502538071 94.79187817258882
1250 1309 13 231.2233502538071 157.15736040609136 112.44670050761421
988 1308 19 229.3819628647215 170.85145888594164 120.91246684350132
1366 1307 39 232.01754385964915 155.08045977011494 109.28009679370842
1615 1304 31 138.47652790079718 139.42426926483614 101.97431355181577
1563 1303 10 226.75221238938053 169.64601769911505 122.49557522123894
1188 1301 12 229.96644295302013 156.5704697986577 111.70469798657717
1448 1300 31 209.70593445527015 140.30735163861826 119.61116031886625
1293 1299 24 192.9983686786297 123.45350734094617 94.11256117455139
950 1297 12 191.02684563758388 123.6510067114094 95.63758389261744
1948 1296 11 224.18120805369128 167.1476510067114 120.76510067114094
1689 1296 33 159.57836117740652 157.1622911694511 110.7024661893397
350 1294 17 227.51104100946372 168.56151419558358 119.89905362776025
905 1289 25 127.58815232722144 167.45416078984485 123.12552891396332
1986 1287 20 229.5827664399093 154.6031746031746 109.25396825396825
701 1287 15 188.46640316205531 120.81027667984189 94.40316205533597
1904 1285 26 188.92471769134252 120.70012547051442 92.69761606022584
575 1284 19 229.3527851458886 153.2785145888594 108.6472148541114
1740 1282 12 192.03355704697987 124.44295302013423 96.23489932885906
1767 1276 10 190.68141592920352 124.57522123893806 97.41592920353982
841 1276 27 128.48431618569634 168.73274780426598 123.80803011292345
298 1275 33 189.00238663484487 120.16547334924424 92.30071599045347
643 1274 34 227.49005568814638 169.07000795544948 119.54972155926811
761 1274 37 230.82597231377719 154.4601186552406 109.34278180619643
2120 1272 19 223.66312997347478 164.75596816976127 117.59416445623341
1513 1272 9 227.37037037037035 171.74074074074073 125.29629629629629
1137 1272 40 231.6307863915226 155.48968209704407 109.43837144450642
439 1270 22 190.80529300567107 121.65028355387524 92.89224952741021
2064 1268 29 226.38623751387348 149.8568257491676 107.41287458379578
1550 1267 18 183.6021220159151 111.14323607427055 103.42970822281167
1041 1261 33 229.16626889419254 170.6046141607001 120.28003182179793
1826 1259 42 227.75471698113208 168.86129525752168 119.79653238143806
511 1259 44 229.6049033474776 153.7878359264498 108.56577086280056
1950 1254 18 226.13262599469496 168.16710875331563 120.34482758620689
968 1251 32 189.80513728963686 121.36669619131976 92.71833480956599
1640 1251 19 179.3899204244032 172.920424403183 121.04774535809018
1230 1251 43 228.42479962281942 169.93635077793493 119.77039132484677
1414 1247 22 228.80718336483932 170.20037807183365 120.13421550094519
1313 1242 28 231.23418423973362 155.11431742508324 109.64372918978913
1888 1242 15 228.18181818181816 154.1185770750988 109.89328063241106
1481 1239 28 185.07325194228636 111.12652608213097 103.28079911209767
1368 1239 17 191.46056782334384 122.8801261829653 94.38801261829653
704 1235 23 229.64763458401305 154.40293637846656 108.92169657422512
639 1234 10 227.3362831858407 170.4070796460177 122.50442477876106
1090 1234 13 191.1725888324873 123.4720812182741 94.83248730964466
374 1233 42 227.21774604793475 167.57878633350333 118.56144824069354
587 1232 25 190.47249647390692 121.60507757404795 93.10014104372355
1683 1232 21 140.37051039697542 140.66918714555766 102.95085066162571
2005 1229 34 190.31980906921243 120.65075576770089 92.19252187748609
1743 1228 32 227.37112488928256 167.74756421612045 118.75907883082374
1594 1228 27 158.75407779171894 156.98117942283562 110.9272271016311
2285 1227 2 170.20000000000002 165.4 166.4
637 1222 13 212.09137055837562 159.1979695431472 115.03045685279187
2112 1219 27 223.4479297365119 164.7151819322459 117.87452948557089
1534 1219 25 208.99858956276447 140.15514809590974 119.5148095909732
1167 1216 15 190.90118577075097 123.64426877470355 94.98023715415019
813 1217 22 228.18714555765595 171.13421550094517 121.21550094517958
450 1216 22 190.89981096408317 121.75047258979207 93.04347826086956
301 1211 23 225.9347471451876 167.22349102773248 118.88580750407831
887 1208 46 116.3122706889523 158.07745617611087 136.08683245006114
1058 1203 16 190.73501577287067 123.69716088328076 95.08201892744479
1323 1200 11 228.14093959731542 172.16107382550337 124.24832214765101
753 1200 30 227.10307234886025 169.0872150644202 119.73835480673934
1284 1196 14 191.43147208121826 124.36040609137055 95.75126903553299
2060 1193 21 186.83175803402648 118.882797731569 92.30056710775048
1649 1193 25 182.23836389280677 175.40761636107192 122.44992947813822
615 1193 16 188.00315457413248 120.77602523659306 92.7981072555205
1854 1190 15 226.31620553359681 167.67588932806322 119.70750988142292
1366 1190 22 229.46124763705106 170.62003780718337 120.81285444234405
495 1189 23 190.71451876019577 122.02610114192497 93.58401305057097
71 1189 3 164.3846153846154 162.3846153846154 164.53846153846155
1699 1187 16 229.9179810725552 153.45425867507885 109.16088328075709
1431 1186 31 190.39238263950398 121.69707705934455 92.95748449955714
1924 1184 47 190.44231553200163 120.86547085201794 92.51651039543417
1798 1184 29 191.8834628190899 122.3607103218646 93.80355160932298
1493 1183 21 230.24574669187146 154.46691871455576 109.55009451795841
1186 1181 18 192.44827586206895 124.50397877984084 95.43236074270557
1116 1182 39 229.14640048396856 171.0344827586207 120.3998790078645
416 1182 15 188.9486166007905 121.18577075098814 93.18181818181817
1000 1178 40 230.78416062465143 155.76408254322365 109.7919687674289
557 1177 31 227.7617360496014 169.77413640389727 119.96899911426041
338 1173 18 229.79840848806364 153.9283819628647 109.12201591511936
287 1174 14 226.243654822335 167.28934010152284 119.63959390862944
1742 1171 17 191.48580441640377 122.36593059936908 93.92113564668769
1241 1170 29 180.45394006659268 176.0899001109878 121.10210876803552
803 1167 20 190.99092970521542 121.97505668934241 93.31292517006803
2008 1165 25 225.26657263751764 166.9181946403385 119.03526093088857
937 1164 13 118.80710659898476 159.51269035532994 137.63959390862942
672 1163 44 189.63507779349362 121.1008958038661 92.31258840169731
2104 1154 29 227.27857935627082 151.9889012208657 108.56048834628191
844 1154 16 116.91798107255521 157.25236593059935 135.77287066246058
447 1151 25 226.74894217207333 167.8913963328632 118.96614950634697
1566 1150 41 117.24120346761858 156.88169301376848 135.78939316675167
1057 1148 19 231.78514588859414 157.84615384615384 110.87533156498674
1634 1148 13 139.16751269035532 138.4720812182741 103.86802030456852
1311 1145 35 138.41733430444285 140.69774217042973 101.61762563729062
804 1145 12 176.95302013422818 115.36912751677852 88.7248322147651
2057 1144 15 227.26877470355728 152.9288537549407 109.70355731225295
1503 1141 14 183.8984771573604 177.38071065989845 123.53299492385786
385 1140 33 191.09546539379477 121.94192521877487 93.31901352426412
1383 1138 23 183.67699836867862 177.87928221859707 122.84339314845025
603 1138 20 227.6984126984127 170.7845804988662 121.07709750566893
506 1136 24 227.67862969004895 169.7177814029364 120.24306688417619
746 1134 25 188.84485190409026 121.33709449929478 92.77009873060649
1773 1129 24 228.05383360522023 169.42251223491027 120.08809135399675
1693 1121 45 230.67147225862823 153.84185233726518 108.64919178680647
1848 1118 44 229.83828382838283 153.53229608675153 108.62611975483263
558 1118 17 231.30599369085172 156.86435331230282 110.66246056782335
1176 1117 41 232.54003059663438 157.63895971443142 110.48393676695564
973 1118 16 117.06309148264984 158.87381703470032 136.13564668769715
901 1116 41 128.33554309026007 170.33401325854157 124.14482406935238
1625 1112 17 186.0788643533123 112.61514195583595 104.21135646687696
2022 1111 21 186.59168241965975 119.22684310018904 92.46691871455577
1096 1111 26 190.8720200752823 123.71518193224591 94.23462986198243
302 1112 41 229.33248342682307 153.97603263641 109.13717491075982
1446 1109 42 158.04538500764917 156.42376338602756 109.68281489036207
430 1107 13 228.96446700507613 155.5685279187817 111.95939086294415
809 1106 37 190.00329597890573 122.01647989452867 92.89848384970335
1254 1106 29 157.09988901220865 157.21198668146505 109.81798002219756
642 1100 17 230.40063091482648 156.17981072555204 110.20504731861199
468 1101 18 230.44562334217505 155.87267904509284 110.9602122015915
1354 1098 22 184.27599243856332 178.73534971644614 123.3875236294896
1029 1094 32 228.54384410983172 171.48804251550044 120.92205491585474
1946 1093 41 226.883222845487 168.68995410504846 119.75624681285059
591 1091 18 189.54641909814322 122.53846153846153 94.17506631299734
1522 1090 25 138.73483779971792 139.8293370944993 102.19181946403386
1308 1089 17 140.5173501577287 142.3533123028391 103.4384858044164
359 1088 12 226.61744966442953 169.14093959731542 121.24161073825503
1792 1087 14 192.29949238578678 124.21319796954313 96.12690355329948
1637 1084 10 227.8849557522124 171.42477876106196 124.28318584070796
394 1084 15 226.61264822134385 167.9486166007905 118.99999999999999
1750 1081 16 228.32176656151418 153.23028391167193 110.11041009463722
1395 1075 14 142.50253807106597 142.98477157360404 104.97969543147207
706 1075 41 229.65527791942887 154.81540030596636 109.11371749107599
2090 1074 45 225.16688510266493 167.03888160768895 119.15028396679773
1587 1073 30 185.90287413280475 112.0455896927651 103.86025768087215
859 1066 12 227.73154362416108 171.92617449664428 122.496644295302
2011 1065 19 188.3713527851459 121.24668435013263 93.77188328912466
964 1062 36 128.6268951878708 171.04680290046142 124.40474620962425
439 1059 26 190.3613550815558 122.29360100376411 94.19196988707652
527 1058 43 190.96982555398398 122.35596416784536 93.53795379537954
1227 1055 17 230.86750788643533 157.32807570977917 111.35015772870662
770 1056 17 226.65930599369085 169.84542586750788 120.25236593059937
1192 1052 10 227.80530973451326 172.929203539823 124.92035398230088
1344 1046 21 230.8695652173913 156.55198487712667 110.66351606805293
895 1044 20 118.56462585034014 162.0362811791383 138.9795918367347
1647 1042 25 209.60789844851902 140.77574047954866 119.85049365303244
629 1043 34 226.96420047732698 169.54097056483693 119.72792362768497
310 1042 24 189.19738988580752 121.17128874388256 93.3099510603589
1015 1040 12 190.71812080536913 126.0738255033557 97.08053691275168
1707 1040 30 192.95242814667986 123.28444003964321 93.97324083250743
1054 1040 19 230.3076923076923 156.26525198938992 109.9708222811671
1279 1039 34 184.24184566428005 179.74303898170248 123.16547334924424
372 1038 29 227.21642619311876 168.66148723640399 119.7025527192009
1490 1035 31 231.37201062887513 155.77856510186007 109.85296722763508
1897 1033 28 189.90344062153164 121.40510543840178 93.33074361820199
1127 1033 50 191.476072314782 123.7032967032967 93.50230414746544
1543 1032 15 231.72332015810275 157.0671936758893 111.69169960474308
1815 1026 43 228.4196133899104 170.63837812352665 121.002828854314
467 1024 12 228.21476510067114 172.28187919463087 123.68456375838926
824 1021 40 227.9185722253207 171.40435025097602 120.91243725599554
2024 1018 21 226.5444234404537 152.57844990548205 109.07750472589792
1966 1018 26 226.1367628607277 168.38143036386447 120.25094102885821
578 1017 12 229.26174496644296 157.58389261744966 113.46979865771812
1409 1017 43 229.2187647336162 171.25553983969826 120.8015087223008
757 1017 17 189.05047318611986 122.69400630914826 93.78548895899053
1577 1013 16 189.78233438485805 122.06940063091483 94.801261829653
423 1011 16 191.08832807570977 123.89589905362776 95.41009463722398
678 1007 13 188.98477157360404 123.8223350253807 95.5228426395939
993 1005 19 118.27320954907161 162.42705570291776 138.72944297082228
2066 1003 16 227.7539432176656 154.60883280757096 110.97476340694006
717 1002 17 129.18296529968453 169.9558359621451 124.22082018927445
2104 1000 14 187.85279187817258 122.42131979695431 96.65482233502537
1615 999 17 229.17350157728706 171.62145110410094 122.30599369085174
1334 994 25 157.84485190409026 157.77433004231312 109.84062059238364
1218 994 34 228.0071599045346 171.96181384248212 121.31821797931583
1748 991 25 228.38504936530325 170.05359661495064 120.23413258110014
925 990 36 117.29334212261041 161.17864205669082 137.86882003955174
1533 987 25 228.48942172073342 170.52045133991538 120.80253878702398
327 985 25 189.4428772919605 121.59520451339915 93.32581100141043
873 983 13 188.68527918781726 123.50761421319795 94.90862944162436
1877 977 24 190.2805872756933 122.03588907014682 93.16150081566069
1283 978 19 142.3023872679045 144.73209549071618 104.74801061007958
547 978 29 190.7702552719201 122.5560488346282 93.8157602663707
1579 974 13 191.92893401015226 125.12690355329948 96.73096446700507
626 973 24 230.9135399673736 156.92169657422514 110.81729200652529
388 971 29 191.4439511653718 123.53496115427303 94.51720310765816
1787 969 11 227.53020134228188 172.08724832214764 124.31543624161074
1932 968 19 226.49867374005305 169.66312997347478 120.50663129973474
1052 968 39 190.6497277676951 123.27949183303086 93.33030852994555
1981 966 19 190.88063660477454 123.6498673740053 94.82228116710874
1680 964 39 186.07380520266184 112.54930429522082 104.3230490018149
2030 962 19 225.18832891246683 168.3209549071618 119.84084880636604
469 960 44 230.24092409240924 155.55964167845354 109.98585572842998
1472 959 31 229.19131975199292 171.6784765279008 121.25952170062003
1167 960 21 227.2797731568998 170.6578449905482 120.60302457466919
990 960 17 129.61198738170347 172.01577287066246 125.32492113564669
1833 957 18 191.09549071618036 122.73209549071618 94.14323607427055
2079 955 22 227.61814744801512 153.9640831758034 109.86578449905483
686 955 30 228.42220019821605 172.33994053518336 121.86124876114965
1611 954 17 231.33753943217664 155.85804416403786 110.46687697160883
1386 952 16 193.43217665615143 127.05047318611987 97.24290220820188
1118 952 21 189.79017013232516 123.37240075614368 94.03024574669188
834 951 13 131.1522842639594 172.08629441624365 125.7005076142132
765 948 39 117.23411978221417 161.12643678160921 137.66001209921356
875 945 20 189.26757369614512 123.35827664399093 94.34693877551021
1742 942 17 190.397476340694 122.82018927444794 95.39116719242902
1258 942 16 191.801261829653 125.70347003154573 95.78233438485805
582 942 14 191.0203045685279 125.2233502538071 97.08121827411166
1994 922 17 191.9968454258675 124.33753943217665 96.03785488958991
1946 921 21 228.27032136105862 154.29489603024575 109.53308128544424
538 921 26 230.86700125470512 156.27352572145546 110.603513174404
1323 919 41 118.01580826109128 163.22743498215198 139.2299847016828
1795 916 31 228.90168290522587 154.38883968113376 109.54207263064659
932 917 26 129.89460476787954 172.8996235884567 125.6900878293601
1555 915 38 229.34482758620692 171.61464004839686 121.40592861464006
352 912 25 227.0564174894217 169.95345557122707 121.25811001410437
1427 911 30 230.9702675916749 156.3270564915758 110.34390485629336
723 911 17 187.53312302839117 121.9968454258675 93.82965299684543
414 910 23 230.10929853181077 155.93637846655793 110.4567699836868
1211 910 29 192.70477247502774 126.1842397336293 95.29633740288568
1151 908 20 190.46938775510205 124.41950113378685 94.93650793650794
1876 908 41 191.8092809790923 122.9469658337583 93.74808771035187
1492 906 20 191.51927437641723 124.25850340136054 95.10204081632654
1262 906 12 229.39597315436242 175.80536912751677 125.3758389261745
1629 905 26 191.16185696361353 122.68381430363864 94.07904642409034
691 906 10 193.34513274336283 127.87610619469027 99.33628318584071
1725 901 19 209.43766578249335 141.946949602122 121.01856763925728
879 901 14 118.28934010152284 162.7005076142132 138.75126903553297
827 900 25 129.28490832157968 171.7700987306065 124.78561354019746
1091 898 30 229.16154608523289 173.75123885034688 122.01783944499505
1683 897 15 207.67588932806322 140.7588932806324 120.75098814229248
2044 896 33 189.673031026253 122.21718377088305 93.79077167859984
628 897 43 228.2809995285243 171.6049033474776 121.0881659594531
1003 895 38 116.94313369630974 161.87416817906836 138.0592861464005
494 886 19 191.41379310344826 124.27586206896551 95.50663129973475
1462 880 9 228.12345679012344 176.02469135802468 128.64197530864197
1826 878 10 227.95575221238937 156.07079646017698 112.85840707964601
956 879 10 134.91150442477877 175.4513274336283 129.4513274336283
1386 877 16 131.68454258675078 172.78548895899053 125.98738170347002
692 875 16 228.6719242902208 173.2460567823344 122.80757097791798
861 873 12 129.94630872483222 170.5503355704698 125.06040268456375
397 873 10 229.15929203539824 159.04424778761063 116.00884955752213
562 873 21 230.82041587901702 156.99243856332703 110.80718336483932
1758 869 18 188.84880636604774 122.12466843501326 94.36870026525199
1970 869 33 226.7796340493238 170.48528241845665 121.27128082736675
1798 860 13 189.7005076142132 123.20812182741116 96.48730964467005
1310 859 10 121.66371681415929 165.04424778761063 140.94690265486724
1582 857 14 120.69035532994923 162.6243654822335 139.83248730964465
1061 857 14 228.18781725888323 174.20304568527916 123.69035532994923
361 856 19 192.9867374005305 126.16180371352785 96.87002652519894
760 856 44 190.68316831683168 122.88401697312588 93.13484205563414
1630 853 18 130.3262599469496 169.74005305039788 125.3103448275862
442 851 34 190.52505966587114 122.91169451073986 93.71439936356404
1463 850 11 123.55704697986577 165.08724832214764 141.6778523489933
1260 849 35 230.6125273124545 157.28477785870356 110.6817188638019
910 849 33 117.46062052505967 163.10660302307082 138.8392999204455
1522 845 33 131.11217183770884 172.76133651551314 125.78520286396181
1173 844 37 228.67369808833223 173.45418589321028 122.05009887936716
1908 839 28 228.26970033296337 154.47946725860155 109.64261931187569
974 838 16 130.11356466876973 172.48895899053628 125.75078864353311
1423 836 26 118.14930991217064 162.2647427854454 138.70639899623586
2028 833 25 187.9083215796897 121.25952045133991 93.48942172073343
1107 834 23 231.12561174551388 158.33442088091354 110.9347471451876
1842 831 28 228.43174250832408 153.98335183129856 109.48723640399557
513 830 31 227.56598759964572 171.48449955713022 121.56510186005315
1357 829 34 129.5584725536993 172.46221161495626 125.23468575974543
633 829 17 190.66246056782333 123.77602523659306 95.02523659305993
834 827 26 189.56963613550815 122.88456712672522 93.82057716436637
682 825 26 188.07402760351317 121.38017565872019 93.06900878293601
583 822 25 191.80112834978843 123.9802538787024 94.70803949224259
1775 820 22 129.71455576559546 169.66918714555766 124.74669187145558
1690 819 46 118.72727272727273 161.02935181410518 138.6942519364044
390 817 20 227.73242630385488 171.73696145124717 122.0
1301 815 11 192.50335570469798 129.1275167785235 100.14765100671141
1462 803 14 119.71573604060913 162.60406091370558 139.57360406091368
949 802 19 118.16710875331565 163.0079575596817 139.08753315649867
1227 800 16 190.06624605678232 125.03470031545741 95.82649842271293
1031 799 45 129.5653123634775 173.72477064220183 125.2944517256444
1593 792 41 129.25854156042837 170.26721060683326 124.52014278429374
727 790 21 228.0718336483932 171.73156899810965 121.59168241965973
880 787 27 227.97867001254704 172.32873274780425 121.95483061480552
1901 785 21 189.90170132325142 123.05293005671078 94.63137996219282
633 784 17 227.79179810725552 172.17350157728706 122.31230283911671
1809 780 18 119.58090185676392 160.41909814323606 138.48275862068965
679 774 21 191.0302457466919 124.43478260869566 95.21361058601134
1974 773 45 226.3298383573613 170.69287898645698 121.46570554827436
1749 771 21 119.75614366729678 162.2381852551985 139.81285444234405
1190 770 26 191.35508155583437 124.76787954830614 94.59347553324967
1118 767 37 191.53658536585365 124.83124588002636 94.37837837837837
1505 766 33 118.39061256961018 161.1233094669849 138.5361972951472
1430 765 28 129.53940066592676 172.13762486126527 124.90344062153163
525 764 25 192.26657263751764 124.60930888575459 94.88434414668546
1651 761 14 120.67005076142131 162.52791878172587 140.22842639593907
442 762 49 189.744769874477 122.78090528718144 93.89996196272347
585 759 28 229.9178690344062 155.77580466148723 109.67147613762486
1859 758 21 226.65028355387525 170.2117202268431 121.25519848771268
1363 758 23 118.89233278955955 164.3588907014682 139.96084828711255
1285 758 45 228.9475753604194 173.66186107470512 122.33988641328091
795 758 45 228.96592398427262 172.6277850589777 121.46701616426387
1712 756 13 132.6954314720812 171.78172588832487 126.70558375634516
721 746 17 229.21766561514195 155.57413249211356 110.58044164037855
1022 731 18 129.84084880636604 173.10875331564986 125.58090185676392
1905 730 20 189.82766439909298 123.17460317460318 95.07256235827664
869 729 19 231.23076923076923 157.3740053050398 111.14323607427055
546 726 13 192.84771573604058 127.48730964467003 97.90862944162436
1223 725 16 229.0 156.84542586750788 111.28075709779179
944 725 49 229.87181437809053 156.027006466337 109.4906808672499
1067 724 18 118.88859416445622 164.03978779840847 139.368700265252
1730 722 16 190.83596214511041 124.85488958990535 96.67192429022082
1794 721 35 228.9009468317553 154.4231609613984 109.05098324836126
1456 719 15 227.58498023715413 172.02371541501975 121.77470355731225
1850 717 14 224.97969543147207 169.70558375634516 121.75634517766497
1340 717 17 230.58359621451103 176.72555205047317 124.91798107255521
1670 712 33 227.99602227525855 171.4510739856802 121.5043754972156
1601 711 28 190.7891231964484 123.61154273029967 95.13984461709212
643 708 40 228.88232013385388 154.66926938092584 109.06079196876743
1550 706 13 229.36040609137055 174.10152284263958 124.8223350253807
1501 706 15 229.54150197628456 155.47430830039525 111.098814229249
1106 701 15 228.92490118577072 175.03162055335966 123.25296442687747
1944 696 25 226.6459802538787 152.86741889985896 108.84203102961918
1169 695 38 229.77253478523897 156.62008469449486 109.80580762250455
573 694 22 230.80529300567107 156.78827977315692 110.38563327032136
1007 692 12 227.41610738255034 173.84563758389262 123.53691275167785
721 687 35 187.8150036416606 121.21704297159505 92.52221412964312
1399 685 44 190.17538896746817 123.11504007543611 93.44224422442244
1251 684 25 190.2595204513399 124.1086036671368 94.1015514809591
1311 677 25 230.49788434414668 156.66995768688292 109.87588152327221
863 677 23 189.0815660685155 123.3425774877651 94.39804241435563
498 673 43 228.08203677510608 172.8241395568128 122.26591230551627
1473 671 21 228.71833648393195 172.44423440453687 121.85633270321361
799 663 34 229.25457438345268 155.03500397772476 109.22593476531425
1056 663 37 229.30125247198416 174.23665128543175 122.28806855636122
1799 658 19 228.10079575596816 172.9257294429708 122.22281167108753
1601 657 14 227.52791878172587 171.18781725888323 122.01015228426395
1873 655 48 188.62799543552683 121.41536705971853 93.08672499049068
1120 656 17 229.24290220820188 156.7981072555205 110.94952681388013
1732 654 41 227.80979092299847 171.37225905150436 121.15553289138195
1542 653 35 229.0640932265113 154.80043699927168 109.2694828841952
1648 650 23 228.92822185970638 154.65089722675367 110.08972267536706
978 644 32 190.0372010628875 123.71213463241807 94.12134632418069
659 639 18 229.9522546419098 156.0079575596817 110.47480106100795
908 638 29 230.19200887902332 175.1431742508324 123.37846836847947
1280 636 20 190.91609977324265 124.68707482993197 95.03401360544218
596 635 33 227.66905330151155 171.7780429594272 121.34844868735084
749 634 15 188.91304347826085 123.30434782608695 94.77075098814228
1160 629 22 188.88468809073726 123.38374291115312 93.84120982986768
855 626 18 228.81697612732094 173.11405835543766 122.57029177718832
1348 626 24 192.38336052202285 125.67536704730833 95.31484502446982
706 624 19 228.23342175066313 172.16710875331563 121.6419098143236
1221 623 28 227.63374028856825 172.92230854605992 121.92896781354051
1399 618 15 188.42292490118575 123.41501976284584 94.699604743083
1098 617 16 192.57728706624604 126.15457413249212 95.81072555205047
1598 613 24 228.0783034257749 172.37030995106036 122.29690048939642
539 602 22 228.86389413988658 155.94896030245746 110.62948960302458
820 601 17 189.41324921135646 124.04416403785488 95.46687697160883
1795 601 28 228.66703662597115 154.97114317425084 109.50832408435072
1465 599 45 228.086500655308 172.08431629532546 121.20314547837484
1261 598 11 228.0939597315436 175.23489932885906 125.52348993288591
1307 596 15 228.88142292490116 174.62450592885375 123.85770750988141
1669 592 29 228.20421753607104 172.23529411764707 122.25860155382908
994 589 15 229.38735177865613 175.1383399209486 123.60474308300394
942 588 24 189.93964110929855 124.14845024469821 94.86296900489397
642 588 14 227.65482233502536 172.95939086294416 123.1218274111675
1542 586 25 189.8660084626234 122.80394922425951 93.4330042313117
678 585 14 190.25888324873094 124.33502538071065 95.5228426395939
1126 583 24 192.8221859706362 126.14192495921696 95.66557911908646
1349 580 11 229.36241610738256 177.73825503355704 127.83221476510067
1847 580 23 187.04241435562807 120.91843393148451 93.35073409461664
1736 578 28 228.41842397336293 154.44617092119867 109.32408435072142
875 577 28 228.73140954495005 173.04772475027747 121.88568257491676
713 576 10 228.81415929203538 158.71681415929203 115.29203539823008
1393 575 22 228.3459357277883 172.98865784499054 122.01890359168242
767 574 33 228.969769291965 174.9172633253779 125.3062848050915
1623 573 13 226.60406091370555 155.3197969543147 112.16243654822334
1053 570 41 229.61550229474759 174.77868434472208 122.70423253442122
590 558 37 188.09228740936055 121.96572181938035 93.59525379037574
1585 556 18 190.3740053050398 123.87798408488064 95.33156498673739
1194 555 38 228.286146400484 173.08590441621297 121.653962492438
985 549 22 229.8563327032136 156.91304347826087 110.65217391304348
834 545 18 189.65251989389918 123.49867374005305 94.6763925729443
1279 544 41 230.09586945436004 156.1565527791943 109.30698623151454
1699 543 15 189.24505928853753 122.85375494071145 94.98814229249011
1814 541 16 226.28706624605678 171.5520504731861 122.7602523659306
1775 541 15 188.31225296442688 123.15415019762845 96.01185770750988
1345 541 13 229.6446700507614 158.29949238578678 113.28426395939086
921 540 19 230.49602122015915 157.44562334217505 110.91246684350132
1649 532 26 187.59849435382685 121.04516938519447 93.09661229611041
1388 532 14 228.28426395939084 173.7918781725888 123.28934010152284
1128 527 26 229.71894604767877 155.7139272271016 108.84190715181931
673 517 48 187.44541650817803 120.79726131608977 92.43058197033093
1524 515 37 188.70072511535923 121.86354647330256 93.04416611733684
1016 513 20 190.6643990929705 124.5873015873016 95.0453514739229
746 513 15 227.04347826086956 173.70355731225294 125.04743083003952
1444 511 36 229.1713909030982 155.33684904416612 109.26433750823993
798 510 26 230.3776662484316 155.82810539523211 109.61731493099121
1596 507 20 226.57369614512473 170.84807256235828 121.19501133786848
1784 505 14 225.6751269035533 171.10659898477155 122.20304568527918
959 497 29 228.4062153163152 173.08546059933408 121.96892341842397
1179 493 15 228.42687747035572 173.3083003952569 122.67193675889327
1730 491 36 225.89189189189187 169.9663810151615 120.68490441661173
1363 487 29 227.68146503884574 172.55160932297449 121.6992230854606
880 488 42 230.16267210606836 155.9265680775115 109.29117797042326
1231 482 30 230.597621407334 156.82854311199208 109.71555996035679
1141 473 16 190.7981072555205 125.5583596214511 96.61829652996845
1075 471 44 190.28524280999528 123.55964167845356 93.71334276284772
1296 470 29 227.8457269700333 172.89345172031076 122.03107658157603
816 465 15 189.69565217391303 124.5691699604743 95.97628458498023
1488 457 27 228.73400250941026 155.16938519447928 109.50439146800501
698 456 10 227.30973451327432 174.86725663716814 127.23008849557522
1559 452 28 227.09655937846838 171.77247502774696 121.79023307436182
1415 452 24 186.99673735725938 121.32789559543231 93.20880913539968
751 453 37 227.82860909690177 171.14634146341461 120.75346077785102
1646 451 48 185.85659946747813 119.56295169265881 91.45682769113732
995 446 27 227.98117942283562 172.48682559598493 121.62233375156838
1176 444 22 228.56899810964083 173.16068052930058 122.0359168241966
934 442 23 190.0962479608483 124.35073409461664 95.48123980424144
1366 436 16 228.64668769716087 156.26498422712933 110.45110410094637
840 432 15 228.9881422924901 155.74308300395256 110.56126482213438
1130 428 17 191.9968454258675 125.91798107255521 96.17034700315457
1451 417 15 226.54150197628456 170.8379446640316 122.04743083003952
1320 418 24 190.23327895595432 123.79771615008157 94.61174551386624
889 415 24 228.0309951060359 154.68189233278957 109.74877650897227
798 410 13 226.741116751269 171.98984771573603 123.79187817258882
1520 404 21 189.531190926276 123.75236294896031 94.78071833648393
1240 397 48 189.34766070749336 122.28565994674781 93.1407379231647
1022 396 24 189.11908646003263 123.34584013050572 94.72756933115824
1394 396 27 227.1355081555834 153.1806775407779 108.5897114178168
1581 393 28 227.45948945615982 171.6048834628191 121.86348501664817
1087 390 31 228.42604074402126 173.0372010628875 122.16209034543844
1157 387 25 191.87729196050776 124.63046544428772 94.66995768688294
840 387 23 188.605220228385 123.07504078303427 95.02120717781403
951 368 44 227.87364450730786 172.05327675624704 121.40641206977841
883 363 13 227.85786802030455 173.13197969543145 124.21319796954313
1534 360 16 228.22082018927443 173.34384858044163 124.28075709779179
1046 361 10 226.61061946902655 175.2212389380531 127.35398230088495
1470 359 36 227.40013183915622 171.73698088332233 121.67303889255108
1184 345 14 228.7969543147208 174.11675126903552 123.63959390862944
1333 342 41 227.58745537990822 172.29270780214176 121.86282508924019
1407 338 25 190.10437235543017 123.89421720733426 94.74612129760226
1016 339 21 189.03402646502835 123.70321361058602 95.55009451795841
1130 329 33 230.76770087509945 156.4661893396977 110.14001591089897
1069 326 22 228.08317580340264 172.24196597353497 121.87145557655955
1225 321 21 228.74102079395087 155.28733459357278 110.21550094517958
1267 319 15 226.71936758893278 172.0395256916996 122.79446640316205
1185 307 13 228.2182741116751 156.26395939086294 112.20812182741116
1137 97 3 155.76923076923077 156.6153846153846 154.3846153846154
