1205 2271 2 160.8 156.8 156.8
1201 2092 38 229.25892316999398 167.4258923169994 117.98306110102844
1281 2086 31 198.46855624446414 126.56155890168291 95.69264836138176
1345 2068 18 234.3580901856764 156.49867374005305 110.92572944297082
1024 2066 29 233.8645948945616 156.54716981132077 110.03995560488346
955 2064 19 228.82228116710874 168.10344827586206 118.51989389920423
1402 2059 34 234.56165473349245 156.0540970564837 109.9689737470167
1246 2049 16 229.18611987381703 167.596214511041 118.74447949526814
1107 2047 51 197.73608797067644 125.52749083638787 94.26124625124959
1303 2041 18 226.51193633952252 166.15915119363393 117.6339522546419
1463 2039 22 233.33837429111531 155.34971644612477 109.78449905482042
1206 2038 10 229.87610619469027 170.99115044247787 122.53982300884955
1043 2013 14 233.1472081218274 156.49238578680203 110.72588832487308
897 2012 39 197.30852994555354 125.94857834240776 94.88082274652149
1615 2008 24 197.0783034257749 125.84828711256118 96.04730831973899
1667 2005 18 230.9336870026525 170.3236074270557 120.684350132626
1351 2006 24 197.44045676998368 126.12234910277326 95.95269168026101
817 2001 30 228.81169474727452 167.06640237859267 117.44499504459861
1530 2000 53 230.174509192895 167.9005920847616 118.22187597382361
988 1997 36 234.25774555042847 156.26565589980223 109.28411338167435
753 1991 27 227.73776662484315 166.82183186951065 117.78168130489334
1268 1985 35 234.38601602330664 155.6722505462491 109.27458120903133
1188 1981 36 234.91232696110742 156.23533289386947 109.41463414634146
1421 1975 44 196.87553041018387 124.45308816595946 94.38189533239039
1321 1970 14 200.6243654822335 129.15736040609136 98.58375634517766
1357 1961 17 225.96529968454257 165.98422712933754 118.11041009463722
1114 1959 27 229.31869510664993 167.67628607277288 117.94604767879548
1725 1957 34 234.2529832935561 156.2458233890215 110.24502784407319
1784 1947 20 228.9047619047619 167.76190476190476 119.60090702947846
1043 1946 35 199.07210487982522 126.89584850691917 95.13765477057538
986 1944 16 228.5520504731861 166.96845425867508 118.27129337539432
1634 1944 42 230.37276899541052 168.9143294237634 119.07955124936258
929 1941 30 198.86223984142714 126.62140733399406 95.25668979187314
1157 1940 14 230.6446700507614 168.83248730964465 119.248730964467
865 1938 30 233.37859266600594 155.14568880079287 109.0
795 1934 23 196.82055464926592 126.05546492659055 95.80587275693313
709 1931 35 232.78295702840498 155.26729788783686 109.11871813546978
1298 1928 25 200.36248236953455 127.52891396332863 95.68265162200282
757 1929 8 229.679012345679 174.0864197530864 127.79012345679011
1237 1920 23 198.01141924959217 125.85318107667212 95.43719412724307
1425 1918 9 231.1111111111111 172.85185185185185 124.85185185185185
649 1916 18 231.53315649867372 154.58885941644562 109.75862068965516
1748 1906 12 233.71812080536913 157.7248322147651 112.97315436241611
1560 1901 36 197.6914963744232 125.74950560316412 95.65260382333553
1481 1900 33 235.25139220365952 156.9244232299125 110.52346857597455
1117 1898 23 197.31810766721046 126.19738988580751 95.84176182707994
1374 1894 36 199.05800922874093 126.59591298615688 95.71061305207645
1181 1892 33 230.28003182179793 168.15354017501988 117.91328560063644
918 1889 14 201.23857868020303 130.05583756345177 98.45685279187816
883 1889 14 232.8984771573604 155.37055837563452 110.2233502538071
758 1886 19 232.9177718832891 155.44562334217505 109.27320954907161
979 1885 35 230.07428987618354 167.9417334304443 117.98834668608886
615 1885 15 227.70355731225294 166.41106719367588 118.3201581027668
1700 1883 32 234.38263950398584 156.30646589902568 110.044286979628
1799 1879 37 197.44297956493077 126.18457481872115 95.9301252471984
1435 1874 10 233.53982300884957 158.2566371681416 115.70796460176992
816 1871 36 197.69479235332892 125.93539881344758 95.03559657218193
1056 1867 36 200.00263678312456 127.74159525379036 95.77719182597231
673 1863 31 198.2338352524358 126.66430469441984 95.6412754650133
1864 1860 22 198.68241965973536 128.03780718336483 97.85822306238185
1624 1850 35 199.32993445010925 127.05972323379461 95.98397669337218
1291 1842 51 235.59346884371877 156.6897700766411 110.07697434188604
1127 1842 23 235.3066884176183 156.87601957585645 109.81076672104405
740 1840 27 229.22961104140526 167.59849435382685 117.89711417816812
598 1836 34 228.87430389817027 167.5894988066826 118.32299124900557
1447 1834 29 230.62597114317427 168.88568257491676 119.19311875693674
1676 1832 14 197.97969543147207 128.36548223350252 98.63451776649745
1907 1827 25 228.00282087447107 167.64739069111425 119.42172073342736
905 1823 51 230.95001666111298 169.15528157280906 118.70076641119627
1378 1820 33 231.4280031821798 169.43277645186953 119.26968973747017
1739 1819 35 234.598689002185 157.62563729060452 110.98616168973052
1533 1819 39 234.71143375680583 156.62310949788264 110.4398064125832
1085 1812 23 231.23654159869494 169.60848287112563 119.22675367047309
1592 1801 18 229.02387267904507 167.6445623342175 118.61538461538461
1014 1802 36 235.02636783124586 156.55899802241265 110.19841793012525
1185 1799 44 198.02215935879303 125.75294672324375 94.85572842998586
813 1799 26 235.4642409033877 157.55332496863235 110.5194479297365
1827 1792 52 229.29990003332225 168.89370209930024 119.1456181272909
670 1791 31 233.207263064659 155.185119574845 109.29229406554474
1653 1781 38 229.6938898971567 168.6364186327889 119.12522686025409
729 1770 27 198.7139272271016 127.15683814303638 95.52321204516937
1254 1769 25 230.68970380818052 168.3906911142454 118.59661495063469
959 1767 14 201.1522842639594 128.89340101522842 97.23350253807106
1071 1763 14 199.44162436548223 128.4010152284264 97.69543147208121
1406 1759 22 235.46691871455576 157.71266540642722 111.16824196597354
1931 1756 36 196.79630850362557 126.06526038233355 95.93473961766644
1191 1755 15 199.60079051383397 137.8893280632411 100.399209486166
1471 1754 35 197.77858703568828 125.5294974508376 95.12163146394757
1326 1752 37 199.17798286090968 126.67106130520763 95.70204350692154
1042 1750 12 236.76510067114094 159.83221476510067 113.16778523489933
848 1750 24 198.66721044045678 126.91027732463296 95.84828711256118
553 1750 52 197.4368543818727 125.58280573142287 94.7620793068977
633 1749 19 231.08488063660477 170.13793103448276 120.13527851458885
1722 1746 32 199.95925597874225 128.38706820194864 96.92559787422498
1130 1746 30 235.6471754212091 157.4410307234886 110.76907829534193
786 1746 27 198.01380175658718 126.54328732747803 95.53826850690088
920 1739 25 231.92524682651623 170.2002820874471 119.5148095909732
683 1732 24 199.0978792822186 127.07340946166396 95.67862969004895
1194 1731 26 223.56712672521957 163.20577164366372 114.78042659974905
1565 1724 51 198.49816727757414 126.35621459513496 95.6264578473842
1064 1721 22 232.46502835538752 170.66540642722117 120.2570888468809
736 1717 24 229.07014681892335 167.88907014681894 118.69004893964112
992 1713 38 198.7707199032063 126.52389594676347 95.62734422262554
1252 1711 25 198.80112834978843 126.8885754583921 96.28913963328631
1390 1710 22 197.9413988657845 126.65028355387524 96.34593572778829
823 1707 12 235.1006711409396 159.10738255033556 113.11409395973155
1440 1707 18 230.9893899204244 170.74801061007958 121.07161803713527
1104 1705 13 233.73604060913704 174.32994923857868 123.63451776649745
617 1705 18 197.58620689655172 127.26525198938991 97.88063660477454
1996 1702 27 230.4077791718946 154.50188205771641 110.05771643663738
481 1701 26 195.62484316185694 124.51693851944792 95.1104140526976
1866 1700 35 198.03058994901676 127.0531682447196 96.19810633648945
1655 1699 31 234.48095659875997 157.5314437555359 110.82462356067316
1344 1697 15 198.93675889328063 127.6403162055336 97.19367588932806
783 1697 15 231.1185770750988 170.30434782608694 120.37154150197628
1787 1696 35 233.10706482155865 156.38455935906774 110.48361252731246
1486 1695 24 231.48450244698208 170.90701468189235 120.83034257748777
1710 1695 19 229.65251989389918 169.9946949602122 120.54376657824933
1941 1691 22 231.16257088846882 155.02079395085067 110.23818525519849
875 1689 33 234.9403341288783 156.48369132856007 110.04375497215594
931 1688 16 199.2302839116719 127.48264984227129 96.96845425867508
1303 1683 26 231.70388958594728 170.35884567126723 119.95232120451693
1421 1682 11 137.59731543624162 172.23489932885906 127.14765100671141
437 1674 19 227.55437665782492 166.75596816976127 118.51989389920423
678 1670 31 233.90079716563332 155.5394154118689 109.64216120460586
1823 1666 10 229.99115044247787 171.95575221238937 123.67256637168141
1157 1664 36 199.2359920896506 127.3071852340145 96.10744891232696
618 1661 13 211.82233502538068 142.1522842639594 122.14213197969542
815 1659 25 166.73483779971792 162.7997179125529 113.8984485190409
562 1653 37 191.83058668424522 115.86090969017798 106.51680949241924
2029 1653 21 195.47448015122873 126.58979206049149 97.15689981096409
1610 1652 31 130.75287865367582 170.6651904340124 124.5465013286094
1742 1651 18 198.15915119363393 127.75862068965516 97.55437665782493
483 1648 22 227.87523629489604 166.3289224952741 117.98298676748583
1850 1646 15 229.52569169960472 170.798418972332 121.65612648221342
1367 1644 37 118.9525379037574 160.8292682926829 138.28543177323664
740 1644 39 147.29703569268 146.41802782819119 107.17241379310346
1908 1641 32 228.8875110717449 169.64127546501328 120.0726306465899
1243 1641 32 235.9495128432241 158.22320637732508 111.0265721877768
1910 1639 32 229.0 170.0 120.0
1537 1639 31 119.00354295837025 160.41009743135518 138.21700620017714
1977 1638 23 196.53344208809136 126.89885807504079 96.48776508972269
1683 1638 34 119.54574383452666 161.2752585521082 138.945107398568
1455 1638 38 130.33151845130067 171.0592861464005 124.3901996370236
958 1639 32 215.36935341009743 143.21877767936226 121.33303808680249
1060 1635 51 192.92235921359548 116.026991002999 106.43518827057648
1743 1632 9 193.4320987654321 140.49382716049382 106.49382716049382
903 1632 17 192.58044164037855 116.67192429022082 107.30914826498423
2029 1631 10 192.0 137.4867256637168 104.05309734513274
1793 1630 22 195.97542533081287 125.69187145557656 95.5538752362949
1297 1622 21 197.90359168241966 127.31568998109641 96.79395085066163
853 1616 23 119.4567699836868 160.67862969004895 138.41435562805873
1640 1610 14 132.9695431472081 172.6243654822335 126.57868020304568
633 1609 31 213.03631532329496 141.75465013286095 120.68113374667848
1188 1604 19 199.3766578249337 128.3660477453581 96.9549071618037
1746 1602 30 229.34985133795837 169.22101090188306 119.60951437066402
1143 1601 18 237.3368700265252 160.27586206896552 112.88328912466842
692 1601 20 132.3673469387755 171.73242630385488 125.40589569160998
422 1601 42 196.57980622131566 125.10453850076492 95.23763386027538
580 1595 13 215.78680203045684 145.2233502538071 123.746192893401
802 1595 23 118.53181076672105 159.6590538336052 137.5073409461664
2030 1593 37 228.2972972972973 169.31443638760712 120.24192485168093
1580 1591 23 119.5073409461664 160.73083197389886 138.66884176182708
1403 1587 18 235.25464190981432 158.05570291777187 111.78514588859416
932 1585 15 214.42687747035572 143.18577075098813 121.90513833992094
888 1581 19 231.315649867374 170.6286472148541 120.657824933687
520 1577 40 234.29113218070276 156.5521472392638 110.09704406023425
991 1573 31 194.75996457041632 116.89813994685562 106.9140832595217
1326 1571 34 198.6348448687351 127.43038981702466 95.79395385839301
1513 1571 38 130.53357531760437 170.94313369630976 124.9794313369631
1951 1568 36 195.9413315754779 125.87343441001977 95.60382333553065
1686 1568 25 198.01269393511987 126.82510578279266 95.98871650211565
1165 1568 15 214.07509881422922 143.7391304347826 121.88142292490117
1850 1563 52 233.10329890036655 156.93835388203934 110.26157947350883
1249 1563 37 232.10283454185893 171.5458141067897 120.74159525379036
1446 1560 21 198.56521739130434 127.43100189035917 96.82608695652173
369 1559 19 230.3474801061008 170.42175066312996 121.36870026525199
1631 1556 24 234.35399673735728 157.72104404567702 111.59380097879283
1044 1554 23 232.21044045677 171.78792822185972 121.41924959216966
1112 1551 31 214.696191319752 143.58015943312665 121.66784765279009
668 1550 21 193.4536862003781 116.81852551984878 107.56332703213612
837 1548 31 130.85119574844995 170.8724534986714 124.73959255978743
1574 1546 17 132.05993690851736 172.0788643533123 125.78233438485805
1572 1546 17 132.0 172.0 126.0
603 1541 35 192.52731245447924 116.21412964311727 107.05462490895849
458 1541 18 196.3474801061008 125.6896551724138 95.60477453580901
744 1536 50 118.2080822403403 159.23360510457286 137.3853243530663
2070 1528 28 194.44173140954496 125.04994450610432 96.19644839067703
1388 1527 37 231.99011206328277 170.78378378378378 119.98286090969017
931 1526 36 193.2649967040211 116.33289386947922 106.96769940672378
2004 1525 19 232.49071618037135 157.48010610079575 111.6472148541114
1755 1522 36 200.4561634805537 128.80026367831246 96.98879367172049
1959 1519 12 229.02684563758388 171.81208053691276 122.87248322147651
991 1517 12 212.92617449664428 143.14093959731542 121.33557046979865
535 1515 17 196.82649842271292 126.13564668769716 96.36593059936908
1461 1514 19 199.22281167108753 127.74270557029178 97.05305039787798
1185 1514 32 192.36581045172719 116.44109831709478 106.76527900797166
407 1510 31 233.68113374667848 156.21080602302922 110.2356067316209
1604 1510 23 119.8352365415987 161.8009787928222 139.11908646003263
1028 1508 14 201.05076142131978 130.5177664974619 99.16243654822334
991 1506 10 199.50442477876106 141.2920353982301 111.46017699115045
1673 1503 37 198.47396176664466 127.03889255108766 96.43375082399471
1121 1501 13 214.7664974619289 145.59390862944161 123.89340101522842
1234 1497 12 213.93288590604027 143.71812080536913 122.2751677852349
868 1496 16 120.0757097791798 161.04731861198738 138.93690851735016
1903 1492 36 229.35332893869477 170.28675016479895 120.54449571522741
1079 1489 23 235.52528548123982 158.80913539967375 111.83686786296902
820 1489 21 130.7296786389414 171.21739130434784 124.83175803402646
2080 1488 12 198.6979865771812 130.28187919463087 100.61073825503355
2081 1485 12 199.0 130.0 101.0
349 1482 19 196.07161803713527 126.33952254641909 97.29442970822281
478 1482 38 230.1034482758621 168.95220810647308 119.26678765880219
656 1479 38 213.26315789473685 142.07803992740472 121.02661826981247
2026 1478 28 195.4850166481687 125.25194228634851 95.55826859045506
1303 1478 51 199.07630789736754 127.06331222925692 95.26457847384205
994 1476 29 231.14761376248615 170.88901220865705 120.44062153163152
1969 1474 21 195.68998109640833 125.72400756143668 96.0718336483932
1620 1470 16 131.6372239747634 170.6372239747634 125.43217665615141
939 1470 13 197.20812182741116 127.8223350253807 98.7005076142132
1825 1469 36 233.22808174027685 156.9288068556361 110.59261700725115
1377 1468 12 235.993288590604 161.04697986577182 114.51006711409396
771 1468 22 148.15500945179585 148.5274102079395 108.39319470699434
903 1467 16 232.64984227129338 172.70031545741324 122.19242902208201
1532 1466 52 118.69910029990004 160.83205598133955 138.55748083972009
566 1460 38 196.4150030248034 125.51058681185724 95.57350272232306
862 1460 16 166.94637223974763 163.2397476340694 114.94952681388013
722 1459 22 119.28544423440454 160.32136105860113 138.27221172022684
1434 1455 37 232.86618325642715 172.55174686882003 121.35992089650625
1744 1448 35 230.26584122359796 171.13765477057538 120.76984705025492
1134 1447 37 199.05537244561634 127.53922214897824 96.1951219512195
1213 1446 31 232.27192205491585 172.17360496014172 121.07440212577502
1945 1439 17 232.1955835962145 156.801261829653 111.15457413249212
340 1439 18 233.46684350132625 157.16445623342173 111.83023872679044
2086 1437 38 228.53115547489415 169.23049001814883 120.43315184513007
1679 1436 21 233.71833648393195 157.86767485822307 111.75803402646503
1877 1432 20 198.50566893424036 128.4512471655329 97.66893424036282
407 1432 37 197.98417930125245 126.55965721819379 95.7027027027027
1373 1430 21 235.1531190926276 159.20982986767487 112.22306238185256
1061 1426 31 236.10008857395925 158.95039858281666 111.32418069087689
1792 1423 10 230.21238938053096 175.57522123893804 127.46902654867256
820 1422 29 184.5493895671476 178.05105438401776 123.09988901220866
875 1416 16 185.14195583596214 178.48580441640377 123.80441640378548
755 1417 23 130.6916802610114 171.38009787928223 125.28711256117455
1616 1415 33 130.9315831344471 171.3659506762132 125.17740652346858
699 1416 26 193.66373902132997 116.85069008782935 107.85194479297364
630 1413 25 233.23131170662904 156.66008462623412 110.9605077574048
942 1410 40 197.91466815393196 127.08533184606804 95.920245398773
2002 1410 37 230.60580092287407 154.9499011206328 109.7798286090969
1008 1406 17 232.4763406940063 172.6309148264984 121.52996845425866
572 1402 14 230.52791878172587 170.89340101522842 121.05076142131979
1331 1400 20 149.57142857142858 149.4512471655329 109.94784580498866
1834 1391 31 183.16829052258637 176.64393268379098 123.37112488928256
1918 1385 33 197.96499602227527 127.26571201272873 96.2895783611774
2130 1385 21 198.18714555765595 127.84120982986768 97.56521739130434
1471 1384 27 182.68005018820577 176.4491844416562 122.0552070263488
1270 1384 35 184.2680262199563 178.07720320466134 122.36270939548434
1770 1382 21 182.82797731569 176.32325141776937 122.43478260869566
1395 1379 38 146.26194797338175 146.61403508771932 106.97822141560799
844 1379 14 165.9695431472081 162.96446700507613 114.75634517766497
502 1379 53 233.71579931442815 155.97008413836085 109.85976939856653
408 1378 11 230.38926174496643 172.28187919463087 123.50335570469798
1696 1378 37 163.85959129861567 161.17732366512854 113.25708635464733
338 1375 39 230.34482758620692 170.54446460980037 120.54930429522082
1195 1375 32 166.9734278122232 164.41718334809568 114.49955713020373
1045 1373 22 200.20415879017014 129.32136105860113 97.47258979206049
1119 1371 33 185.08830548926016 178.50755767700875 122.86873508353223
728 1371 20 213.54875283446714 143.25850340136054 121.6077097505669
1870 1356 17 163.22082018927443 160.06624605678232 113.5583596214511
1470 1354 11 152.20805369127515 149.40939597315435 108.06711409395973
584 1354 24 232.04404567699837 173.2137030995106 123.19738988580751
884 1352 30 163.78889990089198 161.66501486620416 113.25668979187314
789 1351 34 118.99204455051711 161.97374701670645 138.96817820206843
1745 1350 12 168.6241610738255 164.38255033557047 116.86577181208054
664 1349 37 233.5458141067897 156.977587343441 110.68688200395516
2145 1347 17 228.03154574132492 169.03154574132492 120.5615141955836
1323 1347 18 235.9708222811671 159.6445623342175 112.32891246684349
2064 1337 51 195.34421859380208 124.52149283572143 94.68943685438188
1672 1329 10 164.44247787610618 161.42477876106196 115.78761061946902
1968 1328 33 232.09546539379477 155.76770087509945 109.94988066825776
1612 1328 36 118.52406064601186 160.77323665128543 138.46539222148976
1069 1328 27 231.20075282308656 171.069008782936 120.59096612296109
1907 1326 18 196.2864721485411 126.80106100795756 96.79840848806366
1218 1321 18 185.12732095490716 179.3262599469496 123.38461538461537
1410 1316 14 143.10152284263958 143.6751269035533 106.57868020304568
986 1316 50 235.17653314427508 158.02587734845798 110.55618574973414
1801 1314 51 141.85604798400533 142.70209930023327 103.99866711096301
1548 1315 22 131.58790170132326 172.88468809073726 125.92060491493385
1469 1315 39 144.615849969752 145.3478523895947 106.40895341802783
411 1314 40 196.31678750697156 125.2058003346347 95.24428332403794
729 1313 31 196.94331266607617 126.44906997342781 96.04074402125775
353 1311 14 232.69035532994923 157.25380710659897 112.20812182741116
905 1310 10 135.05309734513276 173.2920353982301 127.61061946902655
1156 1307 33 141.8400954653938 143.23627684964202 104.08035003977726
1277 1305 33 163.42561654733493 161.98965791567224 113.00477326968974
305 1303 18 229.08488063660477 169.72148541114058 120.9708222811671
1354 1302 32 183.38706820194864 177.47652790079718 122.47475642161206
1876 1301 14 144.48223350253807 143.994923857868 106.96954314720811
613 1298 20 195.8231292517007 125.6984126984127 96.0498866213152
844 1298 32 129.7776793622675 171.22852081488043 124.73073516386182
780 1297 18 143.3607427055703 144.12466843501326 107.10610079575596
482 1297 23 195.07177814029365 124.59216965742252 95.01468189233279
1046 1291 9 232.74074074074073 177.20987654320987 128.25925925925924
2009 1288 16 229.14195583596214 170.28706624605678 121.04100946372239
1711 1288 36 182.48319050758073 176.19644034278178 122.46143704680289
548 1288 34 195.3062848050915 124.8854415274463 94.93556085918856
670 1280 29 231.10765815760266 171.7857935627081 121.28523862375138
1920 1280 20 229.55328798185943 171.01814058956916 121.53514739229026
2145 1279 37 230.35464733025708 154.26631509558337 109.7448912326961
1521 1275 12 232.6241610738255 175.29530201342283 125.79194630872483
1413 1272 20 231.17913832199548 171.3560090702948 121.43083900226758
2081 1268 14 227.80710659898475 168.91878172588832 121.05583756345176
1968 1269 18 195.3236074270557 125.47745358090185 96.33421750663129
1312 1266 8 230.0 174.93827160493825 128.9753086419753
1649 1265 25 130.7503526093089 171.2327221438646 125.44851904090268
1090 1253 36 197.23071852340144 127.23731048121292 96.19116677653263
1219 1252 33 182.74463007159906 177.94669848846462 122.0381861575179
911 1252 37 117.33025708635464 159.70468029004613 137.1713909030982
1030 1251 18 234.83289124668434 159.3925729442971 112.42175066312997
1576 1247 36 118.47066578773895 160.44561634805535 138.10283454185893
1154 1245 18 230.40583554376656 171.65517241379308 121.85411140583554
436 1243 25 232.6755994358251 155.58815232722142 109.96473906911142
494 1242 24 230.57748776508973 170.74551386623165 120.42577487765091
1806 1239 11 233.80536912751677 159.6711409395973 116.01342281879194
1752 1238 24 231.62969004893966 172.7194127243067 122.37357259380099
1490 1237 25 233.83215796897036 156.09732016925247 110.262341325811
829 1236 24 141.6068515497553 143.12071778140293 104.99021207177815
611 1236 35 232.33576110706483 155.86088856518575 109.89876183539695
1349 1235 23 197.3066884176183 127.44698205546493 96.73083197389886
978 1234 23 215.23817292006527 145.51223491027733 122.73898858075042
2026 1234 36 228.6901779828609 169.48121292023728 120.44429795649307
1284 1232 25 141.42877291960508 143.09308885754584 104.14950634696756
1862 1231 35 182.29788783685362 175.3903860160233 122.68536052439913
344 1229 52 194.55714761746086 123.90136621126291 94.61812729090303
1703 1228 20 195.74603174603175 125.93877551020408 96.46485260770976
748 1226 51 196.70509830056648 126.24725091636121 95.42719093635455
548 1226 20 193.97052154195012 125.03854875283447 95.78684807256236
2336 1222 2 165.4 163.0 164.4
2156 1221 18 192.44827586206895 123.42705570291777 95.34217506631299
670 1220 20 195.859410430839 126.69160997732426 96.39909297052155
2098 1217 27 195.04516938519447 124.7465495608532 95.85194479297364
1944 1211 33 195.1980906921241 125.04852824184567 95.7716785998409
1656 1204 28 129.0976692563818 169.28856825749168 124.15205327413985
1239 1199 17 160.8832807570978 159.84858044164037 112.34700315457413
1795 1199 22 197.00189035916824 127.31190926275993 97.75614366729678
1049 1196 31 192.39326837909655 117.8086802480071 107.99291408325952
1557 1193 11 228.73825503355704 171.95973154362414 124.52348993288591
1417 1193 48 195.7862305058958 124.95739825028528 94.81970330924307
402 1191 8 228.85185185185185 174.48148148148147 128.34567901234567
1183 1190 32 234.49512843224093 158.49955713020373 111.81842338352524
931 1189 22 130.8695652173913 172.69565217391306 126.05671077504726
990 1187 20 190.1746031746032 116.66439909297053 106.91156462585035
1846 1184 13 229.40609137055836 170.75634517766497 122.44670050761421
455 1183 36 230.09228740936055 170.64007910349372 120.51285431773236
1514 1183 28 230.41398446170922 170.8645948945616 120.45061043285239
572 1183 18 230.9973474801061 172.84615384615384 121.73474801061008
1600 1182 20 119.97278911564626 161.1904761904762 139.49659863945578
1331 1181 21 160.81852551984878 159.36105860113423 112.48771266540643
1110 1180 31 213.81399468556245 144.84676705048716 122.41452612931799
524 1178 21 195.21928166351609 125.74480151228734 96.03024574669188
1993 1177 20 228.2607709750567 169.01814058956916 120.7437641723356
1887 1178 20 229.60090702947846 170.80498866213154 121.43764172335601
866 1177 32 185.96988485385296 180.9185119574845 123.81665190434013
690 1176 18 233.05570291777187 157.41909814323606 111.45358090185675
1278 1175 21 143.52173913043478 145.33648393194707 106.12287334593573
1731 1169 37 197.10613052076465 126.4152933421226 96.08899143045484
627 1170 28 230.66703662597115 172.28523862375138 121.661487236404
803 1167 20 197.86167800453515 127.98639455782313 97.25850340136054
118 1166 2 164.0 160.8 164.0
725 1159 15 229.67588932806322 171.34387351778656 121.75098814229248
2143 1159 36 194.32630191166774 124.3691496374423 95.22742254449571
2060 1154 35 193.27312454479244 123.24981791697014 94.55426074289876
1932 1152 18 231.57029177718832 155.3342175066313 110.9549071618037
316 1149 25 228.36953455571228 169.09449929478137 120.18617771509167
498 1149 9 229.74074074074073 174.04938271604937 125.92592592592592
1239 1146 18 195.07957559681697 127.19893899204243 96.74270557029178
1474 1146 17 197.3596214511041 127.61514195583595 96.86435331230284
1819 1139 29 233.5371809100999 156.8457269700333 110.99112097669257
1567 1139 27 130.93726474278543 171.50941028858216 125.54203262233374
1203 1137 18 232.20159151193633 157.41909814323606 111.48541114058355
1005 1138 22 117.24952741020795 160.4820415879017 137.59735349716448
438 1136 7 230.40816326530611 179.83673469387753 136.75510204081633
388 1135 36 232.60382333553062 156.06855636123927 110.33553065260381
1308 1134 15 184.40316205533597 179.65217391304347 124.00395256916995
831 1130 21 230.87145557655955 172.29111531190927 121.26654064272212
877 1122 15 232.09486166007903 157.78656126482213 112.03557312252964
1767 1120 13 231.90862944162436 174.08629441624365 124.42131979695431
933 1119 39 140.23895946763463 143.03145795523292 103.83484573502723
632 1117 17 195.06624605678232 126.74132492113564 96.65930599369085
1718 1115 8 230.98765432098764 163.62962962962962 123.55555555555554
771 1115 31 233.73870682019486 157.94154118689107 111.06200177147919
689 1115 30 197.48860257680872 128.33597621407333 97.1199207135778
1888 1115 32 195.13994685562446 125.22143489813995 95.86182462356068
1436 1114 23 230.8988580750408 171.30179445350734 120.94779771615009
471 1113 23 196.99510603588908 127.5725938009788 97.6867862969005
1156 1112 33 189.57756563245823 115.99920445505171 106.41766109785203
1070 1113 34 213.64280031821798 145.7255369928401 122.97215592680988
1231 1111 12 211.751677852349 144.06711409395973 122.48993288590604
1648 1109 52 119.31756081306231 162.02632455848052 139.4801732755748
1977 1108 36 232.6440342781806 156.84772577455502 110.77191825972312
553 1104 51 230.53282239253582 171.79873375541487 121.07430856381207
1361 1103 40 141.02007808142778 142.97211377579475 103.88957055214725
1274 1100 27 232.038895859473 174.0125470514429 122.39899623588455
2044 1099 15 194.69565217391303 125.82608695652173 96.65217391304347
1826 1097 7 233.16326530612244 179.0204081632653 131.53061224489795
340 1097 17 231.99053627760253 156.0441640378549 111.41955835962145
812 1089 13 232.03045685279187 176.3451776649746 125.36548223350253
1789 1089 13 232.23350253807104 173.81218274111674 123.5989847715736
1512 1084 41 234.05048444671087 157.19734829168792 110.88067312595615
1000 1082 24 184.56280587275694 180.86460032626428 123.3588907014682
647 1077 22 233.40264650283555 157.98865784499054 111.28166351606805
1580 1076 16 120.3186119873817 161.18927444794951 138.88012618296528
406 1076 22 230.65595463137996 171.78071833648394 121.648393194707
1732 1076 31 231.7838795394154 173.07263064658991 122.63596102745794
2121 1071 52 228.4475174941686 170.160613128957 121.2222592469177
736 1072 16 211.32807570977917 143.7665615141956 122.04416403785488
1429 1071 11 188.69127516778522 182.4429530201342 127.67114093959731
1214 1067 27 212.79548306148052 144.23086574654954 122.18820577164365
1318 1062 17 234.5552050473186 158.93690851735016 112.0
1075 1058 16 213.9116719242902 146.58990536277602 123.81072555205047
698 1058 20 191.28571428571428 117.82312925170068 108.0498866213152
873 1054 38 194.87235329703572 125.91591046581974 95.47307924984877
2026 1050 29 232.13984461709214 156.2142064372919 110.42619311875694
472 1050 33 193.63007159904535 124.41766109785203 94.87589498806683
1924 1049 32 196.947741364039 126.93976970770593 96.73516386182463
952 1050 28 159.67369589345174 160.15538290788012 111.55937846836848
1844 1046 40 230.65142219743447 172.0931399888455 122.08142777467931
1032 1046 14 141.86294416243655 144.32487309644668 105.75634517766497
1781 1044 17 195.24921135646687 126.47949526813879 96.79495268138801
1975 1042 10 228.44247787610618 172.71681415929203 125.70796460176992
348 1043 37 230.2485168094924 170.9861568885959 121.0870138431114
611 1042 20 193.24489795918367 125.3718820861678 95.7687074829932
1397 1040 22 161.0718336483932 160.18714555765595 111.76748582230624
1457 1039 21 119.37807183364839 161.82986767485824 138.9962192816635
1267 1037 25 212.38504936530325 143.7771509167842 121.71086036671367
1352 1036 17 233.2018927444795 158.34069400630915 111.91482649842271
1611 1035 28 129.9389567147614 170.6725860155383 125.14983351831299
1549 1032 20 193.15419501133786 124.6530612244898 96.41043083900227
794 1030 39 191.54990925589837 117.50272232304901 107.4367816091954
1152 1024 47 192.0974317162658 118.01916021198532 107.70403587443946
420 1017 21 231.20037807183365 156.09829867674858 111.0
1061 1015 13 160.9492385786802 161.16243654822333 113.66497461928932
1226 1014 18 191.19628647214853 118.16445623342175 108.24668435013263
712 1013 23 118.07504078303427 162.33115823817292 138.74388254486135
656 1013 22 117.84120982986768 161.37996219281663 138.17391304347825
2056 1012 17 228.72870662460568 170.9148264984227 122.0
1679 1013 39 119.71324863883848 162.59044162129462 139.8844525105868
1962 1010 14 229.20812182741116 172.23350253807106 123.68527918781724
1504 1007 22 120.01512287334594 163.42155009451795 140.30812854442345
1755 1005 21 234.45179584120984 158.65595463137996 112.20793950850661
548 1005 36 233.1179960448253 157.26763348714567 110.64337508239946
1315 1002 23 195.68841761827082 126.5562805872757 95.69331158238174
608 1000 18 196.19363395225463 128.84084880636604 98.77984084880636
1002 999 32 185.12754650132862 181.36846767050488 123.39592559787422
854 997 18 187.9363395225464 115.58355437665782 106.10344827586206
1426 995 20 185.00907029478458 179.89795918367346 123.89342403628119
1372 991 24 231.4404567699837 173.30179445350734 121.87275693311582
1569 989 17 232.7160883280757 156.9148264984227 112.18611987381703
468 987 26 230.55081555834377 172.1229611041405 121.75407779171894
1808 981 27 233.3525721455458 157.7728983688833 111.33751568381429
327 981 18 195.9177718832891 126.83554376657824 97.47745358090185
1472 981 15 135.0909090909091 177.04347826086956 129.03557312252963
1267 979 26 190.6587202007528 117.14178168130489 107.13425345043913
913 979 41 231.47169811320757 174.0775114737379 122.09739928607854
760 977 11 212.69127516778522 147.0201342281879 124.60402684563758
727 975 10 123.2566371681416 166.20353982300884 142.26548672566372
1618 973 23 120.0326264274062 163.15660685154975 140.4388254486134
2127 971 37 230.2050098879367 155.6914963744232 110.78180619644033
1757 971 8 230.320987654321 177.11111111111111 131.61728395061726
2066 967 16 230.596214511041 156.5583596214511 111.76340694006309
381 967 31 195.55181576616476 126.9627989371125 97.06554472984942
1999 963 39 195.27041742286752 125.81004234724745 95.8257713248639
1071 962 36 158.3579433091628 159.3170731707317 110.63744232036915
853 961 12 231.18791946308724 175.5503355704698 124.68456375838926
1899 959 52 195.58547150949684 125.9240253248917 95.68943685438188
1199 957 28 212.59489456159824 145.42175360710323 122.76248612652608
1718 953 21 121.10586011342156 164.57466918714556 141.4593572778828
804 953 32 214.7360496014172 146.27369353410097 123.40212577502214
675 953 38 130.67574107683 173.7253478523896 126.17967332123413
1581 950 13 122.5228426395939 165.1522842639594 141.96446700507613
597 949 29 196.3873473917869 127.90677025527192 96.99223085460599
546 945 18 197.81697612732094 128.88859416445624 98.47480106100795
1667 944 23 132.15823817292008 173.3572593800979 127.07993474714519
1139 942 19 118.6366047745358 163.604774535809 139.82758620689654
1520 941 36 119.93210283454185 164.4700065919578 140.88002636783122
431 941 17 230.54258675078864 173.22397476340694 122.78864353312302
744 935 23 130.3915171288744 173.4567699836868 125.73898858075042
1325 934 38 195.6854204476709 126.91409558378706 95.76225045372051
987 933 26 196.22208281053952 128.52948557089084 97.43914680050187
1818 931 19 232.3050397877984 156.53580901856762 110.90981432360742
1767 929 20 197.01814058956916 128.09750566893425 98.12471655328798
2057 928 15 229.1383399209486 173.0 123.63241106719367
492 919 34 232.77645186953063 156.93317422434367 110.60938743038982
353 917 21 232.2514177693762 157.42155009451795 111.83931947069944
940 911 21 234.93005671077506 160.55576559546313 112.6937618147448
1422 911 53 234.364599563727 158.39950140230602 110.96821439700841
1249 904 38 213.15184513006656 145.54627949183305 122.56019358741683
1172 904 22 131.27410207939508 175.33081285444234 126.82797731568998
1597 904 31 131.87776793622675 173.57218777679364 126.52701505757308
1251 903 37 212.99999999999997 146.0 122.99999999999999
1844 902 15 195.399209486166 127.39525691699603 98.35177865612647
870 898 39 195.1433756805808 127.13490623109499 96.01693889897157
561 898 25 198.01410437235543 128.95909732016926 97.83074753173483
1103 897 24 145.06851549755302 148.74061990212073 107.29526916802611
1655 895 17 122.42586750788644 166.84542586750788 142.81703470031545
1497 896 7 231.1224489795918 182.16326530612244 137.6122448979592
2115 894 33 193.38106603023073 125.11296738265713 96.46380270485282
790 894 21 192.6086956521739 119.10207939508507 108.93005671077505
1963 892 30 230.19722497522298 173.13478691774034 122.65014866204162
618 889 28 231.0943396226415 174.826859045505 123.59822419533852
1786 888 20 231.97278911564626 174.5873015873016 124.3310657596372
1724 888 38 131.6938898971567 173.1663641863279 126.19963702359348
1041 888 35 234.0502549162418 159.43772760378732 111.76620538965769
1543 878 19 132.27851458885942 173.9363395225464 126.55702917771883
927 874 8 231.43209876543207 165.44444444444443 123.08641975308642
972 872 24 199.10766721044047 131.15823817292008 98.13213703099511
1349 872 21 232.61058601134215 176.42911153119093 124.04914933837429
2036 870 35 194.47414420975966 125.20101966496723 95.63583394027677
1304 869 17 231.92744479495266 176.0283911671924 124.09779179810725
1831 862 19 231.74801061007958 156.41644562334216 111.33687002652519
1488 860 21 196.4820415879017 127.45368620037807 96.97353497164461
403 858 53 195.8124026176379 126.38610158928014 95.56777812402618
1195 859 22 120.39886578449905 168.79017013232516 142.531190926276
1894 854 39 232.46218995765278 157.01330913490625 110.58136721113128
703 853 52 118.93302232589137 164.78073975341553 140.44285238253917
1646 850 27 131.54077791718944 173.4366373902133 126.22082810539523
1285 846 10 213.7433628318584 148.73451327433628 126.21238938053096
2093 842 16 228.993690851735 174.08201892744478 125.37854889589904
512 840 37 230.53197099538562 173.53394858272907 122.46802900461437
1580 839 24 120.56769983686787 164.66394779771616 141.08482871125614
840 838 27 160.05897114178168 160.7578419071518 111.15558343789209
1132 836 29 118.95782463928968 166.43951165371809 141.12874583795784
1391 836 20 233.58049886621316 158.65532879818593 111.6780045351474
1758 833 17 122.01261829652996 165.18927444794951 142.01892744479494
1077 833 19 159.3899204244032 160.77188328912467 112.11405835543766
784 831 20 131.94104308390024 175.5374149659864 126.87074829931973
1243 829 22 119.52741020793951 167.36294896030248 141.62003780718337
912 824 33 188.8711217183771 185.56881463802705 125.81145584725537
591 824 29 233.12319644839067 158.58157602663707 111.82907880133186
1521 823 21 197.5803402646503 128.06805293005672 97.60113421550095
1007 814 39 143.8711433756806 148.10707803992742 106.86872353297036
1967 811 38 230.07743496672717 173.5003024803388 123.16454930429524
1913 805 9 228.5679012345679 175.16049382716048 127.45679012345678
1871 805 12 230.48322147651007 174.95302013422818 125.74496644295301
1446 804 39 232.32425892317002 175.28130671506352 123.48396854204478
1326 805 38 196.29885057471265 128.0538415003025 96.7610405323654
454 804 12 229.90604026845637 175.18791946308724 125.30872483221476
1623 802 19 132.45092838196285 174.45623342175065 126.89389920424402
1812 801 38 195.12341197822144 126.335148215366 96.46098003629764
700 799 10 145.64601769911505 163.5575221238938 123.67256637168141
642 798 21 196.86578449905483 128.76937618147448 98.32325141776938
2052 791 35 192.4981791697014 124.78878368536053 95.97960670065551
551 788 17 233.596214511041 159.90851735015772 113.38170347003154
744 787 19 120.22015915119363 166.24668435013263 141.65782493368698
1262 785 20 157.76643990929705 159.4716553287982 110.578231292517
1192 785 38 130.1391409558379 175.08711433756807 126.1966122202057
381 785 16 195.98107255520503 129.29652996845425 100.20820189274447
1699 782 52 120.3678773742086 165.24658447184274 141.43852049316894
698 779 19 186.79575596816974 182.74270557029178 125.19363395225463
954 778 17 157.50473186119874 159.41640378548897 110.98422712933754
866 776 18 119.02122015915118 165.3925729442971 140.6339522546419
1384 772 21 196.12854442344045 128.45557655954633 97.37807183364839
594 772 14 233.81218274111674 160.18781725888323 113.248730964467
803 771 35 131.33794610342318 175.50254916241806 126.54042243262928
493 770 25 194.47672778561355 126.77574047954866 96.53878702397743
1563 767 39 234.93042952208108 159.21657592256506 112.2431941923775
432 759 29 231.95782463928967 157.15649278579357 111.24528301886792
1496 757 20 232.86848072562358 175.82086167800455 124.52154195011339
910 758 19 120.23872679045093 167.6445623342175 142.2970822281167
1899 753 37 197.22478576137112 128.0349373764008 97.16545814106789
1776 750 17 131.7223974763407 172.34384858044163 125.95268138801262
1097 750 52 118.66744418527158 166.66177940686438 141.1356214595135
945 746 8 136.2716049382716 177.72839506172838 130.06172839506172
1455 741 13 199.16243654822333 131.75634517766497 101.0203045685279
1625 738 22 194.0756143667297 125.19092627599244 96.06049149338375
1336 738 21 231.82041587901702 175.9962192816635 123.94896030245746
2062 737 14 194.40609137055836 127.87817258883248 99.48730964467005
644 732 39 195.77858439201452 127.06352087114338 96.44041137326074
554 730 37 231.12129202373103 174.82597231377719 122.93473961766644
729 728 31 144.8724534986714 147.8635961027458 107.79450841452613
998 727 38 130.55293405928614 175.31155474894132 126.30308529945555
1822 719 34 229.96101829753383 173.58392999204455 122.75417661097853
1263 719 39 142.6116152450091 146.6509376890502 105.59407138535995
485 716 24 229.59869494290376 172.14192495921696 121.53670473083199
859 713 33 119.45584725536993 166.49801113762928 141.3914081145585
433 710 13 229.65482233502536 174.30456852791878 125.01522842639594
799 710 20 158.84807256235828 159.80045351473925 110.51473922902494
1177 707 35 184.96868171886382 182.74872541879097 123.49599417334305
926 707 26 119.1819322459222 167.01756587202007 141.46800501882058
1993 704 52 230.51216261246253 156.4381872709097 110.4281906031323
1541 705 19 232.9549071618037 175.78249336870024 124.24137931034483
1408 704 42 233.92044875063743 159.0428352881183 111.69454360020399
1486 699 27 195.4893350062735 127.07528230865745 96.83312421580928
1049 696 11 146.54362416107384 149.8724832214765 111.26174496644295
1742 695 37 120.45484508899142 165.31773236651284 141.22544495715226
1595 693 24 233.6721044045677 158.4747145187602 111.85481239804243
1122 683 13 230.43147208121826 176.6751269035533 126.04060913705582
1333 682 24 232.5889070146819 158.18597063621533 111.57096247960848
1661 679 36 195.22214897824654 126.37112722478575 96.04284772577455
519 672 18 193.05835543766577 127.42970822281167 98.0053050397878
1892 669 38 230.04658197217182 173.67695099818513 123.07743496672717
750 669 20 196.96598639455783 129.49433106575964 98.5873015873016
694 666 32 233.46147032772365 158.48538529672277 111.50752878653677
1088 664 17 196.10725552050474 129.66246056782333 98.70347003154573
954 664 19 230.3474801061008 174.17241379310343 122.50928381962864
464 661 21 193.8147448015123 127.04914933837429 97.52551984877127
1804 658 20 231.79138321995467 157.47619047619048 110.92743764172336
806 655 30 232.46382556987115 176.95936570862239 124.56888007928642
1766 644 10 229.73451327433628 176.4070796460177 127.78761061946902
1539 644 31 233.57130203720106 158.762621789194 111.58813108945971
1024 642 38 233.27162734422265 158.71627344222628 110.7858439201452
1230 640 37 195.60711931443637 128.11931443638758 96.57086354647329
1143 637 31 231.86271036315324 176.31000885739593 123.43666961913198
1840 635 15 196.47430830039525 128.7075098814229 98.3201581027668
1366 634 26 231.42409033877038 175.11919698870764 122.82559598494353
887 635 40 195.50027886224206 127.50697155605131 96.52147239263805
601 634 52 232.10496501166278 157.1356214595135 110.42752415861379
1726 633 19 231.05570291777187 174.9098143236074 123.9416445623342
1302 632 26 196.21329987452947 128.61355081555834 97.42659974905897
1606 625 26 194.9836888331242 126.34755332496863 96.18444165621078
504 621 29 193.01997780244173 125.71698113207547 95.85016648168701
1086 615 22 231.57466918714556 176.15500945179585 123.7069943289225
960 615 21 232.9546313799622 158.96219281663517 111.80529300567107
1453 611 51 195.38120626457848 126.79240253248918 96.03332222592469
674 611 17 195.50157728706623 127.88643533123027 97.37539432176656
1956 611 38 229.9739866908651 155.5208711433757 110.34906231094979
1184 603 10 231.58407079646017 162.15929203539824 116.95575221238938
831 604 15 196.31225296442688 128.73517786561263 97.72727272727272
734 601 37 230.892551087673 174.10019775873434 122.44232036914963
1674 595 34 232.46778042959428 157.1599045346062 110.7478122513922
1799 593 37 194.3157547791694 126.25576796308502 96.03757415952538
1876 590 30 229.19127849355797 173.26560951437065 122.85728444003963
800 591 14 231.248730964467 157.88324873096445 112.73096446700507
1731 589 17 194.35015772870662 127.01892744479495 97.69716088328076
1279 580 15 230.9881422924901 157.65612648221344 111.798418972332
996 580 20 194.4467120181406 127.50566893424036 96.46258503401361
911 579 13 232.08629441624365 159.32487309644668 113.87817258883248
539 579 18 230.87798408488064 175.19628647214853 123.6657824933687
1616 578 13 230.3959390862944 176.20304568527916 126.68020304568527
1314 577 15 231.94466403162053 158.798418972332 112.77075098814228
1359 572 25 231.37235543018335 175.63046544428772 123.48236953455572
1557 571 35 231.3729060451566 175.6016023306628 123.97960670065551
1051 569 26 196.25972396486824 128.9272271016311 97.19698870765369
1218 565 35 231.25200291332848 175.2818645302258 123.01310997815004
1138 562 36 231.34344100197757 175.93935398813446 123.6255767963085
946 560 20 230.14285714285714 175.12244897959184 123.61451247165533
1406 555 13 193.4720812182741 128.7969543147208 99.88832487309644
665 552 33 194.75417661097853 126.95544948289579 96.8329355608592
1923 551 18 193.84084880636604 127.79045092838196 98.9708222811671
1494 549 16 195.00315457413248 127.74447949526814 98.08832807570978
770 543 20 231.84807256235828 157.01360544217687 111.26303854875283
1007 539 13 231.25380710659897 175.8223350253807 124.80203045685278
586 539 32 231.17271922054917 175.2710363153233 123.78742249778566
1891 536 11 228.40939597315435 175.84563758389262 128.28859060402684
850 534 50 195.77454803261256 127.18574973413683 96.09535625664658
1640 528 31 195.06731620903454 127.2267493356953 97.08945969884854
1344 522 13 196.86802030456852 131.04060913705584 100.36548223350253
1384 520 17 232.4763406940063 158.5520504731861 111.6782334384858
1287 520 35 195.37363437727606 127.7428987618354 96.62490895848508
723 518 23 232.0652528548124 175.41272430668843 123.84665579119087
1729 517 51 229.8223925358214 173.33988670443185 122.45051649450184
1836 516 37 194.00131839156228 126.45088991430454 96.70929466051416
1517 510 20 232.25396825396825 157.05215419501135 111.15192743764173
1443 509 36 231.67303889255106 175.7811470006592 123.55306526038233
1080 503 39 195.2419842710224 127.46521476104054 96.15366001209922
1577 499 31 232.25863596102747 157.88219663418954 111.25597874224978
937 496 34 196.81384248210026 128.96101829753383 97.29116945107398
1009 494 23 233.65742251223492 158.78140293637847 111.43556280587276
780 488 24 195.81239804241437 127.82871125611746 97.22022838499184
1392 482 14 196.46192893401013 129.63451776649745 99.14213197969542
1342 480 25 229.62764456981665 173.6488011283498 122.29196050775741
646 480 33 194.69769291964997 126.53778838504375 96.74224343675418
1261 470 12 198.83892617449663 133.3288590604027 102.36912751677852
1186 470 52 232.90736421192938 158.14095301566144 110.82872375874709
885 470 12 231.57718120805367 176.78523489932886 125.73825503355704
1293 460 12 229.73154362416108 174.74496644295303 124.36912751677852
1496 452 32 193.20637732506643 125.9052258635961 96.06908768821967
1792 450 29 195.70144284128747 128.32963374028856 97.74694783573807
1649 449 40 229.8812046848857 174.01896263245956 123.02063580591188
1029 450 13 231.08629441624365 175.86294416243655 124.97969543147207
721 445 37 232.29663810151612 157.50428477257745 110.94924192485168
840 442 31 231.15943312666076 174.52701505757307 122.79273693534101
1318 438 13 232.59898477157358 159.9492385786802 113.75634517766497
783 436 17 231.29337539432177 174.5552050473186 123.64668769716089
1348 434 12 230.93288590604027 177.0201342281879 126.08053691275167
1102 430 26 231.67628607277288 157.03513174404014 110.5621079046424
912 429 26 231.9410288582183 157.66750313676286 111.11794228356335
977 428 32 231.0265721877768 174.3525243578388 122.45969884853854
1567 426 31 193.44375553587247 125.60318866253321 95.64216120460586
1259 424 26 231.14052697616057 175.17440401505644 123.31367628607276
1413 423 39 230.4053236539625 155.7791893526921 109.83847549909257
1731 420 32 230.68556244464128 156.77059344552703 110.34986713906112
1185 414 8 227.49382716049382 172.50617283950615 126.20987654320987
1184 403 11 217.21476510067114 166.5503355704698 119.12751677852349
1043 403 28 195.39178690344062 127.81687014428414 97.37846836847947
761 396 17 194.12933753943216 127.84858044164038 98.68454258675078
1528 392 10 229.9646017699115 176.06194690265485 126.64601769911505
937 390 14 194.7005076142132 127.99492385786802 98.52791878172589
1683 386 17 228.7981072555205 173.01577287066246 123.42586750788644
1483 385 29 231.2586015538291 156.68590455049946 110.37735849056604
809 383 22 194.3062381852552 127.42722117202268 97.98109640831758
1569 378 9 229.92592592592592 177.39506172839506 128.7037037037037
1272 378 12 230.48993288590603 175.81879194630872 125.90604026845638
1140 378 32 230.80690876882198 174.01417183348096 122.58281665190434
1333 376 35 194.9446467589221 126.82884195193009 96.32192279679535
1623 364 37 193.3256427158866 125.43704680290045 95.47198417930124
880 361 43 231.88118811881188 156.84582743988685 110.27581329561528
1216 360 37 194.01384311140407 126.30125247198417 96.08239947264337
1082 355 24 232.43556280587276 157.3458401305057 110.77650897226754
1483 335 10 230.1150442477876 177.31858407079645 128.5486725663717
1539 333 37 229.7785102175346 173.3441001977587 122.64864864864865
1279 332 21 231.4820415879017 175.20037807183365 123.37429111531192
986 332 53 230.8071050171393 174.4883141165472 122.49984418822062
1413 320 51 191.164611796068 123.83172275908031 94.39586804398535
1143 315 24 232.89233278955956 157.67699836867862 111.12234910277326
1194 309 13 195.5685279187817 129.83756345177665 100.40101522842639
1487 298 15 229.73122529644266 174.2173913043478 123.77470355731225
1327 291 30 191.398414271556 124.41526263627354 95.17443012884043
1077 289 33 191.9562450278441 124.99443118536198 95.34128878281624
1250 272 37 231.49967040210942 156.2050098879367 109.95583388266314
1177 269 22 230.70888468809073 174.6975425330813 123.35916824196597
1133 269 13 230.1218274111675 174.59898477157358 124.57868020304568
